DDate,AmcName,YardName,CommName,Arrivals,Minimum,Maximum,Model
2025-03-01 00:00:00+05:30,Gaddiannaram,Gaddiannaram,Mango,339.0,3300.0,19400.0,4400.0
2025-03-01 00:00:00+05:30,Gaddiannaram,L.B Nagar,Cabbage,104.0,500.0,1000.0,700.0
2025-03-01 00:00:00+05:30,Bowenpally,Bowenpally,Onions,659.0,800.0,3200.0,2200.0
2025-03-01 00:00:00+05:30,Hyderabad,Madannapeta,Cabbage,30.0,900.0,900.0,900.0
2025-03-01 00:00:00+05:30,Hyderabad,Mahabubmansion,Chillies(Dry),304.0,10000.0,13500.0,11000.0
2025-03-01 00:00:00+05:30,Hyderabad,Meeralamandi,Cabbage,5.0,1000.0,1000.0,1000.0
2025-03-01 00:00:00+05:30,Thirumalagiri,Tirmalagiri,Paddy,53.0,1769.0,1969.0,1869.0
2025-03-01 00:00:00+05:30,Narsingi,Babbuguda,Cattle(All),60.0,5000.0,20000.0,15000.0
2025-03-01 00:00:00+05:30,Suryapet,Suryapet,Paddy,35.0,2219.0,2313.0,2313.0
2025-03-01 00:00:00+05:30,Gudimalkapur,Gudumalkapur,Onions,1538.0,800.0,3000.0,2000.0
2025-03-02 00:00:00+05:30,Gaddiannaram,L.B Nagar,Cabbage,90.0,500.0,1000.0,700.0
2025-03-02 00:00:00+05:30,Bowenpally,Bowenpally,Onions,781.0,1500.0,3200.0,2500.0
2025-03-02 00:00:00+05:30,Hyderabad,Madannapeta,Cabbage,30.0,600.0,1200.0,800.0
2025-03-02 00:00:00+05:30,Gaddiannaram,Gaddiannaram,Mango,64.0,2750.0,16650.0,4400.0
2025-03-02 00:00:00+05:30,Hyderabad,Meeralamandi,Cabbage,7.0,1000.0,1000.0,1000.0
2025-03-02 00:00:00+05:30,Narsingi,Babbuguda,Cattle(All),148.0,20000.0,50000.0,15000.0
2025-03-02 00:00:00+05:30,Gudimalkapur,Gudumalkapur,Onions,2060.0,500.0,3000.0,2000.0
2025-03-03 00:00:00+05:30,Gaddiannaram,Gaddiannaram,Mango,926.0,2750.0,17750.0,4400.0
2025-03-03 00:00:00+05:30,Bowenpally,Bowenpally,Onions,589.0,800.0,3000.0,2200.0
2025-03-03 00:00:00+05:30,Gaddiannaram,L.B Nagar,Cabbage,90.0,500.0,1000.0,700.0
2025-03-03 00:00:00+05:30,Hyderabad,Mahabubmansion,Chillies(Dry),760.0,10000.0,13800.0,11000.0
2025-03-03 00:00:00+05:30,Hyderabad,Madannapeta,Cabbage,28.0,600.0,1200.0,1000.0
2025-03-03 00:00:00+05:30,Hyderabad,Meeralamandi,Cabbage,7.0,1000.0,1000.0,1000.0
2025-03-03 00:00:00+05:30,Thirumalagiri,Tirmalagiri,Paddy,76.0,1869.0,2219.0,2219.0
2025-03-03 00:00:00+05:30,Suryapet,Suryapet,Paddy,72.0,1649.0,2323.0,2308.0
2025-03-03 00:00:00+05:30,Gudimalkapur,Gudumalkapur,Onions,537.0,1000.0,3200.0,2000.0
2025-03-04 00:00:00+05:30,Gaddiannaram,Gaddiannaram,Mango,591.0,2750.0,16650.0,4400.0
2025-03-04 00:00:00+05:30,Gaddiannaram,L.B Nagar,Cabbage,118.0,500.0,1000.0,700.0
2025-03-04 00:00:00+05:30,Bowenpally,Bowenpally,Onions,1580.0,800.0,3000.0,2200.0
2025-03-04 00:00:00+05:30,Hyderabad,Mahabubmansion,Chillies(Dry),440.0,10000.0,13600.0,11000.0
2025-03-04 00:00:00+05:30,Hyderabad,Madannapeta,Cabbage,35.0,600.0,1200.0,800.0
2025-03-04 00:00:00+05:30,Hyderabad,Meeralamandi,Cabbage,6.0,800.0,1000.0,900.0
2025-03-04 00:00:00+05:30,Suryapet,Suryapet,Paddy,75.0,1736.0,2373.0,1736.0
2025-03-04 00:00:00+05:30,Gudimalkapur,Gudumalkapur,Onions,2473.0,600.0,3200.0,2000.0
2025-03-04 00:00:00+05:30,Kollapur,Kollapur,Paddy,100.0,3000.0,3000.0,3000.0
2025-03-05 00:00:00+05:30,Gaddiannaram,Gaddiannaram,Mango,341.0,2750.0,18850.0,4400.0
2025-03-05 00:00:00+05:30,Gaddiannaram,L.B Nagar,Cabbage,115.0,500.0,1000.0,700.0
2025-03-05 00:00:00+05:30,Bowenpally,Bowenpally,Onions,631.0,800.0,3000.0,2400.0
2025-03-05 00:00:00+05:30,Hyderabad,Mahabubmansion,Chillies(Dry),640.0,10000.0,14000.0,11000.0
2025-03-05 00:00:00+05:30,Hyderabad,Madannapeta,Cabbage,30.0,600.0,1200.0,800.0
2025-03-05 00:00:00+05:30,Hyderabad,Meeralamandi,Cabbage,5.0,1000.0,1000.0,1000.0
2025-03-05 00:00:00+05:30,Suryapet,Suryapet,Paddy,33.0,1869.0,2263.0,2263.0
2025-03-05 00:00:00+05:30,Gudimalkapur,Gudumalkapur,Onions,1743.0,500.0,3200.0,2000.0
2025-03-05 00:00:00+05:30,Kollapur,Kollapur,Paddy,100.0,2320.0,2320.0,2320.0
2025-03-06 00:00:00+05:30,Gaddiannaram,Gaddiannaram,Mango,526.0,2750.0,19400.0,4400.0
2025-03-06 00:00:00+05:30,Bowenpally,Bowenpally,Onions,1285.0,1000.0,3000.0,2200.0
2025-03-06 00:00:00+05:30,Gaddiannaram,L.B Nagar,Cabbage,103.0,500.0,1000.0,700.0
2025-03-06 00:00:00+05:30,Hyderabad,Mahabubmansion,Chillies(Dry),400.0,10000.0,13600.0,11000.0
2025-03-06 00:00:00+05:30,Hyderabad,Madannapeta,Cabbage,30.0,600.0,1200.0,800.0
2025-03-06 00:00:00+05:30,Hyderabad,Meeralamandi,Cabbage,7.0,1000.0,1200.0,1100.0
2025-03-06 00:00:00+05:30,Thirumalagiri,Tirmalagiri,Paddy,10.0,1804.0,1804.0,1804.0
2025-03-06 00:00:00+05:30,Suryapet,Suryapet,Paddy,80.0,2223.0,2302.0,2223.0
2025-03-06 00:00:00+05:30,Gudimalkapur,Gudumalkapur,Onions,2385.0,500.0,3000.0,1800.0
2025-03-06 00:00:00+05:30,Kollapur,Kollapur,Paddy,125.0,2320.0,2320.0,2320.0
2025-03-07 00:00:00+05:30,Gaddiannaram,Gaddiannaram,Mango,785.0,3050.0,22200.0,8300.0
2025-03-07 00:00:00+05:30,Gaddiannaram,L.B Nagar,Cabbage,78.0,500.0,1000.0,700.0
2025-03-07 00:00:00+05:30,Bowenpally,Bowenpally,Onions,810.0,800.0,3000.0,2400.0
2025-03-07 00:00:00+05:30,Hyderabad,Madannapeta,Cabbage,20.0,600.0,1200.0,900.0
2025-03-07 00:00:00+05:30,Hyderabad,Mahabubmansion,Chillies(Dry),811.0,1000.0,13600.0,11000.0
2025-03-07 00:00:00+05:30,Hyderabad,Meeralamandi,Cabbage,4.0,1000.0,1200.0,1100.0
2025-03-07 00:00:00+05:30,Thirumalagiri,Tirmalagiri,Paddy,6.0,1909.0,1909.0,1909.0
2025-03-07 00:00:00+05:30,Gudimalkapur,Gudumalkapur,Onions,1451.0,500.0,3200.0,2000.0
2025-03-08 00:00:00+05:30,Gaddiannaram,Gaddiannaram,Mango,541.0,2750.0,18850.0,4400.0
2025-03-08 00:00:00+05:30,Gaddiannaram,L.B Nagar,Cabbage,91.0,500.0,1000.0,700.0
2025-03-08 00:00:00+05:30,Bowenpally,Bowenpally,Onions,525.0,1000.0,3000.0,2200.0
2025-03-08 00:00:00+05:30,Hyderabad,Mahabubmansion,Chillies(Dry),455.0,10000.0,12900.0,11000.0
2025-03-08 00:00:00+05:30,Hyderabad,Madannapeta,Cabbage,35.0,600.0,1200.0,800.0
2025-03-08 00:00:00+05:30,Hyderabad,Meeralamandi,Cabbage,5.0,800.0,1000.0,900.0
2025-03-08 00:00:00+05:30,Thirumalagiri,Tirmalagiri,Paddy,19.0,1809.0,1809.0,1809.0
2025-03-08 00:00:00+05:30,Suryapet,Suryapet,Paddy,79.0,2053.0,2382.0,2053.0
2025-03-08 00:00:00+05:30,Gudimalkapur,Gudumalkapur,Onions,1691.0,500.0,3000.0,1800.0
2025-03-09 00:00:00+05:30,Gaddiannaram,Gaddiannaram,Mango,92.0,2500.0,10000.0,5550.0
2025-03-09 00:00:00+05:30,Gaddiannaram,L.B Nagar,Cabbage,70.0,500.0,1000.0,700.0
2025-03-09 00:00:00+05:30,Bowenpally,Bowenpally,Onions,1416.0,800.0,3000.0,2400.0
2025-03-09 00:00:00+05:30,Hyderabad,Madannapeta,Cabbage,35.0,600.0,1200.0,800.0
2025-03-09 00:00:00+05:30,Narsingi,Babbuguda,Cattle(All),278.0,20000.0,50000.0,40000.0
2025-03-09 00:00:00+05:30,Gudimalkapur,Gudumalkapur,Onions,2369.0,600.0,2800.0,1800.0
2025-03-09 00:00:00+05:30,Kollapur,Kollapur,Paddy,125.0,2300.0,2300.0,2300.0
2025-03-10 00:00:00+05:30,Gaddiannaram,Gaddiannaram,Mango,1246.0,1350.0,20550.0,3300.0
2025-03-10 00:00:00+05:30,Gaddiannaram,L.B Nagar,Cabbage,81.0,500.0,800.0,700.0
2025-03-10 00:00:00+05:30,Bowenpally,Bowenpally,Onions,641.0,800.0,3000.0,2400.0
2025-03-10 00:00:00+05:30,Hyderabad,Madannapeta,Cabbage,40.0,800.0,1200.0,1000.0
2025-03-10 00:00:00+05:30,Hyderabad,Mahabubmansion,Chillies(Dry),478.0,10000.0,13400.0,11000.0
2025-03-10 00:00:00+05:30,Hyderabad,Meeralamandi,Cabbage,7.0,800.0,1000.0,900.0
2025-03-10 00:00:00+05:30,Thirumalagiri,Tirmalagiri,Paddy,170.0,1839.0,2039.0,1989.0
2025-03-10 00:00:00+05:30,Luxettipet,Luxettipet,Paddy,400.0,2500.0,2500.0,2500.0
2025-03-10 00:00:00+05:30,Suryapet,Suryapet,Paddy,71.0,1876.0,2408.0,2226.0
2025-03-10 00:00:00+05:30,Gudimalkapur,Gudumalkapur,Onions,750.0,1000.0,2500.0,1700.0
2025-03-10 00:00:00+05:30,Kollapur,Kollapur,Paddy,125.0,2300.0,2300.0,2300.0
2025-03-11 00:00:00+05:30,Gaddiannaram,Gaddiannaram,Mango,699.0,2750.0,18850.0,3850.0
2025-03-11 00:00:00+05:30,Bowenpally,Bowenpally,Onions,319.0,800.0,2500.0,2000.0
2025-03-11 00:00:00+05:30,Gaddiannaram,L.B Nagar,Cabbage,105.0,500.0,1000.0,700.0
2025-03-11 00:00:00+05:30,Hyderabad,Madannapeta,Cabbage,55.0,600.0,1200.0,900.0
2025-03-11 00:00:00+05:30,Hyderabad,Mahabubmansion,Chillies(Dry),480.0,9000.0,13000.0,11000.0
2025-03-11 00:00:00+05:30,Hyderabad,Meeralamandi,Cabbage,5.0,1000.0,1200.0,1100.0
2025-03-11 00:00:00+05:30,Thirumalagiri,Tirmalagiri,Paddy,96.0,1860.0,1860.0,1860.0
2025-03-11 00:00:00+05:30,Suryapet,Suryapet,Paddy,277.0,1856.0,2356.0,2036.0
2025-03-11 00:00:00+05:30,Gudimalkapur,Gudumalkapur,Onions,3062.0,700.0,3000.0,1800.0
2025-03-11 00:00:00+05:30,Kollapur,Kollapur,Paddy,120.0,2300.0,2300.0,2300.0
2025-03-12 00:00:00+05:30,Gaddiannaram,Gaddiannaram,Mango,913.0,2750.0,19400.0,3850.0
2025-03-12 00:00:00+05:30,Bowenpally,Bowenpally,Onions,816.0,800.0,2000.0,1600.0
2025-03-12 00:00:00+05:30,Gaddiannaram,L.B Nagar,Cabbage,105.0,500.0,1000.0,700.0
2025-03-12 00:00:00+05:30,Hyderabad,Madannapeta,Cabbage,35.0,800.0,1200.0,1000.0
2025-03-12 00:00:00+05:30,Hyderabad,Mahabubmansion,Chillies(Dry),604.0,9000.0,13200.0,11000.0
2025-03-12 00:00:00+05:30,Hyderabad,Meeralamandi,Cabbage,4.0,1000.0,1200.0,1100.0
2025-03-12 00:00:00+05:30,Thirumalagiri,Tirmalagiri,Paddy,51.0,1849.0,1849.0,1849.0
2025-03-12 00:00:00+05:30,Suryapet,Suryapet,Paddy,68.0,2129.0,2253.0,2223.0
2025-03-12 00:00:00+05:30,Gudimalkapur,Gudumalkapur,Onions,1986.0,500.0,2000.0,1400.0
2025-03-12 00:00:00+05:30,Kollapur,Kollapur,Paddy,100.0,2300.0,2300.0,2300.0
2025-03-13 00:00:00+05:30,Gaddiannaram,Gaddiannaram,Mango,850.0,2750.0,19400.0,3850.0
2025-03-13 00:00:00+05:30,Gaddiannaram,L.B Nagar,Cabbage,80.0,500.0,1000.0,700.0
2025-03-13 00:00:00+05:30,Bowenpally,Bowenpally,Onions,1398.0,800.0,2000.0,1700.0
2025-03-13 00:00:00+05:30,Hyderabad,Madannapeta,Cabbage,25.0,600.0,1200.0,800.0
2025-03-13 00:00:00+05:30,Hyderabad,Meeralamandi,Cabbage,10.0,800.0,1200.0,1000.0
2025-03-13 00:00:00+05:30,Thirumalagiri,Tirmalagiri,Paddy,193.0,2059.0,2169.0,2139.0
2025-03-13 00:00:00+05:30,Suryapet,Suryapet,Paddy,101.0,1929.0,1956.0,1956.0
2025-03-13 00:00:00+05:30,Gudimalkapur,Gudumalkapur,Onions,2671.0,500.0,2000.0,1400.0
2025-03-13 00:00:00+05:30,Kollapur,Kollapur,Paddy,100.0,2300.0,2300.0,2300.0
2025-03-14 00:00:00+05:30,Gaddiannaram,Gaddiannaram,Mango,364.0,2750.0,20800.0,3850.0
2025-03-14 00:00:00+05:30,Gaddiannaram,L.B Nagar,Cabbage,56.0,500.0,1000.0,700.0
2025-03-14 00:00:00+05:30,Bowenpally,Bowenpally,Onions,461.0,800.0,1800.0,1500.0
2025-03-14 00:00:00+05:30,Hyderabad,Madannapeta,Cabbage,35.0,800.0,1200.0,1000.0
2025-03-14 00:00:00+05:30,Gudimalkapur,Gudumalkapur,Onions,1186.0,500.0,2100.0,1400.0
2025-03-14 00:00:00+05:30,Kollapur,Kollapur,Paddy,150.0,2500.0,2500.0,2500.0
2025-03-15 00:00:00+05:30,Gaddiannaram,Gaddiannaram,Mango,2381.0,2750.0,18850.0,4400.0
2025-03-15 00:00:00+05:30,Gaddiannaram,L.B Nagar,Cabbage,89.0,500.0,1000.0,700.0
2025-03-15 00:00:00+05:30,Bowenpally,Bowenpally,Onions,239.0,1000.0,2000.0,1800.0
2025-03-15 00:00:00+05:30,Hyderabad,Madannapeta,Cabbage,40.0,800.0,1200.0,1000.0
2025-03-15 00:00:00+05:30,Hyderabad,Meeralamandi,Cabbage,7.0,1000.0,1200.0,1100.0
2025-03-15 00:00:00+05:30,Thirumalagiri,Tirmalagiri,Paddy,237.0,1936.0,2074.0,2039.0
2025-03-15 00:00:00+05:30,Narsingi,Babbuguda,Cattle(All),46.0,15000.0,5000.0,20000.0
2025-03-15 00:00:00+05:30,Suryapet,Suryapet,Paddy,19.0,2429.0,2429.0,2429.0
2025-03-15 00:00:00+05:30,Gudimalkapur,Gudumalkapur,Onions,1028.0,500.0,2200.0,1500.0
2025-03-15 00:00:00+05:30,Kollapur,Kollapur,Paddy,150.0,2500.0,2500.0,2500.0
2025-03-16 00:00:00+05:30,Gaddiannaram,L.B Nagar,Cabbage,57.0,500.0,1000.0,700.0
2025-03-16 00:00:00+05:30,Bowenpally,Bowenpally,Onions,964.0,1000.0,2000.0,1600.0
2025-03-16 00:00:00+05:30,Hyderabad,Madannapeta,Cabbage,40.0,600.0,1200.0,900.0
2025-03-16 00:00:00+05:30,Gaddiannaram,Gaddiannaram,Mango,260.0,2200.0,21100.0,3850.0
2025-03-16 00:00:00+05:30,Hyderabad,Meeralamandi,Cabbage,4.0,1200.0,1200.0,1200.0
2025-03-16 00:00:00+05:30,Narsingi,Babbuguda,Cattle(All),103.0,5000.0,50000.0,15000.0
2025-03-16 00:00:00+05:30,Gudimalkapur,Gudumalkapur,Onions,2451.0,500.0,3200.0,1500.0
2025-03-16 00:00:00+05:30,Kollapur,Kollapur,Paddy,100.0,2500.0,2500.0,2500.0
2025-03-17 00:00:00+05:30,Gaddiannaram,Gaddiannaram,Mango,2831.0,2200.0,18300.0,6650.0
2025-03-17 00:00:00+05:30,Gaddiannaram,L.B Nagar,Cabbage,106.0,500.0,800.0,650.0
2025-03-17 00:00:00+05:30,Bowenpally,Bowenpally,Onions,538.0,1000.0,2000.0,1600.0
2025-03-17 00:00:00+05:30,Hyderabad,Mahabubmansion,Chillies(Dry),720.0,7000.0,12900.0,10000.0
2025-03-17 00:00:00+05:30,Hyderabad,Madannapeta,Cabbage,30.0,800.0,1200.0,1000.0
2025-03-17 00:00:00+05:30,Hyderabad,Meeralamandi,Cabbage,3.0,1200.0,1200.0,1200.0
2025-03-17 00:00:00+05:30,Thirumalagiri,Tirmalagiri,Paddy,276.0,1880.0,2096.0,1984.0
2025-03-17 00:00:00+05:30,Suryapet,Suryapet,Paddy,247.0,1756.0,2283.0,2109.0
2025-03-17 00:00:00+05:30,Gudimalkapur,Gudumalkapur,Onions,1059.0,800.0,2200.0,1500.0
2025-03-17 00:00:00+05:30,Kollapur,Kollapur,Paddy,100.0,2500.0,2500.0,2500.0
2025-03-18 00:00:00+05:30,Gaddiannaram,Gaddiannaram,Mango,1795.0,2750.0,15550.0,5550.0
2025-03-18 00:00:00+05:30,Gaddiannaram,L.B Nagar,Cabbage,115.0,500.0,800.0,600.0
2025-03-18 00:00:00+05:30,Bowenpally,Bowenpally,Onions,530.0,1000.0,2000.0,1700.0
2025-03-18 00:00:00+05:30,Hyderabad,Madannapeta,Cabbage,20.0,1000.0,1200.0,1100.0
2025-03-18 00:00:00+05:30,Hyderabad,Mahabubmansion,Chillies(Dry),264.0,7000.0,12500.0,10000.0
2025-03-18 00:00:00+05:30,Hyderabad,Meeralamandi,Cabbage,4.0,1000.0,1000.0,1000.0
2025-03-18 00:00:00+05:30,Thirumalagiri,Tirmalagiri,Paddy,528.0,1869.0,2119.0,2039.0
2025-03-18 00:00:00+05:30,Suryapet,Suryapet,Paddy,395.0,1719.0,2439.0,2161.0
2025-03-18 00:00:00+05:30,Gudimalkapur,Gudumalkapur,Onions,1899.0,500.0,2200.0,1500.0
2025-03-18 00:00:00+05:30,Kollapur,Kollapur,Paddy,150.0,2500.0,2500.0,2500.0
2025-03-19 00:00:00+05:30,Gaddiannaram,Gaddiannaram,Mango,3326.0,2500.0,13850.0,5550.0
2025-03-19 00:00:00+05:30,Bowenpally,Bowenpally,Onions,1131.0,1000.0,2500.0,2000.0
2025-03-19 00:00:00+05:30,Gaddiannaram,L.B Nagar,Cabbage,95.0,500.0,800.0,600.0
2025-03-19 00:00:00+05:30,Hyderabad,Madannapeta,Cabbage,20.0,1000.0,1200.0,1100.0
2025-03-19 00:00:00+05:30,Hyderabad,Mahabubmansion,Chillies(Dry),400.0,7000.0,12800.0,10000.0
2025-03-19 00:00:00+05:30,Hyderabad,Meeralamandi,Cabbage,6.0,1000.0,1200.0,1100.0
2025-03-19 00:00:00+05:30,Thirumalagiri,Tirmalagiri,Paddy,464.0,1829.0,2089.0,1959.0
2025-03-19 00:00:00+05:30,Suryapet,Suryapet,Paddy,162.0,1835.0,2309.0,2176.0
2025-03-19 00:00:00+05:30,Gudimalkapur,Gudumalkapur,Onions,2066.0,500.0,2100.0,1500.0
2025-03-19 00:00:00+05:30,Kollapur,Kollapur,Paddy,150.0,2500.0,2500.0,2500.0
2025-03-20 00:00:00+05:30,Gaddiannaram,Gaddiannaram,Mango,2936.0,2200.0,13850.0,5550.0
2025-03-20 00:00:00+05:30,Bowenpally,Bowenpally,Onions,755.0,800.0,2400.0,2000.0
2025-03-20 00:00:00+05:30,Gaddiannaram,L.B Nagar,Cabbage,92.0,400.0,600.0,500.0
2025-03-20 00:00:00+05:30,Hyderabad,Mahabubmansion,Chillies(Dry),372.0,7000.0,11000.0,9000.0
2025-03-20 00:00:00+05:30,Hyderabad,Madannapeta,Cabbage,25.0,600.0,1200.0,900.0
2025-03-20 00:00:00+05:30,Hyderabad,Meeralamandi,Cabbage,3.0,1200.0,1200.0,1200.0
2025-03-20 00:00:00+05:30,Thirumalagiri,Tirmalagiri,Paddy,192.0,1997.0,2103.0,2083.0
2025-03-20 00:00:00+05:30,Suryapet,Suryapet,Paddy,318.0,2009.0,2319.0,2211.0
2025-03-20 00:00:00+05:30,Gudimalkapur,Gudumalkapur,Onions,650.0,800.0,2400.0,1500.0
2025-03-20 00:00:00+05:30,Kollapur,Kollapur,Paddy,100.0,2500.0,2500.0,2500.0
2025-03-21 00:00:00+05:30,Gaddiannaram,Gaddiannaram,Mango,7481.0,2200.0,17750.0,5550.0
2025-03-21 00:00:00+05:30,Gaddiannaram,L.B Nagar,Cabbage,93.0,500.0,800.0,600.0
2025-03-21 00:00:00+05:30,Bowenpally,Bowenpally,Onions,935.0,800.0,2000.0,1600.0
2025-03-21 00:00:00+05:30,Hyderabad,Mahabubmansion,Chillies(Dry),532.0,7000.0,11000.0,9000.0
2025-03-21 00:00:00+05:30,Hyderabad,Madannapeta,Cabbage,25.0,600.0,1200.0,900.0
2025-03-21 00:00:00+05:30,Hyderabad,Meeralamandi,Cabbage,5.0,800.0,1000.0,900.0
2025-03-21 00:00:00+05:30,Thirumalagiri,Tirmalagiri,Paddy,646.0,1969.0,2109.0,2059.0
2025-03-21 00:00:00+05:30,Suryapet,Suryapet,Paddy,790.0,1619.0,2251.0,2244.0
2025-03-21 00:00:00+05:30,Gudimalkapur,Gudumalkapur,Onions,2173.0,600.0,2100.0,1800.0
2025-03-22 00:00:00+05:30,Gaddiannaram,Gaddiannaram,Mango,4837.0,2200.0,17200.0,5000.0
2025-03-22 00:00:00+05:30,Bowenpally,Bowenpally,Onions,1157.0,800.0,2000.0,1600.0
2025-03-22 00:00:00+05:30,Gaddiannaram,L.B Nagar,Cabbage,103.0,400.0,600.0,500.0
2025-03-22 00:00:00+05:30,Hyderabad,Madannapeta,Cabbage,35.0,600.0,1200.0,900.0
2025-03-22 00:00:00+05:30,Hyderabad,Meeralamandi,Cabbage,2.0,1000.0,1200.0,1100.0
2025-03-22 00:00:00+05:30,Thirumalagiri,Tirmalagiri,Paddy,556.0,1889.0,2069.0,1940.0
2025-03-22 00:00:00+05:30,Suryapet,Suryapet,Paddy,637.0,1709.0,2212.0,2162.0
2025-03-22 00:00:00+05:30,Gudimalkapur,Gudumalkapur,Onions,1808.0,500.0,2000.0,1200.0
2025-03-23 00:00:00+05:30,Gaddiannaram,Gaddiannaram,Mango,3625.0,1650.0,13850.0,4400.0
2025-03-23 00:00:00+05:30,Gaddiannaram,L.B Nagar,Cabbage,105.0,400.0,600.0,500.0
2025-03-23 00:00:00+05:30,Bowenpally,Bowenpally,Onions,1363.0,1000.0,2000.0,1700.0
2025-03-23 00:00:00+05:30,Hyderabad,Madannapeta,Cabbage,35.0,600.0,1200.0,900.0
2025-03-23 00:00:00+05:30,Hyderabad,Meeralamandi,Cabbage,4.0,1000.0,1200.0,1100.0
2025-03-23 00:00:00+05:30,Narsingi,Babbuguda,Cattle(All),197.0,5000.0,50000.0,35000.0
2025-03-23 00:00:00+05:30,Vemulawada,Vemulawada,Paddy,99.0,2300.0,2320.0,2300.0
2025-03-23 00:00:00+05:30,Gudimalkapur,Gudumalkapur,Onions,2407.0,800.0,2100.0,1400.0
2025-03-24 00:00:00+05:30,Gaddiannaram,Gaddiannaram,Mango,2482.0,1650.0,11100.0,3850.0
2025-03-24 00:00:00+05:30,Gaddiannaram,L.B Nagar,Cabbage,76.0,400.0,600.0,500.0
2025-03-24 00:00:00+05:30,Bowenpally,Bowenpally,Onions,475.0,800.0,2000.0,1600.0
2025-03-24 00:00:00+05:30,Hyderabad,Mahabubmansion,Chillies(Dry),284.0,6000.0,10000.0,8000.0
2025-03-24 00:00:00+05:30,Hyderabad,Madannapeta,Cabbage,20.0,800.0,1200.0,1000.0
2025-03-24 00:00:00+05:30,Hyderabad,Meeralamandi,Cabbage,5.0,1000.0,1000.0,1000.0
2025-03-24 00:00:00+05:30,Thirumalagiri,Tirmalagiri,Paddy,1134.0,1880.0,2089.0,1939.0
2025-03-24 00:00:00+05:30,Suryapet,Suryapet,Paddy,1657.0,1511.0,2529.0,2020.0
2025-03-24 00:00:00+05:30,Gudimalkapur,Gudumalkapur,Onions,1367.0,400.0,2200.0,1400.0
2025-03-25 00:00:00+05:30,Gaddiannaram,Gaddiannaram,Mango,4691.0,1650.0,9400.0,4150.0
2025-03-25 00:00:00+05:30,Bowenpally,Bowenpally,Onions,400.0,800.0,2000.0,1600.0
2025-03-25 00:00:00+05:30,Gaddiannaram,L.B Nagar,Cabbage,106.0,400.0,600.0,500.0
2025-03-24 00:00:00+05:30,Devarakadra,Devarakadra,Paddy,6.0,1941.0,1941.0,1941.0
2025-03-25 00:00:00+05:30,Hyderabad,Mahabubmansion,Chillies(Dry),330.0,6000.0,10000.0,8000.0
2025-03-25 00:00:00+05:30,Hyderabad,Madannapeta,Cabbage,25.0,600.0,1200.0,900.0
2025-03-25 00:00:00+05:30,Hyderabad,Meeralamandi,Cabbage,6.0,1000.0,1200.0,1100.0
2025-03-25 00:00:00+05:30,Thirumalagiri,Tirmalagiri,Paddy,469.0,1889.0,2059.0,2009.0
2025-03-25 00:00:00+05:30,Tandur,Tandur,Paddy,26.0,2205.0,2493.0,2205.0
2025-03-25 00:00:00+05:30,Suryapet,Suryapet,Paddy,2580.0,1716.0,2309.0,2039.0
2025-03-25 00:00:00+05:30,Gudimalkapur,Gudumalkapur,Onions,1339.0,500.0,2200.0,1500.0
2025-03-26 00:00:00+05:30,Gaddiannaram,Gaddiannaram,Mango,2582.0,1350.0,11100.0,3300.0
2025-03-26 00:00:00+05:30,Gaddiannaram,L.B Nagar,Cabbage,80.0,400.0,600.0,500.0
2025-03-26 00:00:00+05:30,Bowenpally,Bowenpally,Onions,1038.0,600.0,2000.0,1500.0
2025-03-26 00:00:00+05:30,Hyderabad,Mahabubmansion,Chillies(Dry),260.0,6000.0,10500.0,8000.0
2025-03-26 00:00:00+05:30,Hyderabad,Madannapeta,Cabbage,50.0,600.0,1200.0,800.0
2025-03-26 00:00:00+05:30,Hyderabad,Meeralamandi,Cabbage,5.0,1000.0,1000.0,1000.0
2025-03-26 00:00:00+05:30,Thirumalagiri,Tirmalagiri,Paddy,603.0,1889.0,2089.0,1689.0
2025-03-26 00:00:00+05:30,Suryapet,Suryapet,Paddy,1691.0,1659.0,2082.0,2062.0
2025-03-26 00:00:00+05:30,Gudimalkapur,Gudumalkapur,Onions,1215.0,500.0,2100.0,1400.0
2025-03-27 00:00:00+05:30,Gaddiannaram,Gaddiannaram,Mango,2357.0,1650.0,7750.0,3050.0
2025-03-27 00:00:00+05:30,Gaddiannaram,L.B Nagar,Cabbage,73.0,500.0,800.0,600.0
2025-03-27 00:00:00+05:30,Bowenpally,Bowenpally,Onions,1035.0,600.0,2000.0,1500.0
2025-03-27 00:00:00+05:30,Hyderabad,Mahabubmansion,Chillies(Dry),340.0,7000.0,12000.0,8000.0
2025-03-27 00:00:00+05:30,Hyderabad,Madannapeta,Cabbage,30.0,600.0,1200.0,900.0
2025-03-27 00:00:00+05:30,Hyderabad,Meeralamandi,Cabbage,5.0,1000.0,1200.0,1100.0
2025-03-27 00:00:00+05:30,Thirumalagiri,Tirmalagiri,Paddy,1268.0,1802.0,2053.0,1949.0
2025-03-27 00:00:00+05:30,Gudimalkapur,Gudumalkapur,Onions,2010.0,500.0,2000.0,1400.0
2025-03-28 00:00:00+05:30,Gaddiannaram,Gaddiannaram,Mango,1817.0,1900.0,8850.0,3600.0
2025-03-28 00:00:00+05:30,Gaddiannaram,L.B Nagar,Cabbage,66.0,400.0,800.0,600.0
2025-03-28 00:00:00+05:30,Bowenpally,Bowenpally,Onions,807.0,800.0,2000.0,1600.0
2025-03-28 00:00:00+05:30,Hyderabad,Madannapeta,Cabbage,25.0,600.0,1200.0,800.0
2025-03-28 00:00:00+05:30,Hyderabad,Meeralamandi,Cabbage,4.0,1000.0,1200.0,1100.0
2025-03-28 00:00:00+05:30,Thirumalagiri,Tirmalagiri,Paddy,1747.0,1839.0,2042.0,1939.0
2025-03-28 00:00:00+05:30,Suryapet,Suryapet,Paddy,791.0,1709.0,2253.0,2129.0
2025-03-28 00:00:00+05:30,Gudimalkapur,Gudumalkapur,Onions,1075.0,500.0,2200.0,1400.0
2025-03-29 00:00:00+05:30,Gaddiannaram,Gaddiannaram,Mango,5371.0,1650.0,8600.0,3850.0
2025-03-29 00:00:00+05:30,Bowenpally,Bowenpally,Onions,1002.0,1000.0,2000.0,1800.0
2025-03-29 00:00:00+05:30,Gaddiannaram,L.B Nagar,Cabbage,51.0,400.0,800.0,600.0
2025-03-29 00:00:00+05:30,Hyderabad,Madannapeta,Cabbage,20.0,800.0,1200.0,1000.0
2025-03-29 00:00:00+05:30,Hyderabad,Meeralamandi,Cabbage,3.0,1000.0,1200.0,1100.0
2025-03-29 00:00:00+05:30,Narsingi,Babbuguda,Cattle(All),51.0,5000.0,20000.0,15000.0
2025-03-28 00:00:00+05:30,Devarakadra,Devarakadra,Paddy,27.0,1709.0,1751.0,1730.0
2025-03-29 00:00:00+05:30,Gudimalkapur,Gudumalkapur,Onions,1737.0,500.0,2000.0,1400.0
2025-03-30 00:00:00+05:30,Narsingi,Babbuguda,Cattle(All),102.0,5000.0,50000.0,40000.0
2025-03-30 00:00:00+05:30,Gaddiannaram,Gaddiannaram,Mango,3120.0,2200.0,8850.0,3850.0
2025-03-31 00:00:00+05:30,Bowenpally,Bowenpally,Onions,588.0,1000.0,2200.0,1800.0
2025-03-31 00:00:00+05:30,Gaddiannaram,L.B Nagar,Cabbage,72.0,500.0,1000.0,700.0
2025-03-31 00:00:00+05:30,Hyderabad,Madannapeta,Cabbage,30.0,600.0,1200.0,900.0
2025-03-31 00:00:00+05:30,Gudimalkapur,Gudumalkapur,Onions,525.0,1000.0,2000.0,1500.0
2025-03-24 00:00:00+05:30,Gaddiannaram,L.B Nagar,Cauliflower,25.0,1000.0,2000.0,1500.0
2025-03-24 00:00:00+05:30,Gaddiannaram,Gaddiannaram,Mango,830.0,1650.0,6650.0,2200.0
2025-03-23 00:00:00+05:30,Gudimalkapur,Gudumalkapur,Cabbage,319.0,200.0,400.0,300.0
2025-03-23 00:00:00+05:30,Medipally,Midipally,Maize,450.0,2300.0,2300.0,2300.0
2025-03-23 00:00:00+05:30,Gajwel,Gajwel,Maize,15.0,2000.0,2200.0,2100.0
2025-03-23 00:00:00+05:30,Navabpet(MBNR),Navabpet,Paddy,6.0,2212.0,2212.0,2212.0
2025-03-23 00:00:00+05:30,Hyderabad,Meeralamandi,Cauliflower,11.0,1500.0,2000.0,1750.0
2025-03-22 00:00:00+05:30,Devarakadra,Devarakadra,Paddy,11.0,1962.0,1962.0,1962.0
2025-03-23 00:00:00+05:30,Hyderabad,Madannapeta,Cauliflower,14.0,1000.0,1500.0,1250.0
2025-03-23 00:00:00+05:30,Bowenpally,Bowenpally,Cabbage,607.0,300.0,600.0,500.0
2025-03-23 00:00:00+05:30,Gaddiannaram,L.B Nagar,Cauliflower,34.0,1000.0,2000.0,1500.0
2025-03-23 00:00:00+05:30,Gaddiannaram,Gaddiannaram,Mango,479.0,1350.0,6650.0,2200.0
2025-03-22 00:00:00+05:30,Gudimalkapur,Gudumalkapur,Cabbage,331.0,200.0,500.0,300.0
2025-03-22 00:00:00+05:30,Suryapet,Suryapet,Paddy,4032.0,1609.0,2078.0,2010.0
2025-03-22 00:00:00+05:30,Jangoan,Jangaon,Paddy,835.25,1851.0,1993.0,1921.0
2025-03-22 00:00:00+05:30,Gajwel,Gajwel,Maize,10.0,2000.0,2200.0,2100.0
2025-03-21 00:00:00+05:30,Devarakadra,Devarakadra,Paddy,13.0,1950.0,1950.0,1950.0
2025-03-22 00:00:00+05:30,Hyderabad,Meeralamandi,Cauliflower,5.0,1800.0,2000.0,1900.0
2025-03-22 00:00:00+05:30,Hyderabad,Madannapeta,Cauliflower,10.0,1000.0,1500.0,1250.0
2025-03-22 00:00:00+05:30,Gaddiannaram,L.B Nagar,Cauliflower,23.0,1500.0,2000.0,1700.0
2025-03-22 00:00:00+05:30,Bowenpally,Bowenpally,Cabbage,387.0,300.0,500.0,400.0
2025-03-22 00:00:00+05:30,Gaddiannaram,Gaddiannaram,Mango,774.0,1100.0,6350.0,2200.0
2025-03-21 00:00:00+05:30,Gudimalkapur,Gudumalkapur,Cabbage,269.0,300.0,500.0,400.0
2025-03-21 00:00:00+05:30,Suryapet,Suryapet,Paddy,2278.0,1706.0,2074.0,1969.0
2025-03-21 00:00:00+05:30,Medipally,Midipally,Maize,250.0,2300.0,2300.0,2300.0
2025-03-21 00:00:00+05:30,Jangoan,Jangaon,Paddy,722.8,1859.0,2019.0,1989.0
2025-03-21 00:00:00+05:30,Gajwel,Gajwel,Maize,5.0,2000.0,2300.0,2200.0
2025-03-21 00:00:00+05:30,Hyderabad,Meeralamandi,Cauliflower,6.0,1500.0,1500.0,1500.0
2025-03-21 00:00:00+05:30,Hyderabad,Madannapeta,Cauliflower,8.0,1000.0,2000.0,1500.0
2025-03-21 00:00:00+05:30,Hyderabad,Mahabubmansion,Chillies(Dry),411.0,8000.0,11000.0,10000.0
2025-03-21 00:00:00+05:30,Bowenpally,Bowenpally,Cabbage,904.0,200.0,500.0,400.0
2025-03-21 00:00:00+05:30,Gaddiannaram,L.B Nagar,Cauliflower,31.0,1000.0,2000.0,1500.0
2025-03-21 00:00:00+05:30,Gaddiannaram,Gaddiannaram,Mango,521.0,1100.0,6100.0,2750.0
2025-03-20 00:00:00+05:30,Gudimalkapur,Gudumalkapur,Cabbage,374.0,200.0,500.0,300.0
2025-03-20 00:00:00+05:30,Suryapet,Suryapet,Paddy,2171.0,1836.0,2069.0,2029.0
2025-03-20 00:00:00+05:30,Jagtial,Jagtial,Paddy,12.0,2359.0,2359.0,2359.0
2025-03-20 00:00:00+05:30,Medipally,Midipally,Maize,450.0,2300.0,2300.0,2300.0
2025-03-20 00:00:00+05:30,Jangoan,Jangaon,Paddy,800.8,1869.0,2051.0,1965.0
2025-03-20 00:00:00+05:30,Hyderabad,Meeralamandi,Cauliflower,5.0,1800.0,2000.0,1900.0
2025-03-20 00:00:00+05:30,Bhainsa,Bhainsa,Wheat,10.0,1867.0,2518.0,1867.0
2025-03-20 00:00:00+05:30,Hyderabad,Madannapeta,Cauliflower,14.0,1000.0,1500.0,1250.0
2025-03-20 00:00:00+05:30,Hyderabad,Mahabubmansion,Chillies(Dry),581.0,8000.0,11000.0,10000.0
2025-03-20 00:00:00+05:30,Gaddiannaram,L.B Nagar,Cauliflower,20.0,1000.0,2000.0,1500.0
2025-03-20 00:00:00+05:30,Bowenpally,Bowenpally,Cabbage,966.0,200.0,600.0,500.0
2025-03-20 00:00:00+05:30,Gaddiannaram,Gaddiannaram,Mango,362.0,1350.0,7200.0,2750.0
2025-03-19 00:00:00+05:30,Gudimalkapur,Gudumalkapur,Cabbage,407.0,200.0,400.0,300.0
2025-03-19 00:00:00+05:30,Suryapet,Suryapet,Paddy,2041.0,1426.0,2092.0,1939.0
2025-03-19 00:00:00+05:30,Medipally,Midipally,Maize,350.0,2300.0,2300.0,2300.0
2025-03-19 00:00:00+05:30,Jangoan,Jangaon,Paddy,308.75,1851.0,1951.0,1879.0
2025-03-19 00:00:00+05:30,Hyderabad,Meeralamandi,Cauliflower,3.0,1500.0,2000.0,1750.0
2025-03-19 00:00:00+05:30,Hyderabad,Mahabubmansion,Chillies(Dry),621.0,8000.0,11000.0,10000.0
2025-03-19 00:00:00+05:30,Hyderabad,Madannapeta,Cauliflower,14.0,1350.0,2000.0,1500.0
2025-03-19 00:00:00+05:30,Gaddiannaram,L.B Nagar,Cauliflower,26.0,1000.0,2000.0,1500.0
2025-03-19 00:00:00+05:30,Bowenpally,Bowenpally,Cabbage,1379.0,300.0,600.0,500.0
2025-03-19 00:00:00+05:30,Gaddiannaram,Gaddiannaram,Mango,496.0,2200.0,5550.0,3300.0
2025-03-18 00:00:00+05:30,Gudimalkapur,Gudumalkapur,Cabbage,399.0,200.0,500.0,300.0
2025-03-18 00:00:00+05:30,Medipally,Midipally,Maize,350.0,2300.0,2300.0,2300.0
2025-03-18 00:00:00+05:30,Jangoan,Jangaon,Paddy,341.25,1851.0,2033.0,1951.0
2025-03-18 00:00:00+05:30,Suryapet,Suryapet,Paddy,1817.0,1906.0,2146.0,2029.0
2025-03-17 00:00:00+05:30,Atmakur(WNP),Atmakur,Red Gram,4.0,7000.0,7000.0,7000.0
2025-03-18 00:00:00+05:30,Hyderabad,Meeralamandi,Cauliflower,7.0,2000.0,2500.0,2250.0
2025-03-18 00:00:00+05:30,Hyderabad,Mahabubmansion,Chillies(Dry),430.0,9000.0,12000.0,10000.0
2025-03-18 00:00:00+05:30,Hyderabad,Madannapeta,Cauliflower,12.0,1500.0,1500.0,1500.0
2025-03-18 00:00:00+05:30,Bowenpally,Bowenpally,Cabbage,975.0,400.0,500.0,470.0
2025-03-18 00:00:00+05:30,Gaddiannaram,L.B Nagar,Cauliflower,22.0,1000.0,2000.0,1500.0
2025-03-18 00:00:00+05:30,Gaddiannaram,Gaddiannaram,Mango,503.0,2500.0,7200.0,3300.0
2025-03-17 00:00:00+05:30,Gudimalkapur,Gudumalkapur,Cabbage,586.0,300.0,500.0,400.0
2025-03-17 00:00:00+05:30,Suryapet,Suryapet,Paddy,1326.0,1806.0,2139.0,2069.0
2025-03-17 00:00:00+05:30,Jagtial,Jagtial,Paddy,3.0,2301.0,2301.0,2301.0
2025-03-17 00:00:00+05:30,Medipally,Midipally,Maize,450.0,2300.0,2300.0,2300.0
2025-03-17 00:00:00+05:30,Jangoan,Jangaon,Paddy,578.5,1859.0,2059.0,1956.0
2025-03-17 00:00:00+05:30,Thirumalagiri,Tirmalagiri,Paddy,35.0,1935.0,1935.0,1935.0
2025-03-17 00:00:00+05:30,Hyderabad,Meeralamandi,Cauliflower,9.0,2000.0,2000.0,2000.0
2025-03-17 00:00:00+05:30,Hyderabad,Madannapeta,Cauliflower,14.0,1000.0,1500.0,1250.0
2025-03-17 00:00:00+05:30,Hyderabad,Mahabubmansion,Chillies(Dry),520.0,9000.0,11000.0,10000.0
2025-03-17 00:00:00+05:30,Bowenpally,Bowenpally,Cabbage,845.0,400.0,500.0,470.0
2025-03-17 00:00:00+05:30,Gaddiannaram,L.B Nagar,Cauliflower,37.0,1000.0,2000.0,1500.0
2025-03-17 00:00:00+05:30,Gaddiannaram,Gaddiannaram,Mango,598.0,2200.0,7200.0,3850.0
2025-03-16 00:00:00+05:30,Gudimalkapur,Gudumalkapur,Cabbage,350.0,200.0,600.0,500.0
2025-03-16 00:00:00+05:30,Medipally,Midipally,Maize,200.0,2300.0,2300.0,2300.0
2025-03-16 00:00:00+05:30,Hyderabad,Meeralamandi,Cauliflower,3.0,2500.0,2500.0,2500.0
2025-03-16 00:00:00+05:30,Gaddiannaram,Gaddiannaram,Mango,156.0,2200.0,4400.0,4150.0
2025-03-16 00:00:00+05:30,Hyderabad,Madannapeta,Cauliflower,5.0,1000.0,1000.0,1000.0
2025-03-16 00:00:00+05:30,Gaddiannaram,L.B Nagar,Cauliflower,26.0,1000.0,2000.0,1500.0
2025-03-15 00:00:00+05:30,Gudimalkapur,Gudumalkapur,Cabbage,384.0,200.0,500.0,400.0
2025-03-15 00:00:00+05:30,Bhainsa,Bhainsa,Wheat,6.68,2751.0,2751.0,2751.0
2025-03-15 00:00:00+05:30,Medipally,Midipally,Maize,200.0,2300.0,2300.0,2300.0
2025-03-15 00:00:00+05:30,Jangoan,Jangaon,Paddy,165.75,2002.0,2089.0,2029.0
2025-03-13 00:00:00+05:30,Atmakur(WNP),Atmakur,Red Gram,4.0,6800.0,6800.0,6800.0
2025-03-15 00:00:00+05:30,Hyderabad,Meeralamandi,Cauliflower,9.0,1500.0,2000.0,1750.0
2025-03-15 00:00:00+05:30,Hyderabad,Madannapeta,Cauliflower,45.0,1500.0,2000.0,1750.0
2025-03-15 00:00:00+05:30,Bowenpally,Bowenpally,Cabbage,849.0,300.0,500.0,450.0
2025-03-15 00:00:00+05:30,Gaddiannaram,L.B Nagar,Cauliflower,27.0,1000.0,2000.0,1500.0
2025-03-15 00:00:00+05:30,Gaddiannaram,Gaddiannaram,Mango,323.0,2200.0,5550.0,2750.0
2025-03-14 00:00:00+05:30,Gudimalkapur,Gudumalkapur,Cabbage,74.0,400.0,600.0,500.0
2025-03-14 00:00:00+05:30,Hyderabad,Madannapeta,Cauliflower,12.0,1500.0,1500.0,1500.0
2025-03-13 00:00:00+05:30,Medipally,Midipally,Maize,200.0,2300.0,2300.0,2300.0
2025-03-13 00:00:00+05:30,Jangoan,Jangaon,Paddy,237.25,1979.0,2109.0,2083.0
2025-03-14 00:00:00+05:30,Bowenpally,Bowenpally,Cabbage,627.0,200.0,500.0,400.0
2025-03-14 00:00:00+05:30,Gaddiannaram,L.B Nagar,Cauliflower,3.0,1000.0,2000.0,1500.0
2025-03-14 00:00:00+05:30,Gaddiannaram,Gaddiannaram,Mango,38.0,2750.0,5000.0,3600.0
2025-03-13 00:00:00+05:30,Gudimalkapur,Gudumalkapur,Cabbage,209.0,200.0,500.0,300.0
2025-03-13 00:00:00+05:30,Suryapet,Suryapet,Paddy,363.0,1906.0,2169.0,2129.0
2025-03-12 00:00:00+05:30,Atmakur(WNP),Atmakur,Red Gram,6.0,7000.0,7000.0,7000.0
2025-03-13 00:00:00+05:30,Hyderabad,Meeralamandi,Cauliflower,10.0,1200.0,1500.0,1350.0
2025-03-13 00:00:00+05:30,Hyderabad,Madannapeta,Cauliflower,8.0,1000.0,1000.0,1000.0
2025-03-13 00:00:00+05:30,Bowenpally,Bowenpally,Cabbage,851.0,200.0,500.0,400.0
2025-03-13 00:00:00+05:30,Gaddiannaram,L.B Nagar,Cauliflower,24.0,1000.0,2000.0,1500.0
2025-03-13 00:00:00+05:30,Gaddiannaram,Gaddiannaram,Mango,228.0,1100.0,5550.0,2200.0
2025-03-12 00:00:00+05:30,Gudimalkapur,Gudumalkapur,Cabbage,392.0,200.0,500.0,300.0
2025-03-12 00:00:00+05:30,Suryapet,Suryapet,Paddy,765.0,2029.0,2179.0,2169.0
2025-03-12 00:00:00+05:30,Medipally,Midipally,Maize,400.0,2300.0,2300.0,2300.0
2025-03-12 00:00:00+05:30,Jangoan,Jangaon,Paddy,126.75,1969.0,2026.0,1969.0
2025-03-12 00:00:00+05:30,Hyderabad,Mahabubmansion,Chillies(Dry),472.0,9000.0,11000.0,10000.0
2025-03-12 00:00:00+05:30,Hyderabad,Madannapeta,Cauliflower,14.0,1300.0,1500.0,1400.0
2025-03-12 00:00:00+05:30,Gaddiannaram,L.B Nagar,Cauliflower,18.0,1000.0,2000.0,1500.0
2025-03-12 00:00:00+05:30,Bowenpally,Bowenpally,Cabbage,1106.0,300.0,500.0,450.0
2025-03-12 00:00:00+05:30,Gaddiannaram,Gaddiannaram,Mango,212.0,2200.0,8300.0,3300.0
2025-03-11 00:00:00+05:30,Gudimalkapur,Gudumalkapur,Cabbage,388.0,200.0,500.0,300.0
2025-03-11 00:00:00+05:30,Suryapet,Suryapet,Paddy,493.0,1856.0,2139.0,2070.0
2025-03-11 00:00:00+05:30,Manthani,Manthani,Paddy,10.0,2320.0,2320.0,2320.0
2025-03-11 00:00:00+05:30,Medipally,Midipally,Maize,370.0,2300.0,2300.0,2300.0
2025-03-11 00:00:00+05:30,Jangoan,Jangaon,Paddy,71.5,1881.0,1941.0,1901.0
2025-03-11 00:00:00+05:30,Bhainsa,Bhainsa,Wheat,4.33,2777.0,2777.0,2777.0
2025-03-11 00:00:00+05:30,Hyderabad,Meeralamandi,Cauliflower,10.0,1500.0,2000.0,1750.0
2025-03-11 00:00:00+05:30,Hyderabad,Mahabubmansion,Chillies(Dry),309.0,9000.0,11000.0,10000.0
2025-03-11 00:00:00+05:30,Hyderabad,Madannapeta,Cauliflower,12.0,1500.0,2000.0,1750.0
2025-03-11 00:00:00+05:30,Gaddiannaram,L.B Nagar,Cauliflower,32.0,1000.0,2000.0,1500.0
2025-03-11 00:00:00+05:30,Bowenpally,Bowenpally,Cabbage,1082.0,200.0,500.0,400.0
2025-03-11 00:00:00+05:30,Gaddiannaram,Gaddiannaram,Mango,88.0,2200.0,6650.0,3300.0
2025-03-10 00:00:00+05:30,Gudimalkapur,Gudumalkapur,Cabbage,523.0,300.0,500.0,400.0
2025-03-10 00:00:00+05:30,Atmakur(WNP),Atmakur,Red Gram,22.0,7000.0,7100.0,7000.0
2025-03-10 00:00:00+05:30,Jagtial,Jagtial,Paddy,1.0,2000.0,2000.0,2000.0
2025-03-10 00:00:00+05:30,Medipally,Midipally,Maize,200.0,2300.0,2300.0,2300.0
2025-03-10 00:00:00+05:30,Jangoan,Jangaon,Paddy,217.75,1861.0,1985.0,1946.0
2025-03-10 00:00:00+05:30,Hyderabad,Meeralamandi,Cauliflower,14.0,1800.0,2000.0,1900.0
2025-03-10 00:00:00+05:30,Hyderabad,Mahabubmansion,Chillies(Dry),220.0,9000.0,11000.0,10000.0
2025-03-10 00:00:00+05:30,Hyderabad,Madannapeta,Cauliflower,12.0,1200.0,1800.0,1500.0
2025-03-10 00:00:00+05:30,Bowenpally,Bowenpally,Cabbage,1035.0,300.0,500.0,450.0
2025-03-10 00:00:00+05:30,Gaddiannaram,L.B Nagar,Cauliflower,19.0,1000.0,2000.0,1500.0
2025-03-10 00:00:00+05:30,Gaddiannaram,Gaddiannaram,Mango,107.0,2200.0,5250.0,2750.0
2025-03-09 00:00:00+05:30,Gudimalkapur,Gudumalkapur,Cabbage,553.0,300.0,500.0,400.0
2025-03-09 00:00:00+05:30,Medipally,Midipally,Maize,450.0,2300.0,2300.0,2300.0
2025-03-09 00:00:00+05:30,Hyderabad,Madannapeta,Cauliflower,13.0,1350.0,1350.0,1350.0
2025-03-09 00:00:00+05:30,Bowenpally,Bowenpally,Cabbage,1387.0,300.0,500.0,450.0
2025-03-09 00:00:00+05:30,Gaddiannaram,L.B Nagar,Cauliflower,37.0,1000.0,2000.0,1500.0
2025-03-08 00:00:00+05:30,Gudimalkapur,Gudumalkapur,Cabbage,473.0,300.0,500.0,400.0
2025-03-08 00:00:00+05:30,Suryapet,Suryapet,Paddy,198.0,1856.0,2142.0,2016.0
2025-03-08 00:00:00+05:30,Hyderabad,Meeralamandi,Cauliflower,13.0,1500.0,2000.0,1750.0
2025-03-08 00:00:00+05:30,Jagtial,Jagtial,Paddy,6.0,2455.0,2455.0,2455.0
2025-03-08 00:00:00+05:30,Medipally,Midipally,Maize,200.0,2300.0,2300.0,2300.0
2025-03-08 00:00:00+05:30,Hyderabad,Madannapeta,Cauliflower,14.0,1500.0,1500.0,1500.0
2025-03-08 00:00:00+05:30,Hyderabad,Mahabubmansion,Chillies(Dry),360.0,9000.0,11000.0,10000.0
2025-03-07 00:00:00+05:30,Narayanpet,Narayanpet,Paddy,3.0,2190.0,2190.0,2190.0
2025-03-07 00:00:00+05:30,Atmakur(WNP),Atmakur,Red Gram,26.0,7150.0,7200.0,7150.0
2025-03-08 00:00:00+05:30,Bowenpally,Bowenpally,Cabbage,775.0,200.0,500.0,400.0
2025-03-08 00:00:00+05:30,Gaddiannaram,L.B Nagar,Cauliflower,60.0,1000.0,2000.0,1500.0
2025-03-08 00:00:00+05:30,Gaddiannaram,Gaddiannaram,Mango,93.0,2750.0,7200.0,3300.0
2025-03-07 00:00:00+05:30,Gudimalkapur,Gudumalkapur,Cabbage,209.0,300.0,500.0,400.0
2025-03-07 00:00:00+05:30,Medipally,Midipally,Maize,200.0,2300.0,2300.0,2300.0
2025-03-07 00:00:00+05:30,Hyderabad,Meeralamandi,Cauliflower,6.0,2000.0,2000.0,2000.0
2025-03-07 00:00:00+05:30,Hyderabad,Mahabubmansion,Chillies(Dry),468.0,9000.0,11000.0,10000.0
2025-03-07 00:00:00+05:30,Hyderabad,Madannapeta,Cauliflower,6.0,1000.0,1000.0,1000.0
2025-03-07 00:00:00+05:30,Bowenpally,Bowenpally,Cabbage,835.0,300.0,500.0,450.0
2025-03-07 00:00:00+05:30,Gaddiannaram,L.B Nagar,Cauliflower,33.0,1000.0,2000.0,1500.0
2025-03-07 00:00:00+05:30,Gaddiannaram,Gaddiannaram,Mango,80.0,2200.0,6100.0,3850.0
2025-03-06 00:00:00+05:30,Gudimalkapur,Gudumalkapur,Cabbage,258.0,200.0,500.0,300.0
2025-03-06 00:00:00+05:30,Choppadandi,Choppadandi,Paddy,6.0,2124.0,2124.0,2124.0
2025-03-06 00:00:00+05:30,Medipally,Midipally,Maize,750.0,2300.0,2300.0,2300.0
2025-03-06 00:00:00+05:30,Suryapet,Suryapet,Paddy,165.0,2115.0,2126.0,2126.0
2025-03-06 00:00:00+05:30,Bhainsa,Bhainsa,Wheat,0.87,2806.0,2806.0,2806.0
2025-03-06 00:00:00+05:30,Hyderabad,Meeralamandi,Cauliflower,9.0,1500.0,1500.0,1500.0
2025-03-06 00:00:00+05:30,Hyderabad,Madannapeta,Cauliflower,11.0,1500.0,2000.0,1800.0
2025-03-06 00:00:00+05:30,Hyderabad,Mahabubmansion,Chillies(Dry),1072.0,9000.0,12600.0,10000.0
2025-03-06 00:00:00+05:30,Gaddiannaram,L.B Nagar,Cauliflower,48.0,1000.0,2000.0,1500.0
2025-03-06 00:00:00+05:30,Bowenpally,Bowenpally,Cabbage,854.0,200.0,500.0,400.0
2025-03-06 00:00:00+05:30,Gaddiannaram,Gaddiannaram,Mango,65.0,3300.0,11650.0,4400.0
2025-03-05 00:00:00+05:30,Gudimalkapur,Gudumalkapur,Cabbage,680.0,200.0,500.0,300.0
2025-03-05 00:00:00+05:30,Suryapet,Suryapet,Paddy,33.0,1906.0,2066.0,1966.0
2025-03-05 00:00:00+05:30,Medipally,Midipally,Maize,450.0,2300.0,2300.0,2300.0
2025-03-05 00:00:00+05:30,Hyderabad,Meeralamandi,Cauliflower,9.0,1500.0,2000.0,1750.0
2025-03-05 00:00:00+05:30,Hyderabad,Madannapeta,Cauliflower,11.0,1600.0,1600.0,1600.0
2025-03-05 00:00:00+05:30,Hyderabad,Mahabubmansion,Chillies(Dry),1020.0,9000.0,11500.0,10000.0
2025-03-05 00:00:00+05:30,Bowenpally,Bowenpally,Cabbage,1258.0,300.0,600.0,500.0
2025-03-05 00:00:00+05:30,Gaddiannaram,L.B Nagar,Cauliflower,59.0,1000.0,2000.0,1500.0
2025-03-05 00:00:00+05:30,Gaddiannaram,Gaddiannaram,Mango,46.0,3300.0,6900.0,3850.0
2025-03-04 00:00:00+05:30,Gudimalkapur,Gudumalkapur,Cabbage,399.0,300.0,500.0,400.0
2025-03-04 00:00:00+05:30,Suryapet,Suryapet,Paddy,255.0,1923.0,2059.0,2029.0
2025-03-04 00:00:00+05:30,Medipally,Midipally,Maize,300.0,2300.0,2300.0,2300.0
2025-03-04 00:00:00+05:30,Hyderabad,Meeralamandi,Cauliflower,9.0,2000.0,2500.0,2250.0
2025-03-04 00:00:00+05:30,Hyderabad,Madannapeta,Cauliflower,9.0,1000.0,2000.0,1500.0
2025-03-04 00:00:00+05:30,Hyderabad,Mahabubmansion,Chillies(Dry),960.0,9000.0,11500.0,10000.0
2025-03-03 00:00:00+05:30,Atmakur(WNP),Atmakur,Red Gram,5.0,7200.0,7200.0,7200.0
2025-03-04 00:00:00+05:30,Bowenpally,Bowenpally,Cabbage,1261.0,300.0,600.0,500.0
2025-03-04 00:00:00+05:30,Gaddiannaram,L.B Nagar,Cauliflower,31.0,1000.0,2000.0,1500.0
2025-03-04 00:00:00+05:30,Gaddiannaram,Gaddiannaram,Mango,51.0,2750.0,6650.0,3600.0
2025-03-03 00:00:00+05:30,Gudimalkapur,Gudumalkapur,Cabbage,405.0,300.0,500.0,400.0
2025-03-03 00:00:00+05:30,Suryapet,Suryapet,Paddy,102.0,1829.0,2019.0,2019.0
2025-03-02 00:00:00+05:30,Atmakur(WNP),Atmakur,Red Gram,20.0,7100.0,7200.0,7100.0
2025-03-03 00:00:00+05:30,Jagtial,Jagtial,Paddy,1.0,2362.0,2362.0,2362.0
2025-03-03 00:00:00+05:30,Hyderabad,Meeralamandi,Cauliflower,14.0,1500.0,2000.0,1750.0
2025-03-03 00:00:00+05:30,Hyderabad,Madannapeta,Cauliflower,13.0,1500.0,1500.0,1500.0
2025-03-03 00:00:00+05:30,Hyderabad,Mahabubmansion,Chillies(Dry),560.0,9000.0,11000.0,10000.0
2025-03-02 00:00:00+05:30,Navabpet(MBNR),Navabpet,Paddy,8.0,2390.0,2390.0,2390.0
2025-03-03 00:00:00+05:30,Gaddiannaram,L.B Nagar,Cauliflower,53.0,1000.0,2000.0,1500.0
2025-03-03 00:00:00+05:30,Bowenpally,Bowenpally,Cabbage,1218.0,300.0,600.0,500.0
2025-03-03 00:00:00+05:30,Gaddiannaram,Gaddiannaram,Mango,28.0,4700.0,7750.0,6650.0
2025-03-02 00:00:00+05:30,Gudimalkapur,Gudumalkapur,Cabbage,635.0,200.0,400.0,300.0
2025-03-01 00:00:00+05:30,Medipally,Midipally,Maize,200.0,2300.0,2300.0,2300.0
2025-03-01 00:00:00+05:30,Atmakur(WNP),Atmakur,Red Gram,33.0,7000.0,7200.0,7000.0
2025-03-01 00:00:00+05:30,Devarakadra,Devarakadra,Paddy,27.0,2509.0,2509.0,2509.0
2025-03-02 00:00:00+05:30,Hyderabad,Meeralamandi,Cauliflower,20.0,1500.0,1500.0,1500.0
2025-03-02 00:00:00+05:30,Hyderabad,Madannapeta,Cauliflower,16.0,1500.0,2000.0,1750.0
2025-03-02 00:00:00+05:30,Bowenpally,Bowenpally,Cabbage,1717.0,200.0,400.0,350.0
2025-03-02 00:00:00+05:30,Gaddiannaram,L.B Nagar,Cauliflower,51.0,1000.0,2000.0,1500.0
2025-03-01 00:00:00+05:30,Gudimalkapur,Gudumalkapur,Cabbage,590.0,300.0,600.0,400.0
2025-03-01 00:00:00+05:30,Suryapet,Suryapet,Paddy,14.0,1956.0,1956.0,1956.0
2025-03-01 00:00:00+05:30,Hyderabad,Meeralamandi,Cauliflower,17.0,1000.0,1500.0,1250.0
2025-03-01 00:00:00+05:30,Hyderabad,Mahabubmansion,Chillies(Dry),111.0,9000.0,110000.0,10000.0
2025-03-01 00:00:00+05:30,Hyderabad,Madannapeta,Cauliflower,16.0,1500.0,2000.0,1750.0
2025-03-01 00:00:00+05:30,Bowenpally,Bowenpally,Cabbage,1286.0,300.0,600.0,500.0
2025-03-01 00:00:00+05:30,Gaddiannaram,L.B Nagar,Cauliflower,74.0,1000.0,2000.0,1500.0
2025-03-01 00:00:00+05:30,Gaddiannaram,Gaddiannaram,Mango,4.0,4400.0,8300.0,4400.0
2025-03-31 00:00:00+05:30,Gudimalkapur,Gudumalkapur,Cabbage,279.0,300.0,500.0,400.0
2025-03-31 00:00:00+05:30,Hyderabad,Madannapeta,Cauliflower,12.0,1500.0,1500.0,1500.0
2025-03-31 00:00:00+05:30,Gaddiannaram,L.B Nagar,Cauliflower,16.0,1000.0,2000.0,1500.0
2025-03-31 00:00:00+05:30,Bowenpally,Bowenpally,Cabbage,542.0,400.0,800.0,700.0
2025-03-30 00:00:00+05:30,Gaddiannaram,Gaddiannaram,Mango,200.0,1650.0,6350.0,2750.0
2025-03-30 00:00:00+05:30,Gajwel,Gajwel,Maize,20.0,2000.0,2200.0,2100.0
2025-03-31 00:00:00+05:30,Gajwel,Gajwel,Maize,30.0,2000.0,2200.0,2100.0
2025-03-29 00:00:00+05:30,Gudimalkapur,Gudumalkapur,Cabbage,236.0,300.0,500.0,400.0
2025-03-28 00:00:00+05:30,Devarakadra,Devarakadra,Paddy,238.0,1919.0,2049.0,1984.0
2025-03-29 00:00:00+05:30,Medipally,Midipally,Maize,200.0,2300.0,2300.0,2300.0
2025-03-29 00:00:00+05:30,Gajwel,Gajwel,Maize,30.0,2000.0,2200.0,2100.0
2025-03-29 00:00:00+05:30,Hyderabad,Meeralamandi,Cauliflower,11.0,1000.0,1500.0,1250.0
2025-03-29 00:00:00+05:30,Hyderabad,Madannapeta,Cauliflower,7.0,1350.0,1350.0,1350.0
2025-03-29 00:00:00+05:30,Gaddiannaram,L.B Nagar,Cauliflower,44.0,1000.0,2000.0,1500.0
2025-03-29 00:00:00+05:30,Bowenpally,Bowenpally,Cabbage,670.0,400.0,600.0,550.0
2025-03-29 00:00:00+05:30,Gaddiannaram,Gaddiannaram,Mango,452.0,1350.0,5550.0,2200.0
2025-03-28 00:00:00+05:30,Gudimalkapur,Gudumalkapur,Cabbage,327.0,300.0,500.0,400.0
2025-03-28 00:00:00+05:30,Medipally,Midipally,Maize,200.0,2300.0,2300.0,2300.0
2025-03-28 00:00:00+05:30,Gajwel,Gajwel,Maize,15.0,2000.0,2200.0,2100.0
2025-03-28 00:00:00+05:30,Gadwal,Gadwal,Paddy,7.0,1964.0,1964.0,1964.0
2025-03-28 00:00:00+05:30,Suryapet,Suryapet,Paddy,3432.0,1611.0,2029.0,1889.0
2025-03-27 00:00:00+05:30,Gajwel,Gajwel,Maize,20.0,2100.0,2300.0,2200.0
2025-03-27 00:00:00+05:30,Devarakadra,Devarakadra,Paddy,129.0,1909.0,2039.0,1974.0
2025-03-28 00:00:00+05:30,Bhainsa,Bhainsa,Wheat,0.59,1200.0,1200.0,1200.0
2025-03-28 00:00:00+05:30,Hyderabad,Madannapeta,Cauliflower,2.0,1500.0,1500.0,1500.0
2025-03-28 00:00:00+05:30,Bowenpally,Bowenpally,Cabbage,918.0,300.0,600.0,500.0
2025-03-28 00:00:00+05:30,Gaddiannaram,L.B Nagar,Cauliflower,14.0,1000.0,2000.0,1500.0
2025-03-28 00:00:00+05:30,Gaddiannaram,Gaddiannaram,Mango,151.0,1650.0,7200.0,2350.0
2025-03-27 00:00:00+05:30,Gudimalkapur,Gudumalkapur,Cabbage,228.0,300.0,500.0,400.0
2025-03-27 00:00:00+05:30,Hyderabad,Meeralamandi,Cauliflower,7.0,1200.0,1500.0,1350.0
2025-03-27 00:00:00+05:30,Jagtial,Jagtial,Paddy,9.0,2311.0,2311.0,2311.0
2025-03-27 00:00:00+05:30,Medipally,Midipally,Maize,150.0,2300.0,2300.0,2300.0
2025-03-27 00:00:00+05:30,Jangoan,Jangaon,Paddy,796.25,1851.0,1939.0,1879.0
2025-03-27 00:00:00+05:30,Dubbaka,Dubbak,Paddy,600.0,2320.0,2320.0,2320.0
2025-03-27 00:00:00+05:30,Gadwal,Gadwal,Paddy,20.0,1942.0,1942.0,1942.0
2025-03-27 00:00:00+05:30,Hyderabad,Madannapeta,Cauliflower,15.0,1000.0,1500.0,1250.0
2025-03-27 00:00:00+05:30,Hyderabad,Mahabubmansion,Chillies(Dry),720.0,8000.0,11300.0,9000.0
2025-03-26 00:00:00+05:30,Devarakadra,Devarakadra,Paddy,85.0,1962.0,2079.0,2024.0
2025-03-27 00:00:00+05:30,Bowenpally,Bowenpally,Cabbage,456.0,300.0,600.0,500.0
2025-03-27 00:00:00+05:30,Gaddiannaram,L.B Nagar,Cauliflower,34.0,1000.0,2000.0,1500.0
2025-03-27 00:00:00+05:30,Gaddiannaram,Gaddiannaram,Mango,1874.0,1350.0,4400.0,2200.0
2025-03-26 00:00:00+05:30,Gudimalkapur,Gudumalkapur,Cabbage,311.0,200.0,400.0,300.0
2025-03-26 00:00:00+05:30,Gadwal,Gadwal,Paddy,41.0,1852.0,1983.0,1981.0
2025-03-26 00:00:00+05:30,Gajwel,Gajwel,Maize,50.0,2100.0,2300.0,2200.0
2025-03-26 00:00:00+05:30,Suryapet,Suryapet,Paddy,4236.0,1559.0,2020.0,1889.0
2025-03-26 00:00:00+05:30,Medipally,Midipally,Maize,400.0,2300.0,2300.0,2300.0
2025-03-26 00:00:00+05:30,Jangoan,Jangaon,Paddy,523.25,1851.0,1933.0,1879.0
2025-03-26 00:00:00+05:30,Hyderabad,Meeralamandi,Cauliflower,6.0,2000.0,2000.0,2000.0
2025-03-26 00:00:00+05:30,Bhainsa,Bhainsa,Wheat,0.5,1515.0,1515.0,1515.0
2025-03-26 00:00:00+05:30,Hyderabad,Madannapeta,Cauliflower,9.0,1350.0,1350.0,1350.0
2025-03-26 00:00:00+05:30,Hyderabad,Mahabubmansion,Chillies(Dry),620.0,8000.0,11300.0,9000.0
2025-03-25 00:00:00+05:30,Devarakadra,Devarakadra,Paddy,99.0,1909.0,2205.0,2057.0
2025-03-26 00:00:00+05:30,Bowenpally,Bowenpally,Cabbage,1260.0,400.0,600.0,550.0
2025-03-26 00:00:00+05:30,Gaddiannaram,L.B Nagar,Cauliflower,30.0,1000.0,2000.0,1500.0
2025-03-26 00:00:00+05:30,Gaddiannaram,Gaddiannaram,Mango,635.0,1650.0,4150.0,2750.0
2025-03-25 00:00:00+05:30,Gudimalkapur,Gudumalkapur,Cabbage,377.0,400.0,500.0,400.0
2025-03-25 00:00:00+05:30,Medipally,Midipally,Maize,350.0,2300.0,2300.0,2300.0
2025-03-25 00:00:00+05:30,Jangoan,Jangaon,Paddy,308.75,1869.0,2013.0,1943.0
2025-03-25 00:00:00+05:30,Gajwel,Gajwel,Maize,30.0,2100.0,2300.0,2200.0
2025-03-25 00:00:00+05:30,Suryapet,Suryapet,Paddy,5162.0,1756.0,2006.0,1886.0
2025-03-25 00:00:00+05:30,Hyderabad,Meeralamandi,Cauliflower,6.0,1500.0,1500.0,1500.0
2025-03-25 00:00:00+05:30,Hyderabad,Madannapeta,Cauliflower,13.0,1000.0,1500.0,1250.0
2025-03-25 00:00:00+05:30,Hyderabad,Mahabubmansion,Chillies(Dry),500.0,8000.0,10500.0,9000.0
2025-03-24 00:00:00+05:30,Devarakadra,Devarakadra,Paddy,49.0,1962.0,2059.0,2011.0
2025-03-24 00:00:00+05:30,Atmakur(WNP),Atmakur,Red Gram,19.5,6850.0,7000.0,6850.0
2025-03-25 00:00:00+05:30,Gaddiannaram,L.B Nagar,Cauliflower,32.0,1000.0,2000.0,1500.0
2025-03-25 00:00:00+05:30,Bowenpally,Bowenpally,Cabbage,1122.0,400.0,600.0,550.0
2025-03-25 00:00:00+05:30,Gaddiannaram,Gaddiannaram,Mango,624.0,1100.0,6100.0,1900.0
2025-03-24 00:00:00+05:30,Gudimalkapur,Gudumalkapur,Cabbage,262.0,300.0,500.0,400.0
2025-03-24 00:00:00+05:30,Gadwal,Gadwal,Paddy,62.0,1785.0,1911.0,1911.0
2025-03-24 00:00:00+05:30,Suryapet,Suryapet,Paddy,7842.0,1506.0,2006.0,1949.0
2025-03-24 00:00:00+05:30,Jagtial,Jagtial,Paddy,2.0,2011.0,2011.0,2011.0
2025-03-24 00:00:00+05:30,Medipally,Midipally,Maize,370.0,2300.0,2300.0,2300.0
2025-03-24 00:00:00+05:30,Jangoan,Jangaon,Paddy,638.3,1852.0,1993.0,1941.0
2025-03-24 00:00:00+05:30,Gajwel,Gajwel,Maize,20.0,2000.0,2200.0,2100.0
2025-03-24 00:00:00+05:30,Bhainsa,Bhainsa,Wheat,8.67,1515.0,3030.0,1515.0
2025-03-24 00:00:00+05:30,Hyderabad,Meeralamandi,Cauliflower,50.0,1500.0,1500.0,1500.0
2025-03-24 00:00:00+05:30,Hyderabad,Madannapeta,Cauliflower,15.0,1000.0,1500.0,1250.0
2025-03-24 00:00:00+05:30,Hyderabad,Mahabubmansion,Chillies(Dry),876.0,8000.0,10500.0,9000.0
2025-03-24 00:00:00+05:30,Bowenpally,Bowenpally,Cabbage,735.0,300.0,900.0,700.0
2025-03-01 00:00:00+05:30,Gaddiannaram,L.B Nagar,Beet Root,10.0,2000.0,2500.0,2200.0
2025-03-01 00:00:00+05:30,Bowenpally,Bowenpally,Cauliflower,393.0,500.0,1500.0,1200.0
2025-03-01 00:00:00+05:30,Hyderabad,Madannapeta,Beet Root,4.0,1500.0,1500.0,1500.0
2025-03-01 00:00:00+05:30,Hyderabad,Mahabubmansion,Chillies(Dry),100.0,7000.0,1000.0,9000.0
2025-03-01 00:00:00+05:30,Hyderabad,Meeralamandi,Carrot,3.0,1500.0,1600.0,1550.0
2025-03-01 00:00:00+05:30,Bhainsa,Bhainsa,Maize,136.99,2101.0,2222.0,2165.0
2025-03-01 00:00:00+05:30,Suryapet,Suryapet,Paddy,19.0,1806.0,1806.0,1806.0
2025-03-01 00:00:00+05:30,Choppadandi,Choppadandi,Paddy,22.0,2271.0,2276.0,2276.0
2025-03-01 00:00:00+05:30,Nizamabad,Nizamabad,Paddy,1.0,2300.0,2300.0,2300.0
2025-03-01 00:00:00+05:30,Gajwel,Gajwel,Cotton,6.0,5900.0,6500.0,6450.0
2025-03-01 00:00:00+05:30,Narayanpet,Narayanpet,Jowar,42.14,3012.0,4021.0,3449.0
2025-03-01 00:00:00+05:30,Gudimalkapur,Gudumalkapur,Cauliflower,443.0,600.0,1000.0,800.0
2025-03-02 00:00:00+05:30,Gaddiannaram,L.B Nagar,Beet Root,12.0,2000.0,2500.0,2200.0
2025-03-01 00:00:00+05:30,Vantimamidi,Vantimamidi,Groundnut pods,10.0,3500.0,3500.0,3500.0
2025-03-02 00:00:00+05:30,Bowenpally,Bowenpally,Cauliflower,517.0,500.0,1500.0,1200.0
2025-03-02 00:00:00+05:30,Hyderabad,Meeralamandi,Carrot,3.0,1500.0,2000.0,1750.0
2025-03-02 00:00:00+05:30,Husnabad,Husnabad,Maize,100.0,2250.0,2330.0,2300.0
2025-03-02 00:00:00+05:30,Gajwel,Gajwel,Cotton,7.0,6400.0,6600.0,6500.0
2025-03-02 00:00:00+05:30,Gudimalkapur,Gudumalkapur,Cauliflower,452.0,800.0,1000.0,900.0
2025-03-02 00:00:00+05:30,Vantimamidi,Vantimamidi,Groundnut pods,23.0,3000.0,3500.0,3250.0
2025-03-03 00:00:00+05:30,Bowenpally,Bowenpally,Cauliflower,263.0,500.0,1500.0,1200.0
2025-03-03 00:00:00+05:30,Gaddiannaram,L.B Nagar,Beet Root,14.0,2000.0,2500.0,2200.0
2025-03-02 00:00:00+05:30,Navabpet(MBNR),Navabpet,Maize,39.0,2280.0,2320.0,2320.0
2025-03-03 00:00:00+05:30,Hyderabad,Mahabubmansion,Chillies(Dry),180.0,7000.0,10000.0,9000.0
2025-03-03 00:00:00+05:30,Hyderabad,Madannapeta,Beet Root,10.0,1350.0,1350.0,1350.0
2025-03-03 00:00:00+05:30,Hyderabad,Meeralamandi,Carrot,3.0,1200.0,1500.0,1350.0
2025-03-03 00:00:00+05:30,Choppadandi,Choppadandi,Paddy,3.0,2052.0,2152.0,2152.0
2025-03-03 00:00:00+05:30,Husnabad,Husnabad,Maize,130.0,2250.0,2330.0,2300.0
2025-03-03 00:00:00+05:30,Gajwel,Gajwel,Cotton,6.0,6500.0,6600.0,6600.0
2025-03-02 00:00:00+05:30,Nizamabad,Nizamabad,Paddy,1.0,2300.0,2300.0,2300.0
2025-03-03 00:00:00+05:30,Bhainsa,Bhainsa,Maize,246.11,1859.0,2153.0,2152.0
2025-03-03 00:00:00+05:30,Gudimalkapur,Gudumalkapur,Cauliflower,306.0,800.0,2000.0,1000.0
2025-03-03 00:00:00+05:30,Vantimamidi,Vantimamidi,Groundnut pods,8.0,3000.0,3000.0,3000.0
2025-03-04 00:00:00+05:30,Gaddiannaram,L.B Nagar,Beet Root,13.0,2000.0,2500.0,2200.0
2025-03-04 00:00:00+05:30,Bowenpally,Bowenpally,Cauliflower,326.0,500.0,1500.0,1100.0
2025-03-03 00:00:00+05:30,Narayanpet,Narayanpet,Jowar,23.03,3525.0,4051.0,3639.0
2025-03-04 00:00:00+05:30,Hyderabad,Mahabubmansion,Chillies(Dry),268.0,7000.0,10000.0,9000.0
2025-03-04 00:00:00+05:30,Hyderabad,Madannapeta,Beet Root,7.0,1300.0,1500.0,1400.0
2025-03-04 00:00:00+05:30,Hyderabad,Meeralamandi,Carrot,3.0,1500.0,2000.0,1750.0
2025-03-04 00:00:00+05:30,Bhainsa,Bhainsa,Maize,57.66,1519.0,2159.0,2121.0
2025-03-04 00:00:00+05:30,Ghanpur,Ghanpur,Paddy,250.0,2000.0,2320.0,2250.0
2025-03-04 00:00:00+05:30,Gudimalkapur,Gudumalkapur,Cauliflower,241.0,700.0,2000.0,1000.0
2025-03-05 00:00:00+05:30,Gaddiannaram,L.B Nagar,Beet Root,10.0,2000.0,2500.0,2200.0
2025-03-04 00:00:00+05:30,Vantimamidi,Vantimamidi,Groundnut pods,6.0,3000.0,3000.0,3000.0
2025-03-04 00:00:00+05:30,Husnabad,Husnabad,Maize,190.0,2250.0,2330.0,2300.0
2025-03-04 00:00:00+05:30,Gajwel,Gajwel,Cotton,5.0,6500.0,6700.0,6600.0
2025-03-05 00:00:00+05:30,Bowenpally,Bowenpally,Cauliflower,431.0,500.0,1500.0,1200.0
2025-03-05 00:00:00+05:30,Hyderabad,Mahabubmansion,Chillies(Dry),229.0,7000.0,10000.0,9000.0
2025-03-04 00:00:00+05:30,Narayanpet,Narayanpet,Jowar,16.66,3275.0,3706.0,3706.0
2025-03-05 00:00:00+05:30,Hyderabad,Meeralamandi,Carrot,3.0,1500.0,1600.0,1550.0
2025-03-05 00:00:00+05:30,Bhainsa,Bhainsa,Maize,7.09,2061.0,2061.0,2061.0
2025-03-05 00:00:00+05:30,Gajwel,Gajwel,Cotton,2.0,6000.0,6500.0,6300.0
2025-03-05 00:00:00+05:30,Gudimalkapur,Gudumalkapur,Cauliflower,91.0,1500.0,3000.0,2000.0
2025-03-05 00:00:00+05:30,Husnabad,Husnabad,Maize,120.0,2250.0,2330.0,2300.0
2025-03-05 00:00:00+05:30,Vantimamidi,Vantimamidi,Groundnut pods,8.0,3000.0,3500.0,3250.0
2025-03-06 00:00:00+05:30,Bowenpally,Bowenpally,Cauliflower,483.0,500.0,1500.0,1100.0
2025-03-06 00:00:00+05:30,Gaddiannaram,L.B Nagar,Beet Root,16.0,2000.0,2500.0,2200.0
2025-03-06 00:00:00+05:30,Hyderabad,Mahabubmansion,Chillies(Dry),284.0,7000.0,10000.0,8000.0
2025-03-05 00:00:00+05:30,Narayanpet,Narayanpet,Jowar,55.37,2261.0,4401.0,4140.0
2025-03-06 00:00:00+05:30,Hyderabad,Madannapeta,Beet Root,9.0,1200.0,1200.0,1200.0
2025-03-06 00:00:00+05:30,Hyderabad,Meeralamandi,Carrot,3.0,1500.0,1500.0,1500.0
2025-03-06 00:00:00+05:30,Bhainsa,Bhainsa,Maize,140.28,1739.0,2161.0,2142.0
2025-03-06 00:00:00+05:30,Chevella,Chevella,Jowar,10.0,2500.0,2500.0,2500.0
2025-03-06 00:00:00+05:30,Husnabad,Husnabad,Maize,15.0,2250.0,2330.0,2300.0
2025-03-06 00:00:00+05:30,Gajwel,Gajwel,Cotton,2.0,6000.0,6500.0,6300.0
2025-03-06 00:00:00+05:30,Nizamabad,Nizamabad,Paddy,1.0,2300.0,2300.0,2300.0
2025-03-06 00:00:00+05:30,Gudimalkapur,Gudumalkapur,Cauliflower,347.0,700.0,2000.0,1000.0
2025-03-07 00:00:00+05:30,Gaddiannaram,L.B Nagar,Beet Root,11.0,2000.0,2500.0,2200.0
2025-03-06 00:00:00+05:30,Narayanpet,Narayanpet,Jowar,64.19,3645.0,4321.0,3702.0
2025-03-07 00:00:00+05:30,Bowenpally,Bowenpally,Cauliflower,347.0,500.0,1500.0,1200.0
2025-03-07 00:00:00+05:30,Hyderabad,Madannapeta,Beet Root,5.0,1200.0,1200.0,1200.0
2025-03-07 00:00:00+05:30,Hyderabad,Mahabubmansion,Chillies(Dry),190.0,7000.0,1000.0,9000.0
2025-03-07 00:00:00+05:30,Bhainsa,Bhainsa,Maize,63.71,2150.0,2161.0,2161.0
2025-03-07 00:00:00+05:30,Choppadandi,Choppadandi,Paddy,6.0,2166.0,2241.0,2241.0
2025-03-07 00:00:00+05:30,Husnabad,Husnabad,Maize,10.0,2250.0,2330.0,2300.0
2025-03-07 00:00:00+05:30,Gajwel,Gajwel,Cotton,4.0,6300.0,6500.0,6400.0
2025-03-07 00:00:00+05:30,Gudimalkapur,Gudumalkapur,Cauliflower,298.0,500.0,1500.0,1000.0
2025-03-07 00:00:00+05:30,Vantimamidi,Vantimamidi,Groundnut pods,6.0,3000.0,3000.0,3000.0
2025-03-08 00:00:00+05:30,Gaddiannaram,L.B Nagar,Beet Root,20.0,2000.0,2500.0,2200.0
2025-03-08 00:00:00+05:30,Bowenpally,Bowenpally,Cauliflower,340.0,500.0,1500.0,1200.0
2025-03-07 00:00:00+05:30,Narayanpet,Narayanpet,Jowar,182.28,3360.0,4350.0,4240.0
2025-03-08 00:00:00+05:30,Hyderabad,Mahabubmansion,Chillies(Dry),165.0,7000.0,10000.0,9000.0
2025-03-08 00:00:00+05:30,Gajwel,Gajwel,Cotton,6.0,6300.0,6500.0,6400.0
2025-03-08 00:00:00+05:30,Narayanpet,Narayanpet,Jowar,84.77,3629.0,4400.0,4400.0
2025-03-08 00:00:00+05:30,Hyderabad,Meeralamandi,Carrot,3.0,1200.0,1500.0,1350.0
2025-03-08 00:00:00+05:30,Bhainsa,Bhainsa,Maize,173.94,1951.0,2171.0,2140.0
2025-03-08 00:00:00+05:30,Jainath,Jainath,Maize,200.0,2300.0,2300.0,2300.0
2025-03-08 00:00:00+05:30,Choppadandi,Choppadandi,Paddy,1.0,1515.0,1515.0,1515.0
2025-03-08 00:00:00+05:30,Gudimalkapur,Gudumalkapur,Cauliflower,303.0,500.0,1500.0,1000.0
2025-03-08 00:00:00+05:30,Vantimamidi,Vantimamidi,Groundnut pods,9.0,3000.0,4000.0,3500.0
2025-03-09 00:00:00+05:30,Gaddiannaram,L.B Nagar,Beet Root,15.0,2000.0,2500.0,2200.0
2025-03-08 00:00:00+05:30,Sadasivpet,Sadasivapet,Wheat,1.0,2121.0,2121.0,2121.0
2025-03-08 00:00:00+05:30,Husnabad,Husnabad,Maize,90.0,2250.0,2330.0,2300.0
2025-03-09 00:00:00+05:30,Bowenpally,Bowenpally,Cauliflower,413.0,500.0,150.0,1200.0
2025-03-09 00:00:00+05:30,Hyderabad,Madannapeta,Beet Root,4.0,1000.0,1000.0,1000.0
2025-03-09 00:00:00+05:30,Gajwel,Gajwel,Cotton,2.0,6200.0,6600.0,6500.0
2025-03-09 00:00:00+05:30,Navabpet(MBNR),Navabpet,Maize,84.0,2322.0,2333.0,2322.0
2025-03-09 00:00:00+05:30,Nizamabad,Nizamabad,Paddy,1.0,2300.0,2300.0,2300.0
2025-03-09 00:00:00+05:30,Gudimalkapur,Gudumalkapur,Cauliflower,342.0,500.0,1500.0,1000.0
2025-03-10 00:00:00+05:30,Gaddiannaram,L.B Nagar,Beet Root,15.0,2000.0,2500.0,2200.0
2025-03-10 00:00:00+05:30,Bowenpally,Bowenpally,Cauliflower,467.0,500.0,1500.0,1200.0
2025-03-10 00:00:00+05:30,Hyderabad,Mahabubmansion,Chillies(Dry),248.0,7000.0,10500.0,9000.0
2025-03-10 00:00:00+05:30,Hyderabad,Meeralamandi,Carrot,2.0,1500.0,1500.0,1500.0
2025-03-10 00:00:00+05:30,Husnabad,Husnabad,Maize,150.0,2250.0,2330.0,2300.0
2025-03-10 00:00:00+05:30,Gajwel,Gajwel,Cotton,3.0,6200.0,6500.0,6400.0
2025-03-10 00:00:00+05:30,Nizamabad,Nizamabad,Paddy,1.0,2300.0,2300.0,2300.0
2025-03-09 00:00:00+05:30,Husnabad,Husnabad,Maize,15.0,2250.0,2330.0,2300.0
2025-03-10 00:00:00+05:30,Bhainsa,Bhainsa,Maize,180.83,1951.0,2171.0,1951.0
2025-03-10 00:00:00+05:30,Narayanpet,Narayanpet,Jowar,308.7,3406.0,4559.0,4430.0
2025-03-10 00:00:00+05:30,Gudimalkapur,Gudumalkapur,Cauliflower,291.0,500.0,1500.0,1000.0
2025-03-10 00:00:00+05:30,Vantimamidi,Vantimamidi,Groundnut pods,28.0,3500.0,3500.0,3500.0
2025-03-11 00:00:00+05:30,Bowenpally,Bowenpally,Cauliflower,297.0,500.0,150.0,1200.0
2025-03-11 00:00:00+05:30,Gaddiannaram,L.B Nagar,Beet Root,12.0,2000.0,2500.0,2200.0
2025-03-11 00:00:00+05:30,Hyderabad,Madannapeta,Beet Root,3.0,2000.0,2000.0,2000.0
2025-03-11 00:00:00+05:30,Hyderabad,Mahabubmansion,Chillies(Dry),376.0,7000.0,10000.0,9000.0
2025-03-11 00:00:00+05:30,Hyderabad,Meeralamandi,Carrot,3.0,1000.0,1500.0,1250.0
2025-03-11 00:00:00+05:30,Bhainsa,Bhainsa,Maize,52.79,1789.0,2174.0,1789.0
2025-03-11 00:00:00+05:30,Narayanpet,Narayanpet,Jowar,129.85,3100.0,4565.0,4565.0
2025-03-11 00:00:00+05:30,Choppadandi,Choppadandi,Paddy,11.0,2169.0,2169.0,2169.0
2025-03-11 00:00:00+05:30,Nizamabad,Nizamabad,Paddy,1.0,2300.0,2300.0,2300.0
2025-03-11 00:00:00+05:30,Gudimalkapur,Gudumalkapur,Cauliflower,258.0,800.0,1000.0,900.0
2025-03-11 00:00:00+05:30,Vantimamidi,Vantimamidi,Groundnut pods,24.0,3000.0,3500.0,3250.0
2025-03-12 00:00:00+05:30,Bowenpally,Bowenpally,Cauliflower,486.0,500.0,1500.0,1200.0
2025-03-12 00:00:00+05:30,Gaddiannaram,L.B Nagar,Beet Root,10.0,2000.0,2500.0,2200.0
2025-03-12 00:00:00+05:30,Hyderabad,Madannapeta,Beet Root,8.0,1350.0,1350.0,1350.0
2025-03-12 00:00:00+05:30,Hyderabad,Mahabubmansion,Chillies(Dry),419.0,7000.0,10500.0,9000.0
2025-03-12 00:00:00+05:30,Hyderabad,Meeralamandi,Carrot,5.0,1200.0,1500.0,1350.0
2025-03-11 00:00:00+05:30,Gajwel,Gajwel,Cotton,2.0,6200.0,6500.0,6300.0
2025-03-11 00:00:00+05:30,Husnabad,Husnabad,Maize,50.0,2250.0,2330.0,2300.0
2025-03-12 00:00:00+05:30,Bhainsa,Bhainsa,Maize,86.72,1866.0,2122.0,2122.0
2025-03-12 00:00:00+05:30,Husnabad,Husnabad,Maize,120.0,2250.0,2320.0,2300.0
2025-03-12 00:00:00+05:30,Choppadandi,Choppadandi,Paddy,2.0,2133.0,2133.0,2133.0
2025-03-12 00:00:00+05:30,Gudimalkapur,Gudumalkapur,Cauliflower,214.0,500.0,1500.0,1000.0
2025-03-13 00:00:00+05:30,Gaddiannaram,L.B Nagar,Beet Root,17.0,2000.0,2500.0,2200.0
2025-03-12 00:00:00+05:30,Vantimamidi,Vantimamidi,Groundnut pods,33.0,3500.0,3500.0,3500.0
2025-03-12 00:00:00+05:30,Ghanpur,Ghanpur,Paddy,280.0,2000.0,2320.0,2240.0
2025-03-12 00:00:00+05:30,Gajwel,Gajwel,Cotton,6.0,6200.0,6500.0,6400.0
2025-03-13 00:00:00+05:30,Bowenpally,Bowenpally,Cauliflower,410.0,500.0,1500.0,1200.0
2025-03-13 00:00:00+05:30,Hyderabad,Madannapeta,Beet Root,15.0,1000.0,1200.0,1100.0
2025-03-13 00:00:00+05:30,Hyderabad,Meeralamandi,Carrot,5.0,1500.0,1500.0,1500.0
2025-03-12 00:00:00+05:30,Narayanpet,Narayanpet,Jowar,244.02,2422.0,4640.0,4500.0
2025-03-13 00:00:00+05:30,Bhainsa,Bhainsa,Maize,111.49,2085.0,2085.0,2085.0
2025-03-13 00:00:00+05:30,Chevella,Chevella,Jowar,12.0,2500.0,2500.0,2500.0
2025-03-13 00:00:00+05:30,Nizamabad,Nizamabad,Paddy,1.0,2300.0,2300.0,2300.0
2025-03-13 00:00:00+05:30,Gajwel,Gajwel,Cotton,2.0,6000.0,6300.0,6200.0
2025-03-13 00:00:00+05:30,Gudimalkapur,Gudumalkapur,Cauliflower,290.0,500.0,1500.0,1000.0
2025-03-13 00:00:00+05:30,Vantimamidi,Vantimamidi,Groundnut pods,4.0,3500.0,3500.0,3500.0
2025-03-14 00:00:00+05:30,Gaddiannaram,L.B Nagar,Beet Root,5.0,2000.0,2500.0,2200.0
2025-03-14 00:00:00+05:30,Bowenpally,Bowenpally,Cauliflower,229.0,500.0,1500.0,1200.0
2025-03-13 00:00:00+05:30,Narayanpet,Narayanpet,Jowar,320.95,2650.0,4640.0,4340.0
2025-03-14 00:00:00+05:30,Hyderabad,Madannapeta,Beet Root,8.0,1350.0,1350.0,1350.0
2025-03-14 00:00:00+05:30,Gudimalkapur,Gudumalkapur,Cauliflower,50.0,800.0,1500.0,1000.0
2025-03-15 00:00:00+05:30,Gaddiannaram,L.B Nagar,Beet Root,20.0,2000.0,2500.0,2200.0
2025-03-15 00:00:00+05:30,Bowenpally,Bowenpally,Cauliflower,251.0,600.0,1500.0,1000.0
2025-03-15 00:00:00+05:30,Hyderabad,Madannapeta,Beet Root,7.0,1200.0,2000.0,1600.0
2025-03-15 00:00:00+05:30,Hyderabad,Meeralamandi,Carrot,3.0,1500.0,2000.0,1750.0
2025-03-14 00:00:00+05:30,Nizamabad,Nizamabad,Paddy,1.0,2300.0,2300.0,2300.0
2025-03-14 00:00:00+05:30,Husnabad,Husnabad,Maize,100.0,2250.0,2330.0,2300.0
2025-03-14 00:00:00+05:30,Gajwel,Gajwel,Cotton,3.0,6000.0,6200.0,6100.0
2025-03-15 00:00:00+05:30,Nizamabad,Nizamabad,Paddy,1.0,2300.0,2300.0,2300.0
2025-03-15 00:00:00+05:30,Gajwel,Gajwel,Cotton,2.0,6000.0,6300.0,6200.0
2025-03-15 00:00:00+05:30,Narayanpet,Narayanpet,Jowar,415.52,2600.0,4655.0,4416.0
2025-03-15 00:00:00+05:30,Bhainsa,Bhainsa,Maize,90.34,2123.0,2160.0,2123.0
2025-03-13 00:00:00+05:30,Husnabad,Husnabad,Maize,180.0,2250.0,2330.0,2300.0
2025-03-15 00:00:00+05:30,Gudimalkapur,Gudumalkapur,Cauliflower,193.0,500.0,1500.0,1000.0
2025-03-15 00:00:00+05:30,Vantimamidi,Vantimamidi,Groundnut pods,10.0,3500.0,3500.0,3500.0
2025-03-16 00:00:00+05:30,Gaddiannaram,L.B Nagar,Beet Root,19.0,2000.0,2500.0,2200.0
2025-03-16 00:00:00+05:30,Bowenpally,Bowenpally,Cauliflower,350.0,500.0,1500.0,1200.0
2025-03-16 00:00:00+05:30,Hyderabad,Madannapeta,Beet Root,13.0,1000.0,1500.0,1250.0
2025-03-16 00:00:00+05:30,Hyderabad,Meeralamandi,Carrot,2.0,1800.0,2000.0,1900.0
2025-03-16 00:00:00+05:30,Gajwel,Gajwel,Cotton,3.0,6000.0,6200.0,6100.0
2025-03-16 00:00:00+05:30,Nizamabad,Nizamabad,Paddy,1.0,2300.0,2300.0,2300.0
2025-03-16 00:00:00+05:30,Gudimalkapur,Gudumalkapur,Cauliflower,275.0,500.0,1200.0,800.0
2025-03-16 00:00:00+05:30,Vantimamidi,Vantimamidi,Groundnut pods,30.0,3500.0,3500.0,3500.0
2025-03-17 00:00:00+05:30,Gaddiannaram,Gaddiannaram,Mango,4.0,3850.0,3850.0,3850.0
2025-03-17 00:00:00+05:30,Gaddiannaram,L.B Nagar,Beet Root,15.0,1500.0,2000.0,1700.0
2025-03-17 00:00:00+05:30,Bowenpally,Bowenpally,Cauliflower,281.0,500.0,1500.0,1200.0
2025-03-17 00:00:00+05:30,Hyderabad,Mahabubmansion,Chillies(Dry),360.0,8000.0,11000.0,10000.0
2025-03-16 00:00:00+05:30,Navabpet(MBNR),Navabpet,Maize,118.0,2280.0,2322.0,2292.0
2025-03-17 00:00:00+05:30,Hyderabad,Madannapeta,Beet Root,4.0,1000.0,1000.0,1000.0
2025-03-17 00:00:00+05:30,Hyderabad,Meeralamandi,Carrot,2.0,1600.0,2000.0,1800.0
2025-03-16 00:00:00+05:30,Achampet,Achampet,Maize,12.5,2283.0,2283.0,2283.0
2025-03-17 00:00:00+05:30,Bhainsa,Bhainsa,Maize,144.0,2085.0,2142.0,2140.0
2025-03-17 00:00:00+05:30,Vikarabad,Vikarabad,Maize,431.0,2166.0,2365.0,2338.0
2025-03-17 00:00:00+05:30,Gajwel,Gajwel,Cotton,2.0,6000.0,6300.0,6200.0
2025-03-17 00:00:00+05:30,Narayanpet,Narayanpet,Jowar,439.53,3219.0,4680.0,3718.0
2025-03-17 00:00:00+05:30,Jainath,Jainath,Maize,180.0,2225.0,2225.0,2225.0
2025-03-17 00:00:00+05:30,Choppadandi,Choppadandi,Paddy,4.0,1751.0,1751.0,1751.0
2025-03-17 00:00:00+05:30,Gudimalkapur,Gudumalkapur,Cauliflower,339.0,1000.0,1500.0,1200.0
2025-03-17 00:00:00+05:30,Vantimamidi,Vantimamidi,Groundnut pods,21.0,3000.0,3000.0,3000.0
2025-03-18 00:00:00+05:30,Gaddiannaram,Gaddiannaram,Mango,7.0,1100.0,2750.0,1350.0
2025-03-18 00:00:00+05:30,Gaddiannaram,L.B Nagar,Beet Root,20.0,1500.0,2000.0,1700.0
2025-03-18 00:00:00+05:30,Bowenpally,Bowenpally,Cauliflower,421.0,500.0,1500.0,1200.0
2025-03-18 00:00:00+05:30,Hyderabad,Madannapeta,Beet Root,9.0,1000.0,1200.0,1100.0
2025-03-18 00:00:00+05:30,Hyderabad,Mahabubmansion,Chillies(Dry),329.0,7000.0,10500.0,9000.0
2025-03-18 00:00:00+05:30,Hyderabad,Meeralamandi,Carrot,4.0,1500.0,1600.0,1550.0
2025-03-18 00:00:00+05:30,Bhainsa,Bhainsa,Maize,46.1,2128.0,2136.0,2128.0
2025-03-18 00:00:00+05:30,Gajwel,Gajwel,Cotton,2.0,5800.0,6200.0,6200.0
2025-03-18 00:00:00+05:30,Choppadandi,Choppadandi,Paddy,2.0,2062.0,2062.0,2062.0
2025-03-18 00:00:00+05:30,Gudimalkapur,Gudumalkapur,Cauliflower,267.0,800.0,1200.0,1000.0
2025-03-18 00:00:00+05:30,Narayanpet,Narayanpet,Jowar,395.92,2816.0,4705.0,3712.0
2025-03-18 00:00:00+05:30,Vantimamidi,Vantimamidi,Groundnut pods,36.0,3500.0,3500.0,3500.0
2025-03-19 00:00:00+05:30,Bowenpally,Bowenpally,Cauliflower,281.0,500.0,1500.0,1200.0
2025-03-19 00:00:00+05:30,Gaddiannaram,L.B Nagar,Beet Root,12.0,1000.0,2000.0,1500.0
2025-03-19 00:00:00+05:30,Hyderabad,Madannapeta,Beet Root,10.0,1000.0,1200.0,1100.0
2025-03-19 00:00:00+05:30,Hyderabad,Mahabubmansion,Chillies(Dry),345.0,7000.0,10000.0,9000.0
2025-03-19 00:00:00+05:30,Hyderabad,Meeralamandi,Carrot,3.0,1600.0,2000.0,1800.0
2025-03-19 00:00:00+05:30,Bhainsa,Bhainsa,Maize,74.52,1911.0,2141.0,1911.0
2025-03-19 00:00:00+05:30,Ghanpur,Ghanpur,Paddy,1735.0,2300.0,2700.0,2600.0
2025-03-19 00:00:00+05:30,Jainath,Jainath,Maize,180.0,2225.0,2225.0,2225.0
2025-03-19 00:00:00+05:30,Gudimalkapur,Gudumalkapur,Cauliflower,400.0,1000.0,1500.0,1200.0
2025-03-19 00:00:00+05:30,Gajwel,Gajwel,Cotton,2.0,5800.0,6200.0,6000.0
2025-03-19 00:00:00+05:30,Vantimamidi,Vantimamidi,Groundnut pods,39.0,3000.0,3000.0,3000.0
2025-03-20 00:00:00+05:30,Bowenpally,Bowenpally,Cauliflower,280.0,500.0,1500.0,1200.0
2025-03-20 00:00:00+05:30,Gaddiannaram,L.B Nagar,Beet Root,10.0,1000.0,2000.0,1500.0
2025-03-20 00:00:00+05:30,Hyderabad,Mahabubmansion,Chillies(Dry),519.0,7000.0,10000.0,9000.0
2025-03-19 00:00:00+05:30,Narayanpet,Narayanpet,Jowar,395.92,2812.0,4735.0,4725.0
2025-03-20 00:00:00+05:30,Bhainsa,Bhainsa,Maize,17.83,2140.0,2140.0,2140.0
2025-03-20 00:00:00+05:30,Hyderabad,Meeralamandi,Carrot,2.0,1500.0,1500.0,1500.0
2025-03-20 00:00:00+05:30,Gajwel,Gajwel,Cotton,5.0,5800.0,6100.0,6000.0
2025-03-20 00:00:00+05:30,Suryapet,Suryapet,Paddy,39.0,1836.0,1836.0,1836.0
2025-03-20 00:00:00+05:30,Chevella,Chevella,Jowar,5.0,2500.0,2500.0,2500.0
2025-03-20 00:00:00+05:30,Gudimalkapur,Gudumalkapur,Cauliflower,189.0,500.0,1500.0,1000.0
2025-03-20 00:00:00+05:30,Vantimamidi,Vantimamidi,Groundnut pods,55.0,3000.0,3000.0,3000.0
2025-03-21 00:00:00+05:30,Gaddiannaram,Gaddiannaram,Mango,4.0,2200.0,2750.0,2500.0
2025-03-21 00:00:00+05:30,Gaddiannaram,L.B Nagar,Beet Root,12.0,1000.0,2000.0,1500.0
2025-03-21 00:00:00+05:30,Bowenpally,Bowenpally,Cauliflower,175.0,500.0,1500.0,1200.0
2025-03-21 00:00:00+05:30,Hyderabad,Mahabubmansion,Chillies(Dry),254.0,7000.0,10000.0,9000.0
2025-03-20 00:00:00+05:30,Narayanpet,Narayanpet,Jowar,175.91,3111.0,4711.0,3111.0
2025-03-21 00:00:00+05:30,Hyderabad,Madannapeta,Beet Root,8.0,1000.0,1000.0,1000.0
2025-03-21 00:00:00+05:30,Hyderabad,Meeralamandi,Carrot,3.0,1000.0,1500.0,1250.0
2025-03-21 00:00:00+05:30,Bhainsa,Bhainsa,Maize,42.85,1679.0,2121.0,2059.0
2025-03-21 00:00:00+05:30,Jainath,Jainath,Maize,180.0,2225.0,2225.0,2225.0
2025-03-21 00:00:00+05:30,Gudimalkapur,Gudumalkapur,Cauliflower,165.0,1000.0,1500.0,1200.0
2025-03-21 00:00:00+05:30,Narayanpet,Narayanpet,Jowar,408.17,3050.0,4800.0,4713.0
2025-03-22 00:00:00+05:30,Gaddiannaram,Gaddiannaram,Mango,67.0,1100.0,3300.0,1650.0
2025-03-21 00:00:00+05:30,Vantimamidi,Vantimamidi,Groundnut pods,15.0,3200.0,3200.0,3200.0
2025-03-22 00:00:00+05:30,Bowenpally,Bowenpally,Cauliflower,291.0,500.0,1500.0,1200.0
2025-03-22 00:00:00+05:30,Gaddiannaram,L.B Nagar,Beet Root,12.0,1000.0,2000.0,1500.0
2025-03-22 00:00:00+05:30,Hyderabad,Madannapeta,Beet Root,7.0,1000.0,1200.0,1100.0
2025-03-22 00:00:00+05:30,Hyderabad,Meeralamandi,Carrot,4.0,1200.0,1200.0,1200.0
2025-03-22 00:00:00+05:30,Bhainsa,Bhainsa,Maize,115.34,1449.0,2135.0,2132.0
2025-03-22 00:00:00+05:30,Narayanpet,Narayanpet,Jowar,370.44,3209.0,4775.0,4560.0
2025-03-22 00:00:00+05:30,Gudimalkapur,Gudumalkapur,Cauliflower,268.0,500.0,1500.0,1000.0
2025-03-22 00:00:00+05:30,Vantimamidi,Vantimamidi,Groundnut pods,28.0,2500.0,3000.0,2750.0
2025-03-23 00:00:00+05:30,Gaddiannaram,Gaddiannaram,Mango,10.0,1100.0,1650.0,1350.0
2025-03-23 00:00:00+05:30,Gaddiannaram,L.B Nagar,Beet Root,18.0,1000.0,2000.0,1500.0
2025-03-23 00:00:00+05:30,Bowenpally,Bowenpally,Cauliflower,265.0,500.0,1500.0,1200.0
2025-03-23 00:00:00+05:30,Hyderabad,Madannapeta,Beet Root,11.0,1000.0,1200.0,1100.0
2025-03-23 00:00:00+05:30,Hyderabad,Meeralamandi,Carrot,3.0,1500.0,1500.0,1500.0
2025-03-23 00:00:00+05:30,Navabpet(MBNR),Navabpet,Maize,103.0,2190.0,2263.0,2263.0
2025-03-23 00:00:00+05:30,Gudimalkapur,Gudumalkapur,Cauliflower,320.0,800.0,1500.0,1000.0
2025-03-23 00:00:00+05:30,Vantimamidi,Vantimamidi,Groundnut pods,43.0,3000.0,3000.0,3000.0
2025-03-24 00:00:00+05:30,Gaddiannaram,Gaddiannaram,Mango,19.0,1110.0,1650.0,1350.0
2025-03-24 00:00:00+05:30,Gaddiannaram,L.B Nagar,Beet Root,12.0,1000.0,2000.0,1500.0
2025-03-24 00:00:00+05:30,Bowenpally,Bowenpally,Cauliflower,271.0,500.0,1500.0,1200.0
2025-03-24 00:00:00+05:30,Hyderabad,Mahabubmansion,Chillies(Dry),400.0,7000.0,10500.0,8000.0
2025-03-24 00:00:00+05:30,Hyderabad,Madannapeta,Beet Root,10.0,1000.0,1500.0,1250.0
2025-03-24 00:00:00+05:30,Hyderabad,Meeralamandi,Carrot,3.0,1200.0,1500.0,1350.0
2025-03-24 00:00:00+05:30,Bhainsa,Bhainsa,Maize,231.43,1755.0,2136.0,1755.0
2025-03-24 00:00:00+05:30,Jainath,Jainath,Maize,180.0,2225.0,2225.0,2225.0
2025-03-24 00:00:00+05:30,Choppadandi,Choppadandi,Paddy,20.0,2151.0,2151.0,2151.0
2025-03-24 00:00:00+05:30,Siddipet,Siddipet,Paddy,27.13,1950.0,1950.0,1950.0
2025-03-24 00:00:00+05:30,Achampet,Achampet,Maize,40.0,2181.0,2181.0,2181.0
2025-03-24 00:00:00+05:30,Gudimalkapur,Gudumalkapur,Cauliflower,243.0,800.0,1500.0,1000.0
2025-03-25 00:00:00+05:30,Gaddiannaram,Gaddiannaram,Mango,21.0,800.0,2200.0,1100.0
2025-03-24 00:00:00+05:30,Vantimamidi,Vantimamidi,Groundnut pods,40.0,2500.0,3000.0,2750.0
2025-03-25 00:00:00+05:30,Bowenpally,Bowenpally,Cauliflower,287.0,500.0,1500.0,1200.0
2025-03-25 00:00:00+05:30,Gaddiannaram,L.B Nagar,Beet Root,10.0,1000.0,2000.0,1500.0
2025-03-24 00:00:00+05:30,Narayanpet,Narayanpet,Jowar,289.1,2810.0,4719.0,4641.0
2025-03-25 00:00:00+05:30,Hyderabad,Mahabubmansion,Chillies(Dry),211.0,6000.0,10000.0,8000.0
2025-03-25 00:00:00+05:30,Hyderabad,Madannapeta,Beet Root,5.0,1200.0,1200.0,1200.0
2025-03-25 00:00:00+05:30,Hyderabad,Meeralamandi,Carrot,3.0,1200.0,1500.0,1350.0
2025-03-25 00:00:00+05:30,Bhainsa,Bhainsa,Maize,101.36,1751.0,2141.0,2141.0
2025-03-25 00:00:00+05:30,Choppadandi,Choppadandi,Paddy,1.0,2106.0,2106.0,2106.0
2025-03-25 00:00:00+05:30,Gudimalkapur,Gudumalkapur,Cauliflower,185.0,1000.0,1500.0,1200.0
2025-03-25 00:00:00+05:30,Vantimamidi,Vantimamidi,Groundnut pods,47.0,1500.0,2500.0,2000.0
2025-03-26 00:00:00+05:30,Gaddiannaram,L.B Nagar,Beet Root,20.0,1000.0,2000.0,1500.0
2025-03-26 00:00:00+05:30,Bowenpally,Bowenpally,Cauliflower,266.0,500.0,1500.0,1200.0
2025-03-25 00:00:00+05:30,Narayanpet,Narayanpet,Jowar,257.25,3405.0,4752.0,4611.0
2025-03-26 00:00:00+05:30,Hyderabad,Mahabubmansion,Chillies(Dry),392.0,6000.0,10600.0,8000.0
2025-03-26 00:00:00+05:30,Hyderabad,Madannapeta,Beet Root,15.0,1000.0,1000.0,1000.0
2025-03-26 00:00:00+05:30,Bhainsa,Bhainsa,Maize,46.47,1639.0,2011.0,1639.0
2025-03-26 00:00:00+05:30,Hyderabad,Meeralamandi,Carrot,4.0,1200.0,1500.0,1350.0
2025-03-26 00:00:00+05:30,Choppadandi,Choppadandi,Paddy,4.0,2106.0,2106.0,2106.0
2025-03-26 00:00:00+05:30,Narayanpet,Narayanpet,Jowar,299.39,2852.0,4570.0,4569.0
2025-03-26 00:00:00+05:30,Vantimamidi,Vantimamidi,Groundnut pods,75.0,2000.0,3000.0,2500.0
2025-03-26 00:00:00+05:30,Gudimalkapur,Gudumalkapur,Cauliflower,248.0,1000.0,1500.0,1200.0
2025-03-27 00:00:00+05:30,Gaddiannaram,L.B Nagar,Beet Root,20.0,1000.0,2000.0,1500.0
2025-03-27 00:00:00+05:30,Bowenpally,Bowenpally,Cauliflower,270.0,500.0,1500.0,1200.0
2025-03-26 00:00:00+05:30,Wanaparthy Town,W.P.Town,Rice,45.0,2222.0,2222.0,2222.0
2025-03-27 00:00:00+05:30,Hyderabad,Mahabubmansion,Chillies(Dry),299.0,6000.0,10000.0,8000.0
2025-03-27 00:00:00+05:30,Hyderabad,Madannapeta,Beet Root,13.0,1000.0,1000.0,1000.0
2025-03-27 00:00:00+05:30,Choppadandi,Choppadandi,Paddy,11.0,2133.0,2133.0,2133.0
2025-03-27 00:00:00+05:30,Hyderabad,Meeralamandi,Carrot,3.0,1500.0,1500.0,1500.0
2025-03-27 00:00:00+05:30,Bhainsa,Bhainsa,Maize,43.7,1789.0,1789.0,1789.0
2025-03-27 00:00:00+05:30,Jainath,Jainath,Maize,200.0,2225.0,2225.0,2225.0
2025-03-27 00:00:00+05:30,Chevella,Chevella,Jowar,6.0,2500.0,2500.0,2500.0
2025-03-27 00:00:00+05:30,Gudimalkapur,Gudumalkapur,Cauliflower,237.0,800.0,1500.0,1000.0
2025-03-27 00:00:00+05:30,Vantimamidi,Vantimamidi,Groundnut pods,40.0,2500.0,2500.0,2500.0
2025-03-28 00:00:00+05:30,Gaddiannaram,L.B Nagar,Beet Root,15.0,1000.0,2000.0,1500.0
2025-03-28 00:00:00+05:30,Bowenpally,Bowenpally,Cauliflower,260.0,500.0,1500.0,1200.0
2025-03-28 00:00:00+05:30,Hyderabad,Madannapeta,Beet Root,15.0,800.0,1000.0,900.0
2025-03-28 00:00:00+05:30,Hyderabad,Meeralamandi,Carrot,4.0,1200.0,1500.0,1350.0
2025-03-27 00:00:00+05:30,Narayanpet,Narayanpet,Jowar,167.58,3055.0,4520.0,3655.0
2025-03-28 00:00:00+05:30,Bhainsa,Bhainsa,Maize,32.67,1587.0,2149.0,2086.0
2025-03-28 00:00:00+05:30,Jainath,Jainath,Maize,352.7,2225.0,2225.0,2225.0
2025-03-28 00:00:00+05:30,Suryapet,Suryapet,Paddy,26.0,1811.0,1811.0,1811.0
2025-03-28 00:00:00+05:30,Nizamabad,Nizamabad,Paddy,1.0,2300.0,2300.0,2300.0
2025-03-28 00:00:00+05:30,Siddipet,Siddipet,Paddy,6.61,1925.0,1925.0,1925.0
2025-03-28 00:00:00+05:30,Gudimalkapur,Gudumalkapur,Cauliflower,155.0,800.0,1500.0,1000.0
2025-03-29 00:00:00+05:30,Gaddiannaram,Gaddiannaram,Mango,14.0,2200.0,2200.0,2200.0
2025-03-28 00:00:00+05:30,Vantimamidi,Vantimamidi,Groundnut pods,5.0,3000.0,3000.0,3000.0
2025-03-29 00:00:00+05:30,Bowenpally,Bowenpally,Cauliflower,267.0,500.0,1500.0,1200.0
2025-03-29 00:00:00+05:30,Gaddiannaram,L.B Nagar,Beet Root,17.0,1000.0,2000.0,1500.0
2025-03-29 00:00:00+05:30,Hyderabad,Madannapeta,Beet Root,5.0,1000.0,1000.0,1000.0
2025-03-29 00:00:00+05:30,Hyderabad,Meeralamandi,Carrot,4.0,1200.0,1500.0,1350.0
2025-03-28 00:00:00+05:30,Narayanpet,Narayanpet,Jowar,248.92,2555.0,4425.0,3855.0
2025-03-29 00:00:00+05:30,Jainath,Jainath,Maize,350.0,2225.0,2225.0,2225.0
2025-03-29 00:00:00+05:30,Nizamabad,Nizamabad,Paddy,1.0,2300.0,2300.0,2300.0
2025-03-29 00:00:00+05:30,Gudimalkapur,Gudumalkapur,Cauliflower,200.0,800.0,1500.0,1000.0
2025-03-31 00:00:00+05:30,Nizamabad,Nizamabad,Paddy,1.0,2300.0,2300.0,2300.0
2025-03-31 00:00:00+05:30,Vantimamidi,Vantimamidi,Groundnut pods,10.0,3200.0,3200.0,3200.0
2025-03-31 00:00:00+05:30,Bowenpally,Bowenpally,Cauliflower,216.0,500.0,1500.0,1200.0
2025-03-31 00:00:00+05:30,Gaddiannaram,L.B Nagar,Beet Root,12.0,1000.0,2000.0,1500.0
2025-03-31 00:00:00+05:30,Hyderabad,Madannapeta,Beet Root,5.0,1200.0,1200.0,1200.0
2025-03-31 00:00:00+05:30,Gudimalkapur,Gudumalkapur,Cauliflower,55.0,800.0,1000.0,800.0
2025-03-30 00:00:00+05:30,Nizamabad,Nizamabad,Paddy,1.0,2300.0,2300.0,2300.0
2025-03-31 00:00:00+05:30,Jainath,Jainath,Maize,337.08,2225.0,2225.0,2225.0
2025-03-24 00:00:00+05:30,Gaddiannaram,L.B Nagar,Carrot,43.0,1000.0,1500.0,1200.0
2025-03-24 00:00:00+05:30,Gaddiannaram,Gaddiannaram,Mango,349.0,1650.0,6650.0,2750.0
2025-03-23 00:00:00+05:30,Vantimamidi,Vantimamidi,Cabbage,50.0,500.0,1500.0,1000.0
2025-03-23 00:00:00+05:30,Gudimalkapur,Gudumalkapur,Beet Root,99.0,500.0,800.0,600.0
2025-03-23 00:00:00+05:30,Hyderabad,Meeralamandi,Potato,45.0,1500.0,1600.0,1550.0
2025-03-23 00:00:00+05:30,Adilabad,Adilabad,Cotton,107.9,5510.0,7250.0,6018.0
2025-03-23 00:00:00+05:30,Hyderabad,Madannapeta,Carrot,20.0,1000.0,1200.0,1100.0
2025-03-23 00:00:00+05:30,Bowenpally,Bowenpally,Beet Root,673.0,300.0,1400.0,1000.0
2025-03-23 00:00:00+05:30,Gaddiannaram,L.B Nagar,Carrot,45.0,1000.0,1500.0,1200.0
2025-03-23 00:00:00+05:30,Gaddiannaram,Gaddiannaram,Mango,165.0,1650.0,5800.0,2500.0
2025-03-22 00:00:00+05:30,Vantimamidi,Vantimamidi,Cabbage,30.0,600.0,1200.0,900.0
2025-03-22 00:00:00+05:30,Gudimalkapur,Gudumalkapur,Beet Root,91.0,400.0,1000.0,600.0
2025-03-22 00:00:00+05:30,Gadwal,Gadwal,Red Gram,12.0,6029.0,6416.0,6416.0
2025-03-22 00:00:00+05:30,Suryapet,Suryapet,Paddy,2263.0,1609.0,2523.0,2411.0
2025-03-22 00:00:00+05:30,Pargi,Pargi,Maize,25.0,2280.0,2280.0,2280.0
2025-03-22 00:00:00+05:30,Adilabad,Adilabad,Cotton,147.75,5655.0,7250.0,7105.0
2025-03-21 00:00:00+05:30,Sadasivpet,Sadasivapet,Maize,20.0,2250.0,2250.0,2250.0
2025-03-21 00:00:00+05:30,Wanaparthy Town,W.P.Town,Maize,25.0,2221.0,2221.0,2221.0
2025-03-22 00:00:00+05:30,Hyderabad,Madannapeta,Carrot,20.0,1200.0,1500.0,1300.0
2025-03-22 00:00:00+05:30,Gaddiannaram,L.B Nagar,Carrot,49.0,1000.0,1500.0,1200.0
2025-03-22 00:00:00+05:30,Bowenpally,Bowenpally,Beet Root,578.0,400.0,1200.0,1000.0
2025-03-21 00:00:00+05:30,Vantimamidi,Vantimamidi,Cabbage,11.0,500.0,800.0,650.0
2025-03-22 00:00:00+05:30,Gaddiannaram,Gaddiannaram,Mango,289.0,1650.0,5000.0,2750.0
2025-03-21 00:00:00+05:30,Gadwal,Gadwal,Red Gram,20.0,5689.0,6439.0,6439.0
2025-03-21 00:00:00+05:30,Gudimalkapur,Gudumalkapur,Beet Root,87.0,500.0,700.0,600.0
2025-03-21 00:00:00+05:30,Vemulawada,Vemulawada,Maize,220.0,2090.0,2225.0,2225.0
2025-03-21 00:00:00+05:30,Suryapet,Suryapet,Paddy,1072.0,1806.0,2673.0,2301.0
2025-03-21 00:00:00+05:30,Adilabad,Adilabad,Cotton,85.05,5655.0,7250.0,6018.0
2025-03-20 00:00:00+05:30,Wanaparthy Town,W.P.Town,Maize,25.0,2311.0,2311.0,2311.0
2025-03-20 00:00:00+05:30,Devarakadra,Devarakadra,Red Gram,27.0,6913.0,6913.0,6913.0
2025-03-21 00:00:00+05:30,Hyderabad,Meeralamandi,Potato,67.0,1200.0,1500.0,1350.0
2025-03-21 00:00:00+05:30,Hyderabad,Madannapeta,Carrot,16.0,1200.0,1400.0,1300.0
2025-03-21 00:00:00+05:30,Hyderabad,Mahabubmansion,Chillies(Dry),585.0,3000.0,6000.0,5000.0
2025-03-21 00:00:00+05:30,Bowenpally,Bowenpally,Beet Root,833.0,200.0,1200.0,800.0
2025-03-21 00:00:00+05:30,Gaddiannaram,L.B Nagar,Carrot,50.0,1000.0,1500.0,1200.0
2025-03-21 00:00:00+05:30,Gaddiannaram,Gaddiannaram,Mango,238.0,1900.0,4400.0,2750.0
2025-03-20 00:00:00+05:30,Vantimamidi,Vantimamidi,Cabbage,25.0,500.0,1000.0,750.0
2025-03-20 00:00:00+05:30,Gudimalkapur,Gudumalkapur,Beet Root,79.0,400.0,1000.0,600.0
2025-03-20 00:00:00+05:30,Suryapet,Suryapet,Paddy,963.0,1856.0,2513.0,2281.0
2025-03-20 00:00:00+05:30,Adilabad,Adilabad,Cotton,67.9,5544.0,7200.0,5976.0
2025-03-20 00:00:00+05:30,Gadwal,Gadwal,Red Gram,15.0,6011.0,6439.0,6413.0
2025-03-20 00:00:00+05:30,Hyderabad,Madannapeta,Carrot,25.0,1200.0,1500.0,1350.0
2025-03-20 00:00:00+05:30,Hyderabad,Mahabubmansion,Chillies(Dry),902.0,3000.0,6000.0,5000.0
2025-03-20 00:00:00+05:30,Gaddiannaram,L.B Nagar,Carrot,44.0,1000.0,1500.0,1200.0
2025-03-20 00:00:00+05:30,Bowenpally,Bowenpally,Beet Root,920.0,400.0,1200.0,1000.0
2025-03-19 00:00:00+05:30,Vantimamidi,Vantimamidi,Cabbage,49.0,500.0,1000.0,750.0
2025-03-20 00:00:00+05:30,Gaddiannaram,Gaddiannaram,Mango,238.0,2200.0,5550.0,2750.0
2025-03-19 00:00:00+05:30,Gudimalkapur,Gudumalkapur,Beet Root,120.0,500.0,700.0,600.0
2025-03-19 00:00:00+05:30,Suryapet,Suryapet,Paddy,1114.0,1539.0,2683.0,2416.0
2025-03-19 00:00:00+05:30,Bhainsa,Bhainsa,Jowar,4.01,1050.0,1466.0,1212.0
2025-03-19 00:00:00+05:30,Adilabad,Adilabad,Cotton,81.75,5467.0,7200.0,6390.0
2025-03-19 00:00:00+05:30,Hyderabad,Mahabubmansion,Chillies(Dry),276.0,3000.0,6000.0,5000.0
2025-03-19 00:00:00+05:30,Hyderabad,Madannapeta,Carrot,19.0,1300.0,1500.0,1400.0
2025-03-19 00:00:00+05:30,Gaddiannaram,L.B Nagar,Carrot,55.0,1000.0,1500.0,1200.0
2025-03-19 00:00:00+05:30,Bowenpally,Bowenpally,Beet Root,540.0,400.0,1400.0,1000.0
2025-03-18 00:00:00+05:30,Vantimamidi,Vantimamidi,Cabbage,34.0,500.0,1000.0,750.0
2025-03-19 00:00:00+05:30,Gaddiannaram,Gaddiannaram,Mango,295.0,3889.0,9444.0,5000.0
2025-03-18 00:00:00+05:30,Gadwal,Gadwal,Red Gram,29.0,3619.0,6419.0,6289.0
2025-03-18 00:00:00+05:30,Gudimalkapur,Gudumalkapur,Beet Root,156.0,500.0,1000.0,700.0
2025-03-18 00:00:00+05:30,Choppadandi,Choppadandi,Paddy,4.0,2205.0,2205.0,2205.0
2025-03-18 00:00:00+05:30,Adilabad,Adilabad,Cotton,161.8,5396.0,7100.0,5609.0
2025-03-18 00:00:00+05:30,Mahbubnagar,Mahaboobnagar,Maize,2.0,2022.0,2022.0,2022.0
2025-03-18 00:00:00+05:30,Bhainsa,Bhainsa,Jowar,1.22,1464.0,1464.0,1464.0
2025-03-18 00:00:00+05:30,Suryapet,Suryapet,Paddy,1352.0,1859.0,2639.0,2249.0
2025-03-18 00:00:00+05:30,Pargi,Pargi,Maize,8.0,2169.0,2271.0,2271.0
2025-03-18 00:00:00+05:30,Marpally,Marpally,Red Gram,15.0,6700.0,7100.0,6900.0
2025-03-18 00:00:00+05:30,Hyderabad,Mahabubmansion,Chillies(Dry),319.0,3000.0,6000.0,5000.0
2025-03-18 00:00:00+05:30,Hyderabad,Madannapeta,Carrot,18.0,1300.0,1500.0,1400.0
2025-03-18 00:00:00+05:30,Bowenpally,Bowenpally,Beet Root,770.0,200.0,1000.0,800.0
2025-03-18 00:00:00+05:30,Gaddiannaram,L.B Nagar,Carrot,60.0,1000.0,1500.0,1200.0
2025-03-18 00:00:00+05:30,Gaddiannaram,Gaddiannaram,Mango,386.0,2750.0,5550.0,3600.0
2025-03-17 00:00:00+05:30,Vantimamidi,Vantimamidi,Cabbage,33.0,500.0,1500.0,1000.0
2025-03-17 00:00:00+05:30,Gudimalkapur,Gudumalkapur,Beet Root,95.0,700.0,1000.0,800.0
2025-03-17 00:00:00+05:30,Suryapet,Suryapet,Paddy,951.0,1819.0,2719.0,2289.0
2025-03-17 00:00:00+05:30,Gadwal,Gadwal,Red Gram,62.0,5119.0,6769.0,6389.0
2025-03-17 00:00:00+05:30,Vikarabad,Vikarabad,Bengal Gram,97.5,4545.0,5660.0,5611.0
2025-03-17 00:00:00+05:30,Bhainsa,Bhainsa,Jowar,16.74,1419.0,1752.0,1752.0
2025-03-16 00:00:00+05:30,Husnabad,Husnabad,Maize,180.0,2250.0,2330.0,2300.0
2025-03-17 00:00:00+05:30,Hyderabad,Meeralamandi,Potato,22.0,1800.0,2000.0,1900.0
2025-03-17 00:00:00+05:30,Hyderabad,Madannapeta,Carrot,14.0,1200.0,1500.0,1350.0
2025-03-17 00:00:00+05:30,Hyderabad,Mahabubmansion,Chillies(Dry),219.0,3000.0,6000.0,5000.0
2025-03-17 00:00:00+05:30,Bowenpally,Bowenpally,Beet Root,945.0,200.0,1000.0,700.0
2025-03-17 00:00:00+05:30,Gaddiannaram,L.B Nagar,Carrot,50.0,1000.0,1500.0,1200.0
2025-03-17 00:00:00+05:30,Gaddiannaram,Gaddiannaram,Mango,207.0,2750.0,10000.0,4150.0
2025-03-16 00:00:00+05:30,Vantimamidi,Vantimamidi,Cabbage,27.0,500.0,1200.0,850.0
2025-03-16 00:00:00+05:30,Gudimalkapur,Gudumalkapur,Beet Root,140.0,800.0,1500.0,1000.0
2025-03-15 00:00:00+05:30,Husnabad,Husnabad,Maize,150.0,2250.0,2330.0,2300.0
2025-03-16 00:00:00+05:30,Adilabad,Adilabad,Cotton,15.45,5600.0,7000.0,5600.0
2025-03-16 00:00:00+05:30,Gaddiannaram,Gaddiannaram,Mango,4.0,2750.0,10000.0,5550.0
2025-03-16 00:00:00+05:30,Hyderabad,Madannapeta,Carrot,24.0,1400.0,1500.0,1450.0
2025-03-16 00:00:00+05:30,Bowenpally,Bowenpally,Beet Root,1195.0,300.0,1200.0,800.0
2025-03-16 00:00:00+05:30,Gaddiannaram,L.B Nagar,Carrot,43.0,1000.0,2000.0,1500.0
2025-03-15 00:00:00+05:30,Vantimamidi,Vantimamidi,Cabbage,74.0,500.0,1200.0,850.0
2025-03-15 00:00:00+05:30,Gudimalkapur,Gudumalkapur,Beet Root,63.0,600.0,800.0,700.0
2025-03-15 00:00:00+05:30,Suryapet,Suryapet,Paddy,811.0,1906.0,2826.0,2593.0
2025-03-15 00:00:00+05:30,Bhainsa,Bhainsa,Jowar,15.5,1967.0,1967.0,1967.0
2025-03-15 00:00:00+05:30,Sadasivpet,Sadasivapet,Maize,35.0,2200.0,2200.0,2200.0
2025-03-15 00:00:00+05:30,Hyderabad,Meeralamandi,Potato,30.0,1500.0,1600.0,1550.0
2025-03-15 00:00:00+05:30,Hyderabad,Madannapeta,Carrot,15.0,1500.0,1600.0,1550.0
2025-03-15 00:00:00+05:30,Bowenpally,Bowenpally,Beet Root,618.0,300.0,1200.0,800.0
2025-03-15 00:00:00+05:30,Gaddiannaram,L.B Nagar,Carrot,40.0,1000.0,2000.0,1500.0
2025-03-14 00:00:00+05:30,Gudimalkapur,Gudumalkapur,Beet Root,45.0,800.0,1000.0,900.0
2025-03-14 00:00:00+05:30,Hyderabad,Madannapeta,Carrot,18.0,1300.0,1500.0,1400.0
2025-03-13 00:00:00+05:30,Narayanpet,Narayanpet,Bengal Gram,3.43,5680.0,5680.0,5680.0
2025-03-14 00:00:00+05:30,Adilabad,Adilabad,Cotton,99.9,5250.0,7000.0,5530.0
2025-03-14 00:00:00+05:30,Bowenpally,Bowenpally,Beet Root,395.0,400.0,1400.0,1100.0
2025-03-14 00:00:00+05:30,Gaddiannaram,L.B Nagar,Carrot,35.0,1000.0,2000.0,1500.0
2025-03-14 00:00:00+05:30,Gaddiannaram,Gaddiannaram,Mango,10.0,5000.0,8300.0,5550.0
2025-03-13 00:00:00+05:30,Vantimamidi,Vantimamidi,Cabbage,43.0,500.0,1000.0,750.0
2025-03-13 00:00:00+05:30,Gudimalkapur,Gudumalkapur,Beet Root,129.0,400.0,1000.0,600.0
2025-03-13 00:00:00+05:30,Suryapet,Suryapet,Paddy,745.0,1712.0,2703.0,2616.0
2025-03-13 00:00:00+05:30,Adilabad,Adilabad,Cotton,161.0,5282.0,6950.0,5491.0
2025-03-12 00:00:00+05:30,Narayanpet,Narayanpet,Bengal Gram,0.98,5812.0,5812.0,5812.0
2025-03-13 00:00:00+05:30,Hyderabad,Madannapeta,Carrot,24.0,1300.0,1500.0,1400.0
2025-03-13 00:00:00+05:30,Bowenpally,Bowenpally,Beet Root,950.0,300.0,1000.0,800.0
2025-03-12 00:00:00+05:30,Ghanpur,Ghanpur,Maize,314.0,2000.0,2460.0,2250.0
2025-03-12 00:00:00+05:30,Gadwal,Gadwal,Red Gram,68.0,4026.0,6869.0,6319.0
2025-03-12 00:00:00+05:30,Vantimamidi,Vantimamidi,Cabbage,22.0,500.0,1000.0,750.0
2025-03-13 00:00:00+05:30,Gaddiannaram,L.B Nagar,Carrot,64.0,1000.0,2000.0,1500.0
2025-03-13 00:00:00+05:30,Gaddiannaram,Gaddiannaram,Mango,80.0,3300.0,8850.0,3850.0
2025-03-12 00:00:00+05:30,Gudimalkapur,Gudumalkapur,Beet Root,141.0,800.0,1200.0,1000.0
2025-03-12 00:00:00+05:30,Adilabad,Adilabad,Cotton,174.75,5244.0,6950.0,5727.0
2025-03-12 00:00:00+05:30,Suryapet,Suryapet,Paddy,789.0,1789.0,2713.0,2679.0
2025-03-12 00:00:00+05:30,Hyderabad,Meeralamandi,Potato,17.0,1500.0,1500.0,1500.0
2025-03-12 00:00:00+05:30,Hyderabad,Mahabubmansion,Chillies(Dry),388.0,3000.0,6000.0,5000.0
2025-03-12 00:00:00+05:30,Hyderabad,Madannapeta,Carrot,18.0,1300.0,1500.0,1400.0
2025-03-12 00:00:00+05:30,Gaddiannaram,L.B Nagar,Carrot,57.0,1000.0,2000.0,1500.0
2025-03-12 00:00:00+05:30,Bowenpally,Bowenpally,Beet Root,894.0,300.0,1200.0,800.0
2025-03-11 00:00:00+05:30,Vantimamidi,Vantimamidi,Cabbage,35.0,500.0,1000.0,750.0
2025-03-12 00:00:00+05:30,Gaddiannaram,Gaddiannaram,Mango,84.0,2750.0,9400.0,3850.0
2025-03-11 00:00:00+05:30,Gudimalkapur,Gudumalkapur,Beet Root,139.0,800.0,1000.0,900.0
2025-03-11 00:00:00+05:30,Pargi,Pargi,Maize,5.0,2309.0,2333.0,2333.0
2025-03-11 00:00:00+05:30,Choppadandi,Choppadandi,Paddy,1.0,2106.0,2106.0,2106.0
2025-03-11 00:00:00+05:30,Suryapet,Suryapet,Paddy,1481.0,1736.0,2703.0,2559.0
2025-03-11 00:00:00+05:30,Narayanpet,Narayanpet,Bengal Gram,14.21,5659.0,5720.0,5659.0
2025-03-11 00:00:00+05:30,Gadwal,Gadwal,Red Gram,9.0,6489.0,6789.0,6759.0
2025-03-11 00:00:00+05:30,Ghanpur,Ghanpur,Maize,1138.0,2000.0,2460.0,2250.0
2025-03-11 00:00:00+05:30,Bhainsa,Bhainsa,Jowar,15.0,1555.0,1555.0,1555.0
2025-03-11 00:00:00+05:30,Adilabad,Adilabad,Cotton,601.94,5037.0,6900.0,5796.0
2025-03-11 00:00:00+05:30,Adilabad,Adilabad,Cotton,1573.67,7123.0,7421.0,7421.0
2025-03-11 00:00:00+05:30,Hyderabad,Meeralamandi,Potato,40.0,1300.0,1500.0,1400.0
2025-03-11 00:00:00+05:30,Hyderabad,Mahabubmansion,Chillies(Dry),453.0,3000.0,6000.0,5000.0
2025-03-11 00:00:00+05:30,Hyderabad,Madannapeta,Carrot,23.0,1200.0,1500.0,1350.0
2025-03-11 00:00:00+05:30,Gaddiannaram,L.B Nagar,Carrot,60.0,1000.0,2000.0,1500.0
2025-03-11 00:00:00+05:30,Bowenpally,Bowenpally,Beet Root,915.0,500.0,1400.0,1000.0
2025-03-10 00:00:00+05:30,Vantimamidi,Vantimamidi,Cabbage,62.0,500.0,1000.0,750.0
2025-03-11 00:00:00+05:30,Gaddiannaram,Gaddiannaram,Mango,33.0,3850.0,14400.0,7500.0
2025-03-10 00:00:00+05:30,Gudimalkapur,Gudumalkapur,Beet Root,93.0,600.0,1000.0,800.0
2025-03-10 00:00:00+05:30,Narayanpet,Narayanpet,Bengal Gram,6.37,5719.0,5719.0,5719.0
2025-03-10 00:00:00+05:30,Gadwal,Gadwal,Red Gram,67.0,2636.0,6829.0,6819.0
2025-03-09 00:00:00+05:30,Wanaparthy Town,W.P.Town,Maize,55.0,4889.0,6399.0,5739.0
2025-03-10 00:00:00+05:30,Tandur,Tandur,Maize,5.0,2250.0,2250.0,2250.0
2025-03-10 00:00:00+05:30,Suryapet,Suryapet,Paddy,751.0,2113.0,2749.0,2621.0
2025-03-10 00:00:00+05:30,Jogipet,Jogipet,Maize,5.1,2300.0,2300.0,2300.0
2025-03-10 00:00:00+05:30,Vemulawada,Vemulawada,Maize,89.0,2225.0,2225.0,2225.0
2025-03-10 00:00:00+05:30,Hyderabad,Mahabubmansion,Chillies(Dry),404.0,3000.0,6000.0,5000.0
2025-03-10 00:00:00+05:30,Hyderabad,Madannapeta,Carrot,25.0,1400.0,1600.0,1500.0
2025-03-10 00:00:00+05:30,Bowenpally,Bowenpally,Beet Root,848.0,400.0,1500.0,1100.0
2025-03-10 00:00:00+05:30,Gaddiannaram,L.B Nagar,Carrot,35.0,1000.0,1500.0,1200.0
2025-03-10 00:00:00+05:30,Gaddiannaram,Gaddiannaram,Mango,88.0,2750.0,12750.0,3300.0
2025-03-09 00:00:00+05:30,Gudimalkapur,Gudumalkapur,Beet Root,84.0,800.0,1200.0,800.0
2025-03-08 00:00:00+05:30,Devarakadra,Devarakadra,Red Gram,2.0,6909.0,6909.0,6909.0
2025-03-09 00:00:00+05:30,Adilabad,Adilabad,Cotton,382.59,5106.0,6900.0,5796.0
2025-03-09 00:00:00+05:30,Adilabad,Adilabad,Cotton,1131.03,7123.0,7421.0,7421.0
2025-03-09 00:00:00+05:30,Luxettipet,Luxettipet,Cotton,650.0,7500.0,7500.0,7500.0
2025-03-09 00:00:00+05:30,Hyderabad,Madannapeta,Carrot,15.0,1300.0,1500.0,1400.0
2025-03-09 00:00:00+05:30,Bowenpally,Bowenpally,Beet Root,1100.0,400.0,1400.0,1100.0
2025-03-09 00:00:00+05:30,Gaddiannaram,Gaddiannaram,Mango,4.0,3850.0,3850.0,3850.0
2025-03-09 00:00:00+05:30,Gaddiannaram,L.B Nagar,Carrot,47.0,1000.0,2000.0,1500.0
2025-03-08 00:00:00+05:30,Vantimamidi,Vantimamidi,Cabbage,74.0,500.0,1000.0,750.0
2025-03-08 00:00:00+05:30,Gudimalkapur,Gudumalkapur,Beet Root,92.0,800.0,1000.0,800.0
2025-03-08 00:00:00+05:30,Suryapet,Suryapet,Paddy,351.0,1569.0,2763.0,2523.0
2025-03-08 00:00:00+05:30,Adilabad,Adilabad,Cotton,305.93,5313.0,6900.0,6141.0
2025-03-08 00:00:00+05:30,Adilabad,Adilabad,Cotton,548.15,7123.0,7421.0,7421.0
2025-03-08 00:00:00+05:30,Narayanpet,Narayanpet,Bengal Gram,19.11,5811.0,5950.0,5811.0
2025-03-08 00:00:00+05:30,Hyderabad,Mahabubmansion,Chillies(Dry),388.0,3000.0,6000.0,5000.0
2025-03-07 00:00:00+05:30,Narayanpet,Narayanpet,Bengal Gram,12.74,5850.0,5850.0,5850.0
2025-03-07 00:00:00+05:30,Atmakur(WNP),Atmakur,Castor,24.0,5800.0,5800.0,5800.0
2025-03-08 00:00:00+05:30,Hyderabad,Madannapeta,Carrot,15.0,1300.0,1500.0,1400.0
2025-03-08 00:00:00+05:30,Bowenpally,Bowenpally,Beet Root,722.0,300.0,1200.0,800.0
2025-03-08 00:00:00+05:30,Gaddiannaram,L.B Nagar,Carrot,70.0,1000.0,2000.0,1500.0
2025-03-08 00:00:00+05:30,Gaddiannaram,Gaddiannaram,Mango,20.0,4400.0,9400.0,6350.0
2025-03-07 00:00:00+05:30,Vantimamidi,Vantimamidi,Cabbage,47.0,500.0,1000.0,750.0
2025-03-07 00:00:00+05:30,Gudimalkapur,Gudumalkapur,Beet Root,74.0,800.0,1100.0,900.0
2025-03-07 00:00:00+05:30,Mahbubnagar,Mahaboobnagar,Maize,32.0,2290.0,2312.0,2312.0
2025-03-07 00:00:00+05:30,Gadwal,Gadwal,Red Gram,88.0,2066.0,6919.0,6869.0
2025-03-07 00:00:00+05:30,Adilabad,Adilabad,Cotton,577.01,7123.0,7421.0,7421.0
2025-03-07 00:00:00+05:30,Choppadandi,Choppadandi,Paddy,1.0,2202.0,2202.0,2202.0
2025-03-07 00:00:00+05:30,Pargi,Pargi,Maize,15.0,2310.0,2310.0,2310.0
2025-03-07 00:00:00+05:30,Hyderabad,Mahabubmansion,Chillies(Dry),633.0,11000.0,13000.0,11000.0
2025-03-07 00:00:00+05:30,Hyderabad,Meeralamandi,Potato,47.0,1200.0,1300.0,1250.0
2025-03-07 00:00:00+05:30,Hyderabad,Madannapeta,Carrot,10.0,1200.0,1400.0,1300.0
2025-03-07 00:00:00+05:30,Bowenpally,Bowenpally,Beet Root,735.0,400.0,1400.0,1000.0
2025-03-06 00:00:00+05:30,Gadwal,Gadwal,Red Gram,37.0,4069.0,6869.0,6869.0
2025-03-06 00:00:00+05:30,Vantimamidi,Vantimamidi,Cabbage,46.0,500.0,500.0,500.0
2025-03-07 00:00:00+05:30,Gaddiannaram,L.B Nagar,Carrot,40.0,1000.0,2000.0,1500.0
2025-03-07 00:00:00+05:30,Gaddiannaram,Gaddiannaram,Mango,4.0,8850.0,10000.0,8850.0
2025-03-06 00:00:00+05:30,Gudimalkapur,Gudumalkapur,Beet Root,118.0,800.0,1000.0,900.0
2025-03-06 00:00:00+05:30,Marpally,Marpally,Red Gram,100.0,7000.0,7200.0,7100.0
2025-03-06 00:00:00+05:30,Choppadandi,Choppadandi,Paddy,1.0,2007.0,2007.0,2007.0
2025-03-06 00:00:00+05:30,Suryapet,Suryapet,Paddy,859.0,2126.0,2826.0,2683.0
2025-03-06 00:00:00+05:30,Bhainsa,Bhainsa,Jowar,1.6,1818.0,1818.0,1818.0
2025-03-06 00:00:00+05:30,Adilabad,Adilabad,Cotton,338.92,5382.0,6900.0,6003.0
2025-03-06 00:00:00+05:30,Adilabad,Adilabad,Cotton,942.5,7123.0,7421.0,7421.0
2025-03-06 00:00:00+05:30,Hyderabad,Meeralamandi,Potato,18.0,1200.0,1500.0,1350.0
2025-03-06 00:00:00+05:30,Hyderabad,Madannapeta,Carrot,10.0,1000.0,1200.0,1100.0
2025-03-06 00:00:00+05:30,Hyderabad,Mahabubmansion,Chillies(Dry),306.0,3000.0,6000.0,5000.0
2025-03-06 00:00:00+05:30,Gaddiannaram,L.B Nagar,Carrot,45.0,1000.0,1500.0,1200.0
2025-03-06 00:00:00+05:30,Bowenpally,Bowenpally,Beet Root,767.0,300.0,1200.0,800.0
2025-03-05 00:00:00+05:30,Vantimamidi,Vantimamidi,Cabbage,46.0,500.0,500.0,500.0
2025-03-06 00:00:00+05:30,Gaddiannaram,Gaddiannaram,Mango,28.0,6650.0,15000.0,7750.0
2025-03-05 00:00:00+05:30,Gadwal,Gadwal,Red Gram,51.0,5504.0,6879.0,6629.0
2025-03-05 00:00:00+05:30,Gudimalkapur,Gudumalkapur,Beet Root,103.0,800.0,1200.0,1000.0
2025-03-05 00:00:00+05:30,Parkal,Parkal,Cotton,7.0,6300.0,6700.0,6700.0
2025-03-05 00:00:00+05:30,Siddipet,Siddipet,Paddy,15.75,2511.0,2511.0,2511.0
2025-03-05 00:00:00+05:30,Suryapet,Suryapet,Paddy,914.0,1593.0,2809.0,2636.0
2025-03-04 00:00:00+05:30,Devarakadra,Devarakadra,Red Gram,8.0,6859.0,6859.0,6859.0
2025-03-05 00:00:00+05:30,Adilabad,Adilabad,Cotton,278.89,5037.0,6900.0,5589.0
2025-03-05 00:00:00+05:30,Adilabad,Adilabad,Cotton,1659.08,7123.0,7421.0,7421.0
2025-03-05 00:00:00+05:30,Hyderabad,Mahabubmansion,Chillies(Dry),452.0,3000.0,6000.0,5000.0
2025-03-05 00:00:00+05:30,Hyderabad,Madannapeta,Carrot,20.0,1100.0,1300.0,1200.0
2025-03-05 00:00:00+05:30,Bowenpally,Bowenpally,Beet Root,938.0,400.0,1400.0,1100.0
2025-03-04 00:00:00+05:30,Gadwal,Gadwal,Red Gram,44.0,5809.0,6929.0,6389.0
2025-03-04 00:00:00+05:30,Vantimamidi,Vantimamidi,Cabbage,100.0,500.0,1000.0,750.0
2025-03-05 00:00:00+05:30,Gaddiannaram,L.B Nagar,Carrot,40.0,1000.0,1500.0,1200.0
2025-03-05 00:00:00+05:30,Gaddiannaram,Gaddiannaram,Mango,14.0,8850.0,13850.0,10000.0
2025-03-04 00:00:00+05:30,Gudimalkapur,Gudumalkapur,Beet Root,85.0,800.0,1000.0,900.0
2025-03-04 00:00:00+05:30,Suryapet,Suryapet,Paddy,617.0,1579.0,2768.0,2758.0
2025-03-04 00:00:00+05:30,Bhainsa,Bhainsa,Jowar,3.5,1818.0,1818.0,1818.0
2025-03-04 00:00:00+05:30,Adilabad,Adilabad,Cotton,355.23,5183.0,6900.0,5874.0
2025-03-04 00:00:00+05:30,Adilabad,Adilabad,Cotton,2007.33,7123.0,7421.0,7421.0
2025-03-04 00:00:00+05:30,Pargi,Pargi,Maize,137.0,2300.0,2332.0,2332.0
2025-03-04 00:00:00+05:30,Hyderabad,Madannapeta,Carrot,15.0,1400.0,1600.0,1500.0
2025-03-04 00:00:00+05:30,Hyderabad,Mahabubmansion,Chillies(Dry),428.0,3000.0,6000.0,5000.0
2025-03-03 00:00:00+05:30,Narayanpet,Narayanpet,Bengal Gram,0.98,5609.0,5609.0,5609.0
2025-03-03 00:00:00+05:30,Devarakadra,Devarakadra,Red Gram,7.0,7009.0,7113.0,7061.0
2025-03-04 00:00:00+05:30,Bowenpally,Bowenpally,Beet Root,779.0,400.0,1400.0,1100.0
2025-03-04 00:00:00+05:30,Gaddiannaram,L.B Nagar,Carrot,62.0,1000.0,2000.0,1500.0
2025-03-04 00:00:00+05:30,Gaddiannaram,Gaddiannaram,Mango,41.0,2750.0,12200.0,5000.0
2025-03-03 00:00:00+05:30,Vantimamidi,Vantimamidi,Cabbage,83.0,500.0,500.0,500.0
2025-03-03 00:00:00+05:30,Gudimalkapur,Gudumalkapur,Beet Root,102.0,800.0,1500.0,1000.0
2025-03-02 00:00:00+05:30,Atmakur(WNP),Atmakur,Castor,11.0,5800.0,5800.0,5800.0
2025-03-03 00:00:00+05:30,Tandur,Tandur,Maize,10.0,2259.0,2259.0,2259.0
2025-03-03 00:00:00+05:30,Suryapet,Suryapet,Paddy,623.0,1589.0,2749.0,2714.0
2025-03-03 00:00:00+05:30,Dubbaka,Dubbak,Maize,202.24,2225.0,2225.0,2225.0
2025-03-03 00:00:00+05:30,Gadwal,Gadwal,Red Gram,126.0,1926.0,7019.0,7009.0
2025-03-03 00:00:00+05:30,Ghanpur,Ghanpur,Maize,1521.0,2000.0,2300.0,2200.0
2025-03-03 00:00:00+05:30,Hyderabad,Meeralamandi,Potato,52.0,1500.0,1600.0,1550.0
2025-03-03 00:00:00+05:30,Hyderabad,Madannapeta,Carrot,15.0,1400.0,1600.0,1500.0
2025-03-03 00:00:00+05:30,Hyderabad,Mahabubmansion,Chillies(Dry),439.0,3000.0,6000.0,5000.0
2025-03-03 00:00:00+05:30,Gaddiannaram,L.B Nagar,Carrot,48.0,1000.0,2000.0,1500.0
2025-03-03 00:00:00+05:30,Bowenpally,Bowenpally,Beet Root,892.0,400.0,1200.0,1000.0
2025-03-02 00:00:00+05:30,Vantimamidi,Vantimamidi,Cabbage,48.0,500.0,1000.0,750.0
2025-03-02 00:00:00+05:30,Gudimalkapur,Gudumalkapur,Beet Root,163.0,1000.0,1400.0,1200.0
2025-03-02 00:00:00+05:30,Adilabad,Adilabad,Cotton,511.64,5037.0,6900.0,6141.0
2025-03-02 00:00:00+05:30,Adilabad,Adilabad,Cotton,3344.03,7123.0,7421.0,7421.0
2025-03-02 00:00:00+05:30,Hyderabad,Madannapeta,Carrot,16.0,1500.0,2000.0,1800.0
2025-03-02 00:00:00+05:30,Bowenpally,Bowenpally,Beet Root,1318.0,200.0,1400.0,1000.0
2025-03-01 00:00:00+05:30,Vantimamidi,Vantimamidi,Cabbage,59.0,500.0,500.0,500.0
2025-03-02 00:00:00+05:30,Gaddiannaram,L.B Nagar,Carrot,50.0,1000.0,2000.0,1500.0
2025-03-01 00:00:00+05:30,Gudimalkapur,Gudumalkapur,Beet Root,114.0,800.0,1400.0,1000.0
2025-03-01 00:00:00+05:30,Narayanpet,Narayanpet,Bengal Gram,5.88,5755.0,5755.0,5755.0
2025-03-01 00:00:00+05:30,Husnabad,Husnabad,Maize,10.0,2225.0,2225.0,2225.0
2025-03-01 00:00:00+05:30,Suryapet,Suryapet,Paddy,654.0,1889.0,2736.0,2659.0
2025-03-01 00:00:00+05:30,Hyderabad,Mahabubmansion,Chillies(Dry),445.0,3000.0,6000.0,5000.0
2025-03-01 00:00:00+05:30,Hyderabad,Madannapeta,Carrot,17.0,1500.0,1500.0,1500.0
2025-03-01 00:00:00+05:30,Bowenpally,Bowenpally,Beet Root,888.0,400.0,1400.0,1000.0
2025-03-01 00:00:00+05:30,Gaddiannaram,L.B Nagar,Carrot,52.0,1000.0,2000.0,1500.0
2025-03-01 00:00:00+05:30,Gaddiannaram,Gaddiannaram,Mango,12.0,8300.0,11100.0,8850.0
2025-03-31 00:00:00+05:30,Gudimalkapur,Gudumalkapur,Beet Root,20.0,800.0,1000.0,900.0
2025-03-31 00:00:00+05:30,Hyderabad,Madannapeta,Carrot,15.0,1500.0,1500.0,1500.0
2025-03-30 00:00:00+05:30,Vantimamidi,Vantimamidi,Cabbage,34.0,1000.0,1000.0,1000.0
2025-03-31 00:00:00+05:30,Gaddiannaram,L.B Nagar,Carrot,50.0,1000.0,2000.0,1500.0
2025-03-31 00:00:00+05:30,Bowenpally,Bowenpally,Beet Root,512.0,500.0,1800.0,1400.0
2025-03-30 00:00:00+05:30,Gaddiannaram,Gaddiannaram,Mango,88.0,2200.0,3850.0,2750.0
2025-03-31 00:00:00+05:30,Vantimamidi,Vantimamidi,Cabbage,10.0,600.0,1200.0,900.0
2025-03-29 00:00:00+05:30,Gudimalkapur,Gudumalkapur,Beet Root,44.0,600.0,800.0,600.0
2025-03-28 00:00:00+05:30,Wanaparthy Town,W.P.Town,Maize,50.0,2224.0,2224.0,2224.0
2025-03-29 00:00:00+05:30,Hyderabad,Meeralamandi,Potato,21.0,1500.0,1600.0,1550.0
2025-03-29 00:00:00+05:30,Hyderabad,Madannapeta,Carrot,15.0,1600.0,1800.0,1700.0
2025-03-29 00:00:00+05:30,Gaddiannaram,L.B Nagar,Carrot,45.0,1000.0,2000.0,1500.0
2025-03-29 00:00:00+05:30,Bowenpally,Bowenpally,Beet Root,474.0,200.0,1400.0,1000.0
2025-03-28 00:00:00+05:30,Vantimamidi,Vantimamidi,Cabbage,30.0,500.0,1000.0,750.0
2025-03-29 00:00:00+05:30,Gaddiannaram,Gaddiannaram,Mango,163.0,2200.0,5550.0,3600.0
2025-03-28 00:00:00+05:30,Gudimalkapur,Gudumalkapur,Beet Root,60.0,600.0,800.0,600.0
2025-03-28 00:00:00+05:30,Gadwal,Gadwal,Red Gram,19.0,6289.0,6404.0,6289.0
2025-03-28 00:00:00+05:30,Suryapet,Suryapet,Paddy,3575.0,1715.0,2573.0,2424.0
2025-03-28 00:00:00+05:30,Bhainsa,Bhainsa,Jowar,5.2,1347.0,1367.0,1367.0
2025-03-28 00:00:00+05:30,Pargi,Pargi,Maize,82.0,2200.0,2292.0,2292.0
2025-03-28 00:00:00+05:30,Hyderabad,Madannapeta,Carrot,15.0,1300.0,1500.0,1400.0
2025-03-28 00:00:00+05:30,Bowenpally,Bowenpally,Beet Root,475.0,300.0,1000.0,800.0
2025-03-28 00:00:00+05:30,Gaddiannaram,L.B Nagar,Carrot,44.0,1000.0,2000.0,1500.0
2025-03-28 00:00:00+05:30,Gaddiannaram,Gaddiannaram,Mango,47.0,1650.0,2750.0,2200.0
2025-03-27 00:00:00+05:30,Vantimamidi,Vantimamidi,Cabbage,60.0,500.0,500.0,500.0
2025-03-27 00:00:00+05:30,Gudimalkapur,Gudumalkapur,Beet Root,167.0,600.0,800.0,600.0
2025-03-27 00:00:00+05:30,Bhainsa,Bhainsa,Jowar,3.84,1936.0,1936.0,1936.0
2025-03-27 00:00:00+05:30,Choppadandi,Choppadandi,Paddy,3.0,2169.0,2169.0,2169.0
2025-03-27 00:00:00+05:30,Gadwal,Gadwal,Red Gram,12.0,6086.0,6336.0,6336.0
2025-03-27 00:00:00+05:30,Hyderabad,Madannapeta,Carrot,30.0,1000.0,1200.0,1100.0
2025-03-27 00:00:00+05:30,Hyderabad,Mahabubmansion,Chillies(Dry),334.0,3000.0,6000.0,5000.0
2025-03-27 00:00:00+05:30,Bowenpally,Bowenpally,Beet Root,1002.0,200.0,1000.0,800.0
2025-03-27 00:00:00+05:30,Gaddiannaram,L.B Nagar,Carrot,53.0,1000.0,2000.0,1500.0
2025-03-27 00:00:00+05:30,Gaddiannaram,Gaddiannaram,Mango,88.0,1100.0,3300.0,1900.0
2025-03-26 00:00:00+05:30,Gudimalkapur,Gudumalkapur,Beet Root,174.0,300.0,700.0,500.0
2025-03-26 00:00:00+05:30,Vantimamidi,Vantimamidi,Cabbage,50.0,500.0,1200.0,850.0
2025-03-26 00:00:00+05:30,Narayanpet,Narayanpet,Bengal Gram,19.6,5666.0,5666.0,5666.0
2025-03-26 00:00:00+05:30,Mahbubnagar,Mahaboobnagar,Maize,5.0,2212.0,2212.0,2212.0
2025-03-26 00:00:00+05:30,Gadwal,Gadwal,Red Gram,15.0,3519.0,6269.0,6219.0
2025-03-26 00:00:00+05:30,Suryapet,Suryapet,Paddy,3213.0,1609.0,2469.0,2301.0
2025-03-26 00:00:00+05:30,Hyderabad,Meeralamandi,Potato,45.0,1200.0,1500.0,1350.0
2025-03-26 00:00:00+05:30,Adilabad,Adilabad,Cotton,43.3,5544.0,7200.0,6048.0
2025-03-26 00:00:00+05:30,Hyderabad,Madannapeta,Carrot,20.0,1300.0,1500.0,1400.0
2025-03-26 00:00:00+05:30,Hyderabad,Mahabubmansion,Chillies(Dry),916.0,3000.0,6000.0,5000.0
2025-03-26 00:00:00+05:30,Bowenpally,Bowenpally,Beet Root,1157.0,200.0,1000.0,800.0
2025-03-26 00:00:00+05:30,Gaddiannaram,L.B Nagar,Carrot,45.0,1000.0,2000.0,1500.0
2025-03-26 00:00:00+05:30,Gaddiannaram,Gaddiannaram,Mango,140.0,1350.0,5000.0,2200.0
2025-03-25 00:00:00+05:30,Vantimamidi,Vantimamidi,Cabbage,50.0,500.0,1000.0,750.0
2025-03-25 00:00:00+05:30,Gudimalkapur,Gudumalkapur,Beet Root,66.0,500.0,700.0,600.0
2025-03-25 00:00:00+05:30,Gadwal,Gadwal,Red Gram,18.0,3819.0,6513.0,6296.0
2025-03-25 00:00:00+05:30,Bhainsa,Bhainsa,Jowar,0.95,1111.0,1111.0,1111.0
2025-03-25 00:00:00+05:30,Hyderabad,Madannapeta,Carrot,22.0,1200.0,1800.0,1500.0
2025-03-25 00:00:00+05:30,Hyderabad,Mahabubmansion,Chillies(Dry),688.0,3000.0,6000.0,5000.0
2025-03-24 00:00:00+05:30,Narayanpet,Narayanpet,Bengal Gram,19.6,5655.0,5655.0,5655.0
2025-03-25 00:00:00+05:30,Gaddiannaram,L.B Nagar,Carrot,52.0,1000.0,1500.0,1200.0
2025-03-25 00:00:00+05:30,Suryapet,Suryapet,Paddy,3590.0,1583.0,2362.0,2301.0
2025-03-25 00:00:00+05:30,Adilabad,Adilabad,Cotton,85.0,5688.0,7200.0,5976.0
2025-03-25 00:00:00+05:30,Marpally,Marpally,Red Gram,54.0,7000.0,7000.0,7000.0
2025-03-25 00:00:00+05:30,Bowenpally,Bowenpally,Beet Root,761.0,500.0,1200.0,1000.0
2025-03-24 00:00:00+05:30,Vantimamidi,Vantimamidi,Cabbage,21.0,600.0,1200.0,900.0
2025-03-25 00:00:00+05:30,Gaddiannaram,Gaddiannaram,Mango,317.0,1650.0,9400.0,4400.0
2025-03-24 00:00:00+05:30,Gudimalkapur,Gudumalkapur,Beet Root,85.0,500.0,700.0,600.0
2025-03-24 00:00:00+05:30,Gadwal,Gadwal,Red Gram,19.0,5611.0,6519.0,6086.0
2025-03-24 00:00:00+05:30,Choppadandi,Choppadandi,Paddy,18.0,2223.0,2304.0,2223.0
2025-03-24 00:00:00+05:30,Suryapet,Suryapet,Paddy,4342.0,1709.0,2612.0,2281.0
2025-03-24 00:00:00+05:30,Vemulawada,Vemulawada,Maize,86.0,2090.0,2225.0,2225.0
2025-03-24 00:00:00+05:30,Hyderabad,Madannapeta,Carrot,28.0,1000.0,1500.0,1250.0
2025-03-24 00:00:00+05:30,Hyderabad,Mahabubmansion,Chillies(Dry),433.0,3000.0,6000.0,5000.0
2025-03-24 00:00:00+05:30,Bowenpally,Bowenpally,Beet Root,673.0,300.0,1400.0,1000.0
2025-03-01 00:00:00+05:30,Gaddiannaram,Gaddiannaram,Mango,3.0,12200.0,18300.0,17750.0
2025-03-01 00:00:00+05:30,Gaddiannaram,L.B Nagar,Potato,181.0,1500.0,1800.0,1600.0
2025-03-01 00:00:00+05:30,Bowenpally,Bowenpally,Radish,25.0,200.0,300.0,270.0
2025-03-01 00:00:00+05:30,Hyderabad,Madannapeta,Potato,15.0,1500.0,1500.0,1500.0
2025-03-01 00:00:00+05:30,Hyderabad,Mahabubmansion,Chillies(Dry),80.0,7000.0,10000.0,8000.0
2025-03-01 00:00:00+05:30,Bhainsa,Bhainsa,Bengal Gram,1283.29,2888.0,5537.0,5511.0
2025-03-01 00:00:00+05:30,Badepally,Badepally,Maize,259.0,2044.0,2360.0,2360.0
2025-03-01 00:00:00+05:30,Gudimalkapur,Gudumalkapur,Radish,18.0,600.0,800.0,700.0
2025-03-02 00:00:00+05:30,Gaddiannaram,L.B Nagar,Potato,205.0,1500.0,1800.0,1600.0
2025-03-01 00:00:00+05:30,Vantimamidi,Vantimamidi,Cauliflower,2.0,500.0,500.0,500.0
2025-03-02 00:00:00+05:30,Bowenpally,Bowenpally,Radish,35.0,200.0,300.0,270.0
2025-03-02 00:00:00+05:30,Hyderabad,Madannapeta,Potato,10.0,1400.0,1400.0,1400.0
2025-03-02 00:00:00+05:30,Gudimalkapur,Gudumalkapur,Radish,17.0,500.0,800.0,500.0
2025-03-03 00:00:00+05:30,Gaddiannaram,Gaddiannaram,Mango,3.0,20000.0,30550.0,20000.0
2025-03-03 00:00:00+05:30,Bowenpally,Bowenpally,Radish,33.0,300.0,400.0,370.0
2025-03-03 00:00:00+05:30,Gaddiannaram,L.B Nagar,Potato,178.0,1500.0,1800.0,1600.0
2025-03-02 00:00:00+05:30,Navabpet(MBNR),Navabpet,Ragi,15.0,3090.0,4090.0,3390.0
2025-03-03 00:00:00+05:30,Hyderabad,Madannapeta,Potato,65.0,1300.0,1500.0,1400.0
2025-03-03 00:00:00+05:30,Badepally,Badepally,Maize,231.0,2010.0,2451.0,2225.0
2025-03-03 00:00:00+05:30,Bhainsa,Bhainsa,Bengal Gram,859.97,4222.0,5537.0,5461.0
2025-03-03 00:00:00+05:30,Gudimalkapur,Gudumalkapur,Radish,12.0,800.0,800.0,800.0
2025-03-04 00:00:00+05:30,Gaddiannaram,Gaddiannaram,Mango,6.0,12200.0,27750.0,16100.0
2025-03-04 00:00:00+05:30,Gaddiannaram,L.B Nagar,Potato,233.0,1500.0,1800.0,1600.0
2025-03-04 00:00:00+05:30,Bowenpally,Bowenpally,Radish,30.0,300.0,400.0,370.0
2025-03-04 00:00:00+05:30,Hyderabad,Mahabubmansion,Chillies(Dry),280.0,7000.0,10000.0,8000.0
2025-03-04 00:00:00+05:30,Hyderabad,Madannapeta,Potato,30.0,1300.0,1500.0,1400.0
2025-03-04 00:00:00+05:30,Bhainsa,Bhainsa,Bengal Gram,969.03,4545.0,5471.0,5466.0
2025-03-04 00:00:00+05:30,Gudimalkapur,Gudumalkapur,Radish,10.0,1000.0,1000.0,1000.0
2025-03-05 00:00:00+05:30,Gaddiannaram,Gaddiannaram,Mango,4.0,12200.0,20000.0,17200.0
2025-03-05 00:00:00+05:30,Gaddiannaram,L.B Nagar,Potato,166.0,1500.0,1800.0,1600.0
2025-03-04 00:00:00+05:30,Vantimamidi,Vantimamidi,Cauliflower,2.0,2000.0,2000.0,2000.0
2025-03-05 00:00:00+05:30,Bowenpally,Bowenpally,Radish,35.0,200.0,400.0,350.0
2025-03-05 00:00:00+05:30,Hyderabad,Madannapeta,Potato,210.0,1500.0,1500.0,1500.0
2025-03-05 00:00:00+05:30,Hyderabad,Mahabubmansion,Chillies(Dry),196.0,7000.0,10000.0,8000.0
2025-03-04 00:00:00+05:30,Badepally,Badepally,Maize,171.0,2111.0,2381.0,2362.0
2025-03-05 00:00:00+05:30,Bhainsa,Bhainsa,Bengal Gram,610.85,2700.0,5564.0,5556.0
2025-03-05 00:00:00+05:30,Gudimalkapur,Gudumalkapur,Radish,14.0,600.0,600.0,600.0
2025-03-05 00:00:00+05:30,Badepally,Badepally,Maize,519.0,2026.0,2371.0,2355.0
2025-03-06 00:00:00+05:30,Gaddiannaram,Gaddiannaram,Mango,8.0,18850.0,43300.0,22200.0
2025-03-06 00:00:00+05:30,Bowenpally,Bowenpally,Radish,41.0,100.0,300.0,250.0
2025-03-06 00:00:00+05:30,Gaddiannaram,L.B Nagar,Potato,167.0,1500.0,1800.0,1600.0
2025-03-06 00:00:00+05:30,Hyderabad,Mahabubmansion,Chillies(Dry),280.0,7000.0,10000.0,9000.0
2025-03-06 00:00:00+05:30,Hyderabad,Madannapeta,Potato,15.0,1300.0,1300.0,1300.0
2025-03-06 00:00:00+05:30,Bhainsa,Bhainsa,Bengal Gram,670.25,4600.0,5539.0,5511.0
2025-03-06 00:00:00+05:30,Gudimalkapur,Gudumalkapur,Radish,13.0,500.0,600.0,500.0
2025-03-07 00:00:00+05:30,Gaddiannaram,L.B Nagar,Potato,175.0,1500.0,1800.0,1600.0
2025-03-06 00:00:00+05:30,Badepally,Badepally,Maize,377.0,2100.0,2365.0,2341.0
2025-03-07 00:00:00+05:30,Hyderabad,Madannapeta,Potato,10.0,1200.0,1200.0,1200.0
2025-03-07 00:00:00+05:30,Hyderabad,Mahabubmansion,Chillies(Dry),160.0,7000.0,10000.0,9000.0
2025-03-07 00:00:00+05:30,Bhainsa,Bhainsa,Bengal Gram,372.2,2223.0,5559.0,5529.0
2025-03-07 00:00:00+05:30,Badepally,Badepally,Maize,291.0,2110.0,2357.0,2323.0
2025-03-07 00:00:00+05:30,Gudimalkapur,Gudumalkapur,Radish,6.0,800.0,1000.0,800.0
2025-03-07 00:00:00+05:30,Vantimamidi,Vantimamidi,Cauliflower,2.0,500.0,500.0,500.0
2025-03-08 00:00:00+05:30,Gaddiannaram,Gaddiannaram,Mango,22.0,16650.0,25000.0,17750.0
2025-03-08 00:00:00+05:30,Gaddiannaram,L.B Nagar,Potato,130.0,1500.0,1800.0,1600.0
2025-03-08 00:00:00+05:30,Bowenpally,Bowenpally,Radish,31.0,200.0,300.0,270.0
2025-03-08 00:00:00+05:30,Hyderabad,Madannapeta,Potato,165.0,1500.0,1500.0,1500.0
2025-03-08 00:00:00+05:30,Hyderabad,Mahabubmansion,Chillies(Dry),128.0,7000.0,10000.0,9000.0
2025-03-08 00:00:00+05:30,Badepally,Badepally,Maize,176.0,2117.0,2361.0,2179.0
2025-03-08 00:00:00+05:30,Bhainsa,Bhainsa,Bengal Gram,396.15,4677.0,5537.0,5537.0
2025-03-08 00:00:00+05:30,Gudimalkapur,Gudumalkapur,Radish,11.0,600.0,800.0,600.0
2025-03-09 00:00:00+05:30,Gaddiannaram,L.B Nagar,Potato,211.0,1500.0,1800.0,1600.0
2025-03-09 00:00:00+05:30,Gaddiannaram,Gaddiannaram,Mango,1.0,16650.0,16650.0,16650.0
2025-03-09 00:00:00+05:30,Bowenpally,Bowenpally,Radish,30.0,200.0,4000.0,2400.0
2025-03-09 00:00:00+05:30,Navabpet(MBNR),Navabpet,Ragi,5.0,2812.0,3580.0,2812.0
2025-03-09 00:00:00+05:30,Gudimalkapur,Gudumalkapur,Radish,4.0,600.0,800.0,600.0
2025-03-10 00:00:00+05:30,Gaddiannaram,Gaddiannaram,Mango,7.0,16650.0,25550.0,19400.0
2025-03-10 00:00:00+05:30,Gaddiannaram,L.B Nagar,Potato,130.0,1500.0,1800.0,1600.0
2025-03-10 00:00:00+05:30,Bowenpally,Bowenpally,Radish,42.0,300.0,400.0,370.0
2025-03-10 00:00:00+05:30,Hyderabad,Madannapeta,Potato,10.0,1300.0,1300.0,1300.0
2025-03-10 00:00:00+05:30,Hyderabad,Mahabubmansion,Chillies(Dry),334.0,7000.0,11000.0,9000.0
2025-03-10 00:00:00+05:30,Jogipet,Jogipet,Jowar,3.25,2000.0,2000.0,2000.0
2025-03-10 00:00:00+05:30,Badepally,Badepally,Maize,825.0,2001.0,2361.0,2241.0
2025-03-10 00:00:00+05:30,Bhainsa,Bhainsa,Bengal Gram,556.28,4677.0,5537.0,5537.0
2025-03-10 00:00:00+05:30,Gudimalkapur,Gudumalkapur,Radish,7.0,600.0,800.0,600.0
2025-03-11 00:00:00+05:30,Gaddiannaram,Gaddiannaram,Mango,10.0,13850.0,21100.0,17200.0
2025-03-11 00:00:00+05:30,Bowenpally,Bowenpally,Radish,22.0,100.0,300.0,250.0
2025-03-11 00:00:00+05:30,Gaddiannaram,L.B Nagar,Potato,153.0,1500.0,1800.0,1600.0
2025-03-11 00:00:00+05:30,Hyderabad,Madannapeta,Potato,110.0,1200.0,1500.0,1350.0
2025-03-11 00:00:00+05:30,Hyderabad,Mahabubmansion,Chillies(Dry),315.0,9000.0,11000.0,9000.0
2025-03-11 00:00:00+05:30,Tandur,Tandur,Jowar,200.0,4200.0,4250.0,4200.0
2025-03-11 00:00:00+05:30,Bhainsa,Bhainsa,Bengal Gram,493.91,5053.0,5481.0,5359.0
2025-03-11 00:00:00+05:30,Badepally,Badepally,Maize,520.0,2051.0,2337.0,2329.0
2025-03-11 00:00:00+05:30,Gudimalkapur,Gudumalkapur,Radish,13.0,500.0,600.0,500.0
2025-03-12 00:00:00+05:30,Gaddiannaram,Gaddiannaram,Mango,3.0,13850.0,21100.0,17200.0
2025-03-12 00:00:00+05:30,Bowenpally,Bowenpally,Radish,48.0,300.0,400.0,370.0
2025-03-12 00:00:00+05:30,Gaddiannaram,L.B Nagar,Potato,165.0,1500.0,1800.0,1600.0
2025-03-12 00:00:00+05:30,Hyderabad,Madannapeta,Potato,85.0,1500.0,1500.0,1500.0
2025-03-12 00:00:00+05:30,Hyderabad,Mahabubmansion,Chillies(Dry),538.0,7000.0,11000.0,10000.0
2025-03-12 00:00:00+05:30,Bhainsa,Bhainsa,Bengal Gram,220.41,5069.0,5439.0,5419.0
2025-03-12 00:00:00+05:30,Gudimalkapur,Gudumalkapur,Radish,10.0,600.0,600.0,600.0
2025-03-13 00:00:00+05:30,Gaddiannaram,Gaddiannaram,Mango,4.0,17750.0,23300.0,22200.0
2025-03-13 00:00:00+05:30,Gaddiannaram,L.B Nagar,Potato,155.0,1500.0,1800.0,1600.0
2025-03-12 00:00:00+05:30,Vantimamidi,Vantimamidi,Cauliflower,1.0,500.0,800.0,650.0
2025-03-12 00:00:00+05:30,Sadasivpet,Sadasivapet,Jowar,2.0,1711.0,1711.0,1711.0
2025-03-13 00:00:00+05:30,Bowenpally,Bowenpally,Radish,15.0,200.0,300.0,270.0
2025-03-13 00:00:00+05:30,Hyderabad,Madannapeta,Potato,35.0,1400.0,1600.0,1500.0
2025-03-13 00:00:00+05:30,Bhainsa,Bhainsa,Bengal Gram,48.99,5252.0,5419.0,5419.0
2025-03-13 00:00:00+05:30,Gudimalkapur,Gudumalkapur,Radish,4.0,600.0,800.0,600.0
2025-03-14 00:00:00+05:30,Gaddiannaram,Gaddiannaram,Mango,3.0,13300.0,44400.0,27750.0
2025-03-14 00:00:00+05:30,Gaddiannaram,L.B Nagar,Potato,90.0,1500.0,1800.0,1600.0
2025-03-14 00:00:00+05:30,Bowenpally,Bowenpally,Radish,6.0,200.0,300.0,270.0
2025-03-14 00:00:00+05:30,Hyderabad,Madannapeta,Potato,10.0,1200.0,1200.0,1200.0
2025-03-15 00:00:00+05:30,Gaddiannaram,L.B Nagar,Potato,127.0,1500.0,1800.0,1600.0
2025-03-15 00:00:00+05:30,Gaddiannaram,Gaddiannaram,Mango,20.0,11100.0,27750.0,17750.0
2025-03-15 00:00:00+05:30,Bowenpally,Bowenpally,Radish,17.0,100.0,300.0,250.0
2025-03-15 00:00:00+05:30,Hyderabad,Madannapeta,Potato,110.0,1600.0,1800.0,1700.0
2025-03-15 00:00:00+05:30,Bhainsa,Bhainsa,Bengal Gram,170.83,5359.0,5400.0,5359.0
2025-03-15 00:00:00+05:30,Gudimalkapur,Gudumalkapur,Radish,13.0,600.0,600.0,600.0
2025-03-16 00:00:00+05:30,Gaddiannaram,L.B Nagar,Potato,149.0,1500.0,1800.0,1600.0
2025-03-16 00:00:00+05:30,Hyderabad,Madannapeta,Potato,85.0,1300.0,1600.0,1450.0
2025-03-16 00:00:00+05:30,Gudimalkapur,Gudumalkapur,Radish,30.0,600.0,600.0,600.0
2025-03-17 00:00:00+05:30,Gaddiannaram,Gaddiannaram,Mango,25.0,13300.0,26350.0,18850.0
2025-03-17 00:00:00+05:30,Gaddiannaram,L.B Nagar,Potato,257.0,1500.0,1800.0,1600.0
2025-03-17 00:00:00+05:30,Hyderabad,Mahabubmansion,Chillies(Dry),380.0,7000.0,11000.0,10000.0
2025-03-16 00:00:00+05:30,Navabpet(MBNR),Navabpet,Ragi,5.0,3580.0,3580.0,3580.0
2025-03-17 00:00:00+05:30,Bhainsa,Bhainsa,Bengal Gram,199.2,4822.0,5413.0,5411.0
2025-03-17 00:00:00+05:30,Vikarabad,Vikarabad,Red Gram,617.0,5229.0,7339.0,7069.0
2025-03-17 00:00:00+05:30,Badepally,Badepally,Maize,455.0,2089.0,2329.0,2089.0
2025-03-17 00:00:00+05:30,Gudimalkapur,Gudumalkapur,Radish,10.0,500.0,600.0,500.0
2025-03-18 00:00:00+05:30,Gaddiannaram,Gaddiannaram,Mango,12.0,12200.0,28850.0,21650.0
2025-03-18 00:00:00+05:30,Gaddiannaram,L.B Nagar,Potato,140.0,1500.0,1800.0,1600.0
2025-03-18 00:00:00+05:30,Bowenpally,Bowenpally,Radish,47.0,200.0,400.0,350.0
2025-03-18 00:00:00+05:30,Hyderabad,Madannapeta,Potato,25.0,1600.0,1600.0,1600.0
2025-03-18 00:00:00+05:30,Hyderabad,Mahabubmansion,Chillies(Dry),340.0,7000.0,11000.0,10000.0
2025-03-18 00:00:00+05:30,Khammam,Khammam,Maize,36.0,2125.0,2125.0,2125.0
2025-03-18 00:00:00+05:30,Bhainsa,Bhainsa,Bengal Gram,332.76,3991.0,5667.0,5421.0
2025-03-18 00:00:00+05:30,Gudimalkapur,Gudumalkapur,Radish,14.0,500.0,600.0,500.0
2025-03-18 00:00:00+05:30,Badepally,Badepally,Maize,808.0,2071.0,2337.0,2223.0
2025-03-19 00:00:00+05:30,Gaddiannaram,Gaddiannaram,Mango,2.0,8850.0,27750.0,15000.0
2025-03-19 00:00:00+05:30,Bowenpally,Bowenpally,Radish,33.0,200.0,400.0,350.0
2025-03-19 00:00:00+05:30,Gaddiannaram,L.B Nagar,Potato,255.0,1500.0,1800.0,1600.0
2025-03-19 00:00:00+05:30,Hyderabad,Madannapeta,Potato,85.0,1700.0,1700.0,1700.0
2025-03-19 00:00:00+05:30,Hyderabad,Mahabubmansion,Chillies(Dry),363.0,7000.0,11000.0,10000.0
2025-03-19 00:00:00+05:30,Bhainsa,Bhainsa,Bengal Gram,152.06,5058.0,5459.0,5309.0
2025-03-19 00:00:00+05:30,Gudimalkapur,Gudumalkapur,Radish,25.0,500.0,600.0,500.0
2025-03-19 00:00:00+05:30,Badepally,Badepally,Maize,1011.0,2137.0,2329.0,2251.0
2025-03-20 00:00:00+05:30,Gaddiannaram,Gaddiannaram,Mango,4.0,11100.0,23300.0,15000.0
2025-03-20 00:00:00+05:30,Bowenpally,Bowenpally,Radish,21.0,200.0,400.0,350.0
2025-03-20 00:00:00+05:30,Gaddiannaram,L.B Nagar,Potato,229.0,1500.0,1800.0,1600.0
2025-03-20 00:00:00+05:30,Hyderabad,Mahabubmansion,Chillies(Dry),455.0,7000.0,11000.0,9000.0
2025-03-20 00:00:00+05:30,Hyderabad,Madannapeta,Potato,25.0,1600.0,1600.0,1600.0
2025-03-20 00:00:00+05:30,Bhainsa,Bhainsa,Bengal Gram,112.66,5153.0,5450.0,5352.0
2025-03-20 00:00:00+05:30,Gudimalkapur,Gudumalkapur,Radish,8.0,2500.0,2000.0,3000.0
2025-03-21 00:00:00+05:30,Gaddiannaram,L.B Nagar,Potato,142.0,1500.0,1800.0,1600.0
2025-03-21 00:00:00+05:30,Bowenpally,Bowenpally,Radish,28.0,150.0,300.0,270.0
2025-03-21 00:00:00+05:30,Hyderabad,Mahabubmansion,Chillies(Dry),462.0,7000.0,11000.0,9000.0
2025-03-20 00:00:00+05:30,Badepally,Badepally,Maize,438.0,2081.0,2287.0,2280.0
2025-03-21 00:00:00+05:30,Hyderabad,Madannapeta,Potato,100.0,1600.0,1600.0,1600.0
2025-03-21 00:00:00+05:30,Bhainsa,Bhainsa,Bengal Gram,243.19,4877.0,5488.0,5488.0
2025-03-21 00:00:00+05:30,Gudimalkapur,Gudumalkapur,Radish,7.0,500.0,600.0,500.0
2025-03-21 00:00:00+05:30,Badepally,Badepally,Maize,918.0,1951.0,2291.0,2281.0
2025-03-22 00:00:00+05:30,Gaddiannaram,Gaddiannaram,Mango,10.0,11100.0,25000.0,18850.0
2025-03-22 00:00:00+05:30,Bowenpally,Bowenpally,Radish,27.0,200.0,300.0,280.0
2025-03-22 00:00:00+05:30,Gaddiannaram,L.B Nagar,Potato,215.0,1500.0,1800.0,1600.0
2025-03-22 00:00:00+05:30,Hyderabad,Madannapeta,Potato,80.0,1500.0,1500.0,1500.0
2025-03-22 00:00:00+05:30,Bhainsa,Bhainsa,Bengal Gram,183.39,4583.0,5536.0,5535.0
2025-03-22 00:00:00+05:30,Badepally,Badepally,Maize,421.0,2027.0,2280.0,2276.0
2025-03-22 00:00:00+05:30,Gudimalkapur,Gudumalkapur,Radish,3.0,400.0,600.0,500.0
2025-03-23 00:00:00+05:30,Gaddiannaram,Gaddiannaram,Mango,4.0,15000.0,45550.0,17750.0
2025-03-23 00:00:00+05:30,Gaddiannaram,L.B Nagar,Potato,151.0,1500.0,1800.0,1600.0
2025-03-23 00:00:00+05:30,Bowenpally,Bowenpally,Radish,41.0,200.0,300.0,270.0
2025-03-23 00:00:00+05:30,Hyderabad,Madannapeta,Potato,5.0,1500.0,1500.0,1500.0
2025-03-23 00:00:00+05:30,Gudimalkapur,Gudumalkapur,Radish,7.0,500.0,500.0,500.0
2025-03-23 00:00:00+05:30,Navabpet(MBNR),Navabpet,Ragi,5.0,2030.0,2712.0,2712.0
2025-03-24 00:00:00+05:30,Gaddiannaram,Gaddiannaram,Mango,12.0,11100.0,34400.0,16650.0
2025-03-24 00:00:00+05:30,Gaddiannaram,L.B Nagar,Potato,246.0,1500.0,1800.0,1600.0
2025-03-24 00:00:00+05:30,Bowenpally,Bowenpally,Radish,24.0,200.0,400.0,350.0
2025-03-24 00:00:00+05:30,Hyderabad,Mahabubmansion,Chillies(Dry),420.0,6000.0,10000.0,8000.0
2025-03-24 00:00:00+05:30,Bhainsa,Bhainsa,Bengal Gram,198.11,5339.0,5507.0,5507.0
2025-03-24 00:00:00+05:30,Badepally,Badepally,Maize,1076.0,1767.0,2280.0,1781.0
2025-03-24 00:00:00+05:30,Gudimalkapur,Gudumalkapur,Radish,14.0,400.0,600.0,500.0
2025-03-25 00:00:00+05:30,Gaddiannaram,Gaddiannaram,Mango,4.0,11100.0,28300.0,16650.0
2025-03-25 00:00:00+05:30,Bowenpally,Bowenpally,Radish,33.0,200.0,300.0,270.0
2025-03-25 00:00:00+05:30,Gaddiannaram,L.B Nagar,Potato,116.0,1500.0,1800.0,1600.0
2025-03-25 00:00:00+05:30,Hyderabad,Mahabubmansion,Chillies(Dry),220.0,6000.0,10000.0,8000.0
2025-03-25 00:00:00+05:30,Hyderabad,Madannapeta,Potato,180.0,1500.0,1600.0,1550.0
2025-03-25 00:00:00+05:30,Bhainsa,Bhainsa,Bengal Gram,59.09,4383.0,5517.0,5516.0
2025-03-25 00:00:00+05:30,Badepally,Badepally,Maize,902.0,1791.0,2281.0,1901.0
2025-03-25 00:00:00+05:30,Gudimalkapur,Gudumalkapur,Radish,16.0,500.0,600.0,500.0
2025-03-26 00:00:00+05:30,Gaddiannaram,Gaddiannaram,Mango,15.0,11100.0,16650.0,13850.0
2025-03-26 00:00:00+05:30,Gaddiannaram,L.B Nagar,Potato,184.0,1500.0,1800.0,1600.0
2025-03-26 00:00:00+05:30,Bowenpally,Bowenpally,Radish,20.0,200.0,300.0,270.0
2025-03-26 00:00:00+05:30,Hyderabad,Mahabubmansion,Chillies(Dry),380.0,6000.0,10000.0,8000.0
2025-03-26 00:00:00+05:30,Bhainsa,Bhainsa,Bengal Gram,167.53,3666.0,5527.0,5525.0
2025-03-26 00:00:00+05:30,Badepally,Badepally,Maize,1186.0,1911.0,2291.0,2284.0
2025-03-26 00:00:00+05:30,Gudimalkapur,Gudumalkapur,Radish,9.0,500.0,600.0,500.0
2025-03-27 00:00:00+05:30,Gaddiannaram,Gaddiannaram,Mango,0.2,16650.0,16650.0,16650.0
2025-03-27 00:00:00+05:30,Gaddiannaram,L.B Nagar,Potato,100.0,1500.0,1800.0,1600.0
2025-03-27 00:00:00+05:30,Bowenpally,Bowenpally,Radish,43.0,200.0,300.0,270.0
2025-03-27 00:00:00+05:30,Hyderabad,Mahabubmansion,Chillies(Dry),300.0,6000.0,10000.0,8000.0
2025-03-27 00:00:00+05:30,Hyderabad,Madannapeta,Potato,75.0,1500.0,1600.0,1550.0
2025-03-27 00:00:00+05:30,Bhainsa,Bhainsa,Bengal Gram,167.27,5282.0,5656.0,5636.0
2025-03-27 00:00:00+05:30,Gudimalkapur,Gudumalkapur,Radish,11.0,800.0,1000.0,800.0
2025-03-28 00:00:00+05:30,Gaddiannaram,Gaddiannaram,Mango,1.0,15000.0,16650.0,15800.0
2025-03-28 00:00:00+05:30,Gaddiannaram,L.B Nagar,Potato,145.0,1500.0,1800.0,1600.0
2025-03-28 00:00:00+05:30,Bowenpally,Bowenpally,Radish,89.0,200.0,300.0,270.0
2025-03-28 00:00:00+05:30,Hyderabad,Madannapeta,Potato,75.0,1500.0,1500.0,1500.0
2025-03-27 00:00:00+05:30,Badepally,Badepally,Maize,980.0,1827.0,2281.0,1827.0
2025-03-28 00:00:00+05:30,Bhainsa,Bhainsa,Bengal Gram,112.82,4511.0,5711.0,5711.0
2025-03-27 00:00:00+05:30,Jogipet,Jogipet,Jowar,5.1,2000.0,2000.0,2000.0
2025-03-28 00:00:00+05:30,Gudimalkapur,Gudumalkapur,Radish,4.0,600.0,600.0,600.0
2025-03-29 00:00:00+05:30,Gaddiannaram,Gaddiannaram,Mango,5.0,16650.0,33300.0,25000.0
2025-03-29 00:00:00+05:30,Bowenpally,Bowenpally,Radish,34.0,200.0,300.0,270.0
2025-03-29 00:00:00+05:30,Gaddiannaram,L.B Nagar,Potato,140.0,1500.0,1800.0,1600.0
2025-03-29 00:00:00+05:30,Hyderabad,Madannapeta,Potato,85.0,1500.0,1500.0,1500.0
2025-03-28 00:00:00+05:30,Badepally,Badepally,Maize,1059.0,2001.0,2281.0,2276.0
2025-03-29 00:00:00+05:30,Gudimalkapur,Gudumalkapur,Radish,10.0,500.0,600.0,500.0
2025-03-30 00:00:00+05:30,Gaddiannaram,Gaddiannaram,Mango,1.0,17200.0,25550.0,21100.0
2025-03-31 00:00:00+05:30,Gaddiannaram,L.B Nagar,Potato,90.0,1500.0,1800.0,1600.0
2025-03-24 00:00:00+05:30,Gaddiannaram,L.B Nagar,ColaCasio(Arvi),5.0,4000.0,5000.0,4500.0
2025-03-23 00:00:00+05:30,Wanaparthy Town,W.P.Town,Groundnut pods,206.0,4682.0,6390.0,6090.0
2025-03-24 00:00:00+05:30,Gaddiannaram,Gaddiannaram,Mosambi,2854.0,1000.0,3800.0,1800.0
2025-03-23 00:00:00+05:30,Navabpet(MBNR),Navabpet,Red Gram,7.0,6090.0,6521.0,6220.0
2025-03-23 00:00:00+05:30,Gudimalkapur,Gudumalkapur,Carrot,377.0,300.0,1000.0,500.0
2025-03-23 00:00:00+05:30,Hyderabad,Madannapeta,ColaCasio(Arvi),2.0,4000.0,4000.0,4000.0
2025-03-22 00:00:00+05:30,Devarakadra,Devarakadra,Castor,12.0,6011.0,6011.0,6011.0
2025-03-22 00:00:00+05:30,Wanaparthy Town,W.P.Town,Groundnut pods,140.0,5205.0,6390.0,6089.0
2025-03-23 00:00:00+05:30,Hyderabad,Meeralamandi,Brinjal,5.0,800.0,1200.0,1000.0
2025-03-23 00:00:00+05:30,Bowenpally,Bowenpally,Carrot,1773.0,300.0,1800.0,1300.0
2025-03-23 00:00:00+05:30,Gaddiannaram,L.B Nagar,ColaCasio(Arvi),22.0,4000.0,5000.0,4500.0
2025-03-22 00:00:00+05:30,Gudimalkapur,Gudumalkapur,Carrot,360.0,200.0,1200.0,600.0
2025-03-22 00:00:00+05:30,Badepally,Badepally,Jowar,38.0,4027.0,4527.0,4027.0
2025-03-22 00:00:00+05:30,Narayanpet,Narayanpet,Red Gram,20.58,7019.0,7088.0,7088.0
2025-03-22 00:00:00+05:30,Gadwal,Gadwal,Groundnut pods,1763.0,3219.0,6362.0,6362.0
2025-03-22 00:00:00+05:30,Mahbubnagar,Mahaboobnagar,Ragi,62.0,2756.0,4030.0,3927.0
2025-03-22 00:00:00+05:30,Suryapet,Suryapet,Paddy,246.0,2012.0,2214.0,2183.0
2025-03-22 00:00:00+05:30,Tandur,Tandur,Bengal Gram,8.0,5450.0,5450.0,5450.0
2025-03-22 00:00:00+05:30,Bhainsa,Bhainsa,Red Gram,77.55,5163.0,7299.0,7299.0
2025-03-21 00:00:00+05:30,Wanaparthy Town,W.P.Town,Groundnut pods,118.0,4769.0,6269.0,6089.0
2025-03-22 00:00:00+05:30,Hyderabad,Meeralamandi,Brinjal,5.0,1000.0,1000.0,1000.0
2025-03-22 00:00:00+05:30,Gaddiannaram,L.B Nagar,ColaCasio(Arvi),10.0,4000.0,5000.0,4500.0
2025-03-22 00:00:00+05:30,Bowenpally,Bowenpally,Carrot,2204.0,400.0,1200.0,1000.0
2025-03-22 00:00:00+05:30,Gaddiannaram,Gaddiannaram,Mosambi,4369.0,950.0,3200.0,2350.0
2025-03-21 00:00:00+05:30,Badepally,Badepally,Jowar,36.0,3817.0,4011.0,3817.0
2025-03-21 00:00:00+05:30,Gadwal,Gadwal,Groundnut pods,1464.0,3249.0,6219.0,4869.0
2025-03-21 00:00:00+05:30,Gudimalkapur,Gudumalkapur,Carrot,348.0,500.0,900.0,700.0
2025-03-21 00:00:00+05:30,Suryapet,Suryapet,Paddy,400.0,1889.0,2400.0,2213.0
2025-03-21 00:00:00+05:30,Mahbubnagar,Mahaboobnagar,Ragi,10.0,3269.0,3859.0,3859.0
2025-03-21 00:00:00+05:30,Bhainsa,Bhainsa,Red Gram,126.92,5005.0,7356.0,7342.0
2025-03-20 00:00:00+05:30,Devarakadra,Devarakadra,Castor,5.0,5972.0,5972.0,5972.0
2025-03-20 00:00:00+05:30,Wanaparthy Town,W.P.Town,Groundnut pods,103.0,5466.0,6516.0,6290.0
2025-03-21 00:00:00+05:30,Jammikunta,Jammikunta,Cotton,137.0,6800.0,7150.0,7050.0
2025-03-21 00:00:00+05:30,Tandur,Tandur,Bengal Gram,8.0,5535.0,5535.0,5535.0
2025-03-21 00:00:00+05:30,Hyderabad,Meeralamandi,Brinjal,4.0,1000.0,1000.0,1000.0
2025-03-21 00:00:00+05:30,Thirumalagiri,Tirmalagiri,Paddy,14.0,2289.0,2289.0,2289.0
2025-03-21 00:00:00+05:30,Hyderabad,Madannapeta,ColaCasio(Arvi),5.0,4000.0,4000.0,4000.0
2025-03-20 00:00:00+05:30,Badepally,Badepally,Jowar,22.0,3527.0,3527.0,3527.0
2025-03-20 00:00:00+05:30,Narayanpet,Narayanpet,Red Gram,13.72,6669.0,7419.0,7209.0
2025-03-21 00:00:00+05:30,Bowenpally,Bowenpally,Carrot,3119.0,200.0,1200.0,800.0
2025-03-21 00:00:00+05:30,Gaddiannaram,L.B Nagar,ColaCasio(Arvi),5.0,4000.0,6000.0,5000.0
2025-03-21 00:00:00+05:30,Gaddiannaram,Gaddiannaram,Mosambi,3821.0,1000.0,3600.0,2200.0
2025-03-20 00:00:00+05:30,Gudimalkapur,Gudumalkapur,Carrot,347.0,500.0,1500.0,1000.0
2025-03-20 00:00:00+05:30,Gadwal,Gadwal,Groundnut pods,1210.0,3772.0,6682.0,5298.0
2025-03-20 00:00:00+05:30,Mahbubnagar,Mahaboobnagar,Ragi,42.0,3020.0,4012.0,3922.0
2025-03-20 00:00:00+05:30,Choppadandi,Choppadandi,Paddy,12.0,3330.0,3330.0,3330.0
2025-03-20 00:00:00+05:30,Suryapet,Suryapet,Paddy,144.0,1919.0,2569.0,2259.0
2025-03-20 00:00:00+05:30,Khammam,Khammam,Red Gram,42.0,4300.0,7000.0,6050.0
2025-03-20 00:00:00+05:30,Jammikunta,Jammikunta,Cotton,81.0,6900.0,7170.0,7150.0
2025-03-20 00:00:00+05:30,Tandur,Tandur,Bengal Gram,5.0,5751.0,5751.0,5751.0
2025-03-20 00:00:00+05:30,Bhainsa,Bhainsa,Red Gram,168.91,3501.0,7336.0,6155.0
2025-03-20 00:00:00+05:30,Hyderabad,Meeralamandi,Brinjal,4.0,1000.0,1200.0,1100.0
2025-03-19 00:00:00+05:30,Narayanpet,Narayanpet,Red Gram,26.95,6000.0,7305.0,6250.0
2025-03-19 00:00:00+05:30,Wanaparthy Town,W.P.Town,Groundnut pods,185.0,5469.0,6490.0,6099.0
2025-03-19 00:00:00+05:30,Devarakadra,Devarakadra,Castor,4.0,6019.0,6019.0,6019.0
2025-03-20 00:00:00+05:30,Gaddiannaram,L.B Nagar,ColaCasio(Arvi),3.0,4000.0,6000.0,5000.0
2025-03-20 00:00:00+05:30,Bowenpally,Bowenpally,Carrot,3140.0,400.0,1200.0,1000.0
2025-03-20 00:00:00+05:30,Gaddiannaram,Gaddiannaram,Mosambi,2782.0,1000.0,3400.0,1900.0
2025-03-19 00:00:00+05:30,Badepally,Badepally,Jowar,14.0,3977.0,4179.0,4177.0
2025-03-19 00:00:00+05:30,Mahbubnagar,Mahaboobnagar,Ragi,112.0,3420.0,4272.0,4000.0
2025-03-19 00:00:00+05:30,Gudimalkapur,Gudumalkapur,Carrot,374.0,500.0,1000.0,700.0
2025-03-19 00:00:00+05:30,Suryapet,Suryapet,Paddy,411.0,1939.0,2369.0,2289.0
2025-03-19 00:00:00+05:30,Khammam,Khammam,Red Gram,33.0,3000.0,6000.0,3000.0
2025-03-19 00:00:00+05:30,Jagtial,Jagtial,Paddy,1.0,1289.0,1289.0,1289.0
2025-03-19 00:00:00+05:30,Bhainsa,Bhainsa,Red Gram,81.1,4009.0,7242.0,7151.0
2025-03-19 00:00:00+05:30,Jammikunta,Jammikunta,Cotton,107.0,6000.0,7150.0,7050.0
2025-03-19 00:00:00+05:30,Tandur,Tandur,Bengal Gram,13.0,5535.0,5750.0,5535.0
2025-03-18 00:00:00+05:30,Devarakadra,Devarakadra,Castor,3.0,6000.0,6000.0,6000.0
2025-03-19 00:00:00+05:30,Thirumalagiri,Tirmalagiri,Paddy,14.0,1930.0,2320.0,2320.0
2025-03-19 00:00:00+05:30,Hyderabad,Meeralamandi,Brinjal,4.0,1500.0,2000.0,1750.0
2025-03-19 00:00:00+05:30,Hyderabad,Madannapeta,ColaCasio(Arvi),3.0,4500.0,4500.0,4500.0
2025-03-19 00:00:00+05:30,Gaddiannaram,L.B Nagar,ColaCasio(Arvi),4.0,4000.0,6000.0,5000.0
2025-03-19 00:00:00+05:30,Bowenpally,Bowenpally,Carrot,1387.0,400.0,1200.0,1000.0
2025-03-19 00:00:00+05:30,Gaddiannaram,Gaddiannaram,Mosambi,2880.0,950.0,3100.0,1850.0
2025-03-18 00:00:00+05:30,Badepally,Badepally,Jowar,6.0,3627.0,3627.0,3627.0
2025-03-18 00:00:00+05:30,Narayanpet,Narayanpet,Red Gram,4.9,7411.0,7411.0,7411.0
2025-03-18 00:00:00+05:30,Gadwal,Gadwal,Groundnut pods,931.0,3319.0,6599.0,5299.0
2025-03-18 00:00:00+05:30,Gudimalkapur,Gudumalkapur,Carrot,521.0,500.0,1100.0,900.0
2025-03-18 00:00:00+05:30,Mahbubnagar,Mahaboobnagar,Ragi,68.0,3420.0,4342.0,4190.0
2025-03-18 00:00:00+05:30,Bhainsa,Bhainsa,Red Gram,128.63,4889.0,7126.0,7116.0
2025-03-17 00:00:00+05:30,Wanaparthy Town,W.P.Town,Groundnut pods,180.0,5182.0,6759.0,6470.0
2025-03-18 00:00:00+05:30,Jammikunta,Jammikunta,Cotton,63.0,6900.0,7230.0,7100.0
2025-03-18 00:00:00+05:30,Thirumalagiri,Tirmalagiri,Paddy,48.0,2109.0,2189.0,2189.0
2025-03-18 00:00:00+05:30,Khammam,Khammam,Red Gram,13.0,6000.0,6800.0,6800.0
2025-03-18 00:00:00+05:30,Suryapet,Suryapet,Paddy,324.0,1519.0,2249.0,2159.0
2025-03-18 00:00:00+05:30,Hyderabad,Madannapeta,ColaCasio(Arvi),4.0,4000.0,4500.0,4250.0
2025-03-18 00:00:00+05:30,Bowenpally,Bowenpally,Carrot,2773.0,300.0,1400.0,1000.0
2025-03-18 00:00:00+05:30,Gaddiannaram,L.B Nagar,ColaCasio(Arvi),5.0,4000.0,6000.0,5000.0
2025-03-18 00:00:00+05:30,Gaddiannaram,Gaddiannaram,Mosambi,2810.0,1000.0,3200.0,1800.0
2025-03-17 00:00:00+05:30,Gudimalkapur,Gudumalkapur,Carrot,365.0,500.0,1100.0,800.0
2025-03-17 00:00:00+05:30,Badepally,Badepally,Jowar,23.0,4277.0,4377.0,4377.0
2025-03-17 00:00:00+05:30,Mahbubnagar,Mahaboobnagar,Ragi,36.0,3429.0,4364.0,4271.0
2025-03-17 00:00:00+05:30,Gadwal,Gadwal,Groundnut pods,1709.0,2669.0,6961.0,5180.0
2025-03-17 00:00:00+05:30,Narayanpet,Narayanpet,Red Gram,21.56,6739.0,7272.0,6739.0
2025-03-17 00:00:00+05:30,Suryapet,Suryapet,Paddy,360.0,1649.0,2379.0,2303.0
2025-03-17 00:00:00+05:30,Khammam,Khammam,Red Gram,36.0,5500.0,6850.0,6800.0
2025-03-17 00:00:00+05:30,Bhainsa,Bhainsa,Red Gram,133.68,5123.0,7089.0,6868.0
2025-03-17 00:00:00+05:30,Jammikunta,Jammikunta,Cotton,184.0,6800.0,7140.0,7000.0
2025-03-17 00:00:00+05:30,Tandur,Tandur,Bengal Gram,31.0,5700.0,5850.0,5850.0
2025-03-17 00:00:00+05:30,Hyderabad,Meeralamandi,Brinjal,4.0,1200.0,2000.0,1600.0
2025-03-16 00:00:00+05:30,Wanaparthy Town,W.P.Town,Groundnut pods,134.0,5689.0,6729.0,6539.0
2025-03-17 00:00:00+05:30,Thirumalagiri,Tirmalagiri,Paddy,8.0,2380.0,2380.0,2380.0
2025-03-16 00:00:00+05:30,Navabpet(MBNR),Navabpet,Red Gram,9.0,6400.0,6690.0,6400.0
2025-03-17 00:00:00+05:30,Bowenpally,Bowenpally,Carrot,2857.0,300.0,1400.0,1000.0
2025-03-17 00:00:00+05:30,Gaddiannaram,L.B Nagar,ColaCasio(Arvi),5.0,4000.0,6000.0,5000.0
2025-03-17 00:00:00+05:30,Gaddiannaram,Gaddiannaram,Mosambi,3320.0,900.0,3500.0,200.0
2025-03-16 00:00:00+05:30,Gudimalkapur,Gudumalkapur,Carrot,326.0,200.0,1500.0,800.0
2025-03-16 00:00:00+05:30,Hyderabad,Madannapeta,ColaCasio(Arvi),2.0,4000.0,4000.0,4000.0
2025-03-16 00:00:00+05:30,Hyderabad,Meeralamandi,Brinjal,4.0,1000.0,1000.0,1000.0
2025-03-15 00:00:00+05:30,Wanaparthy Town,W.P.Town,Groundnut pods,278.0,5239.0,6570.0,6250.0
2025-03-15 00:00:00+05:30,Devarakadra,Devarakadra,Castor,28.0,6041.0,6041.0,6041.0
2025-03-16 00:00:00+05:30,Gaddiannaram,L.B Nagar,ColaCasio(Arvi),10.0,4000.0,5000.0,4200.0
2025-03-16 00:00:00+05:30,Bowenpally,Bowenpally,Carrot,3091.0,300.0,1400.0,1000.0
2025-03-15 00:00:00+05:30,Gudimalkapur,Gudumalkapur,Carrot,217.0,600.0,1200.0,800.0
2025-03-15 00:00:00+05:30,Bhainsa,Bhainsa,Red Gram,20.03,6569.0,7075.0,7075.0
2025-03-15 00:00:00+05:30,Suryapet,Suryapet,Paddy,185.0,2183.0,2329.0,2323.0
2025-03-15 00:00:00+05:30,Mahbubnagar,Mahaboobnagar,Ragi,64.0,3822.0,4337.0,4290.0
2025-03-15 00:00:00+05:30,Narayanpet,Narayanpet,Red Gram,5.39,6900.0,7000.0,7000.0
2025-03-15 00:00:00+05:30,Badepally,Badepally,Jowar,4.0,3817.0,3817.0,3817.0
2025-03-15 00:00:00+05:30,Hyderabad,Meeralamandi,Brinjal,4.0,800.0,1000.0,900.0
2025-03-13 00:00:00+05:30,Wanaparthy Town,W.P.Town,Groundnut pods,110.0,5799.0,6689.0,6259.0
2025-03-15 00:00:00+05:30,Bowenpally,Bowenpally,Carrot,2655.0,300.0,1200.0,800.0
2025-03-15 00:00:00+05:30,Gaddiannaram,Gaddiannaram,Mosambi,3705.0,900.0,3400.0,2000.0
2025-03-15 00:00:00+05:30,Gaddiannaram,L.B Nagar,ColaCasio(Arvi),12.0,4000.0,5000.0,4500.0
2025-03-14 00:00:00+05:30,Gudimalkapur,Gudumalkapur,Carrot,257.0,500.0,1100.0,800.0
2025-03-13 00:00:00+05:30,Narayanpet,Narayanpet,Red Gram,3.43,6650.0,6769.0,6650.0
2025-03-13 00:00:00+05:30,Choppadandi,Choppadandi,Paddy,10.0,2565.0,2565.0,2565.0
2025-03-14 00:00:00+05:30,Bowenpally,Bowenpally,Carrot,2551.0,400.0,1400.0,1100.0
2025-03-14 00:00:00+05:30,Gaddiannaram,L.B Nagar,ColaCasio(Arvi),8.0,4000.0,5000.0,4500.0
2025-03-14 00:00:00+05:30,Gaddiannaram,Gaddiannaram,Mosambi,1595.0,800.0,3000.0,1300.0
2025-03-13 00:00:00+05:30,Gudimalkapur,Gudumalkapur,Carrot,384.0,200.0,1200.0,600.0
2025-03-13 00:00:00+05:30,Bhainsa,Bhainsa,Red Gram,49.72,4545.0,6981.0,6981.0
2025-03-12 00:00:00+05:30,Wanaparthy Town,W.P.Town,Groundnut pods,244.0,5317.0,6570.0,6199.0
2025-03-13 00:00:00+05:30,Suryapet,Suryapet,Paddy,251.0,2019.0,2416.0,2289.0
2025-03-13 00:00:00+05:30,Jammikunta,Jammikunta,Cotton,150.0,6750.0,7150.0,7100.0
2025-03-13 00:00:00+05:30,Tandur,Tandur,Bengal Gram,27.0,5870.0,5870.0,5870.0
2025-03-13 00:00:00+05:30,Khammam,Khammam,Red Gram,2.0,6500.0,6500.0,6500.0
2025-03-13 00:00:00+05:30,Mahbubnagar,Mahaboobnagar,Ragi,24.0,4140.0,4321.0,4140.0
2025-03-13 00:00:00+05:30,Jagtial,Jagtial,Paddy,1.0,1700.0,1700.0,1700.0
2025-03-13 00:00:00+05:30,Hyderabad,Madannapeta,ColaCasio(Arvi),2.0,4000.0,4000.0,4000.0
2025-03-12 00:00:00+05:30,Narayanpet,Narayanpet,Red Gram,34.79,6540.0,7631.0,7631.0
2025-03-13 00:00:00+05:30,Hyderabad,Meeralamandi,Brinjal,9.0,2000.0,2200.0,2100.0
2025-03-13 00:00:00+05:30,Bowenpally,Bowenpally,Carrot,3170.0,300.0,1200.0,800.0
2025-03-12 00:00:00+05:30,Mahbubnagar,Mahaboobnagar,Ragi,1.0,4259.0,4259.0,4259.0
2025-03-12 00:00:00+05:30,Gadwal,Gadwal,Groundnut pods,628.0,3506.0,6400.0,6279.0
2025-03-13 00:00:00+05:30,Gaddiannaram,L.B Nagar,ColaCasio(Arvi),8.0,4000.0,5000.0,4500.0
2025-03-13 00:00:00+05:30,Gaddiannaram,Gaddiannaram,Mosambi,910.0,800.0,3000.0,1300.0
2025-03-12 00:00:00+05:30,Gudimalkapur,Gudumalkapur,Carrot,354.0,200.0,1400.0,800.0
2025-03-12 00:00:00+05:30,Suryapet,Suryapet,Paddy,404.0,1883.0,2486.0,2346.0
2025-03-12 00:00:00+05:30,Jammikunta,Jammikunta,Cotton,150.0,7000.0,7150.0,7100.0
2025-03-12 00:00:00+05:30,Tandur,Tandur,Bengal Gram,3.0,5859.0,5859.0,5859.0
2025-03-12 00:00:00+05:30,Khammam,Khammam,Red Gram,34.0,3001.0,7200.0,4500.0
2025-03-12 00:00:00+05:30,Jagtial,Jagtial,Paddy,22.0,1700.0,1800.0,1700.0
2025-03-12 00:00:00+05:30,Bhainsa,Bhainsa,Red Gram,153.85,4567.0,6976.0,6955.0
2025-03-11 00:00:00+05:30,Devarakadra,Devarakadra,Castor,11.0,5972.0,5972.0,5972.0
2025-03-12 00:00:00+05:30,Thirumalagiri,Tirmalagiri,Paddy,28.0,2090.0,2297.0,2290.0
2025-03-12 00:00:00+05:30,Hyderabad,Meeralamandi,Brinjal,4.0,1200.0,2000.0,1600.0
2025-03-12 00:00:00+05:30,Gaddiannaram,L.B Nagar,ColaCasio(Arvi),6.0,4000.0,5000.0,4500.0
2025-03-12 00:00:00+05:30,Bowenpally,Bowenpally,Carrot,2972.0,400.0,1400.0,1000.0
2025-03-12 00:00:00+05:30,Gaddiannaram,Gaddiannaram,Mosambi,691.0,800.0,3100.0,1250.0
2025-03-11 00:00:00+05:30,Gudimalkapur,Gudumalkapur,Carrot,447.0,400.0,1500.0,1000.0
2025-03-11 00:00:00+05:30,Narayanpet,Narayanpet,Red Gram,42.14,6759.0,7663.0,7362.0
2025-03-11 00:00:00+05:30,Gadwal,Gadwal,Groundnut pods,584.0,3621.0,6729.0,5412.0
2025-03-11 00:00:00+05:30,Mahbubnagar,Mahaboobnagar,Ragi,55.0,2969.0,4283.0,3917.0
2025-03-11 00:00:00+05:30,Suryapet,Suryapet,Paddy,603.0,1919.0,2349.0,2253.0
2025-03-11 00:00:00+05:30,Choppadandi,Choppadandi,Paddy,36.0,2255.0,2484.0,2484.0
2025-03-11 00:00:00+05:30,Jammikunta,Jammikunta,Cotton,305.0,6700.0,7150.0,7100.0
2025-03-11 00:00:00+05:30,Bhainsa,Bhainsa,Red Gram,185.63,4667.0,7119.0,6839.0
2025-03-11 00:00:00+05:30,Tandur,Tandur,Bengal Gram,14.0,5700.0,5855.0,5855.0
2025-03-11 00:00:00+05:30,Thirumalagiri,Tirmalagiri,Paddy,36.0,2020.0,2269.0,2081.0
2025-03-11 00:00:00+05:30,Hyderabad,Meeralamandi,Brinjal,2.0,1500.0,2000.0,1750.0
2025-03-11 00:00:00+05:30,Gaddiannaram,L.B Nagar,ColaCasio(Arvi),10.0,4000.0,5000.0,4500.0
2025-03-11 00:00:00+05:30,Bowenpally,Bowenpally,Carrot,2784.0,300.0,1600.0,1200.0
2025-03-11 00:00:00+05:30,Gaddiannaram,Gaddiannaram,Mosambi,1095.0,950.0,2600.0,1100.0
2025-03-10 00:00:00+05:30,Gudimalkapur,Gudumalkapur,Carrot,363.0,200.0,1200.0,800.0
2025-03-10 00:00:00+05:30,Gadwal,Gadwal,Groundnut pods,817.0,3711.0,6419.0,5899.0
2025-03-10 00:00:00+05:30,Narayanpet,Narayanpet,Red Gram,34.3,6829.0,7711.0,7429.0
2025-03-10 00:00:00+05:30,Wanaparthy Town,W.P.Town,Groundnut pods,93.0,5218.0,6490.0,5878.0
2025-03-10 00:00:00+05:30,Bhainsa,Bhainsa,Red Gram,164.52,5009.0,7180.0,6122.0
2025-03-10 00:00:00+05:30,Tandur,Tandur,Bengal Gram,6.0,5706.0,5706.0,5706.0
2025-03-10 00:00:00+05:30,Jammikunta,Jammikunta,Cotton,338.0,7000.0,7150.0,7100.0
2025-03-10 00:00:00+05:30,Suryapet,Suryapet,Paddy,758.0,1929.0,2379.0,2309.0
2025-03-10 00:00:00+05:30,Khammam,Khammam,Red Gram,15.0,7002.0,7002.0,7002.0
2025-03-10 00:00:00+05:30,Badepally,Badepally,Jowar,12.0,3601.0,3601.0,3601.0
2025-03-10 00:00:00+05:30,Mahbubnagar,Mahaboobnagar,Ragi,14.0,3290.0,4112.0,4112.0
2025-03-10 00:00:00+05:30,Choppadandi,Choppadandi,Paddy,12.0,3333.0,3333.0,3333.0
2025-03-10 00:00:00+05:30,Hyderabad,Meeralamandi,Brinjal,8.0,1000.0,1200.0,1100.0
2025-03-10 00:00:00+05:30,Bowenpally,Bowenpally,Carrot,2656.0,300.0,1600.0,1100.0
2025-03-10 00:00:00+05:30,Gaddiannaram,L.B Nagar,ColaCasio(Arvi),3.0,4000.0,6000.0,5000.0
2025-03-10 00:00:00+05:30,Gaddiannaram,Gaddiannaram,Mosambi,1415.0,900.0,3000.0,1300.0
2025-03-09 00:00:00+05:30,Gudimalkapur,Gudumalkapur,Carrot,392.0,200.0,1400.0,800.0
2025-03-09 00:00:00+05:30,Navabpet(MBNR),Navabpet,Red Gram,40.0,3001.0,6982.0,6982.0
2025-03-09 00:00:00+05:30,Bowenpally,Bowenpally,Carrot,2901.0,400.0,140.0,1000.0
2025-03-09 00:00:00+05:30,Hyderabad,Madannapeta,ColaCasio(Arvi),3.0,4500.0,4500.0,4500.0
2025-03-08 00:00:00+05:30,Wanaparthy Town,W.P.Town,Groundnut pods,192.0,5089.0,6339.0,6039.0
2025-03-09 00:00:00+05:30,Gaddiannaram,L.B Nagar,ColaCasio(Arvi),7.0,4000.0,6000.0,5000.0
2025-03-08 00:00:00+05:30,Gudimalkapur,Gudumalkapur,Carrot,381.0,500.0,1200.0,800.0
2025-03-08 00:00:00+05:30,Bhainsa,Bhainsa,Red Gram,156.16,6122.0,7180.0,6122.0
2025-03-08 00:00:00+05:30,Hyderabad,Meeralamandi,Brinjal,8.0,1000.0,1000.0,1000.0
2025-03-08 00:00:00+05:30,Suryapet,Suryapet,Paddy,173.0,2042.0,2372.0,2323.0
2025-03-08 00:00:00+05:30,Badepally,Badepally,Jowar,16.0,1651.0,4127.0,4077.0
2025-03-08 00:00:00+05:30,Narayanpet,Narayanpet,Red Gram,58.31,6870.0,7700.0,7700.0
2025-03-07 00:00:00+05:30,Wanaparthy Town,W.P.Town,Groundnut pods,164.0,5317.0,6430.0,5910.0
2025-03-07 00:00:00+05:30,Narayanpet,Narayanpet,Red Gram,79.87,7160.0,7623.0,7623.0
2025-03-08 00:00:00+05:30,Tandur,Tandur,Bengal Gram,4.0,5805.0,5805.0,5805.0
2025-03-08 00:00:00+05:30,Bowenpally,Bowenpally,Carrot,2585.0,300.0,1200.0,800.0
2025-03-08 00:00:00+05:30,Gaddiannaram,L.B Nagar,ColaCasio(Arvi),9.0,4000.0,6000.0,5000.0
2025-03-08 00:00:00+05:30,Gaddiannaram,Gaddiannaram,Mosambi,2805.0,800.0,2900.0,1500.0
2025-03-07 00:00:00+05:30,Gudimalkapur,Gudumalkapur,Carrot,316.0,400.0,1200.0,600.0
2025-03-07 00:00:00+05:30,Mahbubnagar,Mahaboobnagar,Ragi,59.0,3629.0,4352.0,3629.0
2025-03-07 00:00:00+05:30,Gadwal,Gadwal,Groundnut pods,538.0,3499.0,6289.0,5289.0
2025-03-07 00:00:00+05:30,Bhainsa,Bhainsa,Red Gram,136.12,6233.0,7259.0,7239.0
2025-03-07 00:00:00+05:30,Thirumalagiri,Tirmalagiri,Paddy,21.0,2170.0,2350.0,2350.0
2025-03-07 00:00:00+05:30,Jammikunta,Jammikunta,Cotton,249.0,6900.0,7150.0,7100.0
2025-03-07 00:00:00+05:30,Tandur,Tandur,Bengal Gram,6.0,5851.0,5851.0,5851.0
2025-03-06 00:00:00+05:30,Wanaparthy Town,W.P.Town,Groundnut pods,242.0,5095.0,6470.0,5869.0
2025-03-07 00:00:00+05:30,Khammam,Khammam,Red Gram,29.0,6800.0,7150.0,7000.0
2025-03-07 00:00:00+05:30,Hyderabad,Meeralamandi,Brinjal,3.0,1000.0,1200.0,1100.0
2025-03-07 00:00:00+05:30,Hyderabad,Madannapeta,ColaCasio(Arvi),4.0,4000.0,4000.0,4000.0
2025-03-07 00:00:00+05:30,Bowenpally,Bowenpally,Carrot,2874.0,400.0,1400.0,1000.0
2025-03-06 00:00:00+05:30,Narayanpet,Narayanpet,Red Gram,58.31,6580.0,7520.0,7191.0
2025-03-06 00:00:00+05:30,Gadwal,Gadwal,Groundnut pods,500.0,4009.0,6113.0,6113.0
2025-03-07 00:00:00+05:30,Gaddiannaram,L.B Nagar,ColaCasio(Arvi),6.0,4000.0,6000.0,5000.0
2025-03-07 00:00:00+05:30,Gaddiannaram,Gaddiannaram,Mosambi,2740.0,900.0,3200.0,1900.0
2025-03-06 00:00:00+05:30,Gudimalkapur,Gudumalkapur,Carrot,375.0,300.0,1100.0,700.0
2025-03-06 00:00:00+05:30,Choppadandi,Choppadandi,Paddy,1.0,2124.0,2124.0,2124.0
2025-03-06 00:00:00+05:30,Mahbubnagar,Mahaboobnagar,Ragi,17.0,4001.0,4312.0,4251.0
2025-03-06 00:00:00+05:30,Bhainsa,Bhainsa,Red Gram,162.69,6069.0,7267.0,7111.0
2025-03-06 00:00:00+05:30,Jammikunta,Jammikunta,Cotton,159.0,6600.0,7050.0,7000.0
2025-03-06 00:00:00+05:30,Suryapet,Suryapet,Paddy,718.0,1823.0,2413.0,2366.0
2025-03-06 00:00:00+05:30,Khammam,Khammam,Red Gram,20.0,6950.0,7151.0,7151.0
2025-03-06 00:00:00+05:30,Hyderabad,Meeralamandi,Brinjal,5.0,1000.0,1500.0,1250.0
2025-03-06 00:00:00+05:30,Thirumalagiri,Tirmalagiri,Paddy,22.0,2420.0,2420.0,2420.0
2025-03-05 00:00:00+05:30,Narayanpet,Narayanpet,Red Gram,105.84,6539.0,7509.0,6970.0
2025-03-05 00:00:00+05:30,Wanaparthy Town,W.P.Town,Groundnut pods,255.0,4220.0,6570.0,6184.0
2025-03-05 00:00:00+05:30,Devarakadra,Devarakadra,Castor,18.0,5950.0,5979.0,5965.0
2025-03-06 00:00:00+05:30,Gaddiannaram,L.B Nagar,ColaCasio(Arvi),7.0,4000.0,6000.0,5000.0
2025-03-06 00:00:00+05:30,Bowenpally,Bowenpally,Carrot,3564.0,300.0,1200.0,800.0
2025-03-06 00:00:00+05:30,Gaddiannaram,Gaddiannaram,Mosambi,1935.0,800.0,3000.0,1700.0
2025-03-05 00:00:00+05:30,Gadwal,Gadwal,Groundnut pods,526.0,2779.0,6029.0,5229.0
2025-03-05 00:00:00+05:30,Gudimalkapur,Gudumalkapur,Carrot,362.0,200.0,1200.0,500.0
2025-03-05 00:00:00+05:30,Suryapet,Suryapet,Paddy,424.0,1872.0,2412.0,2329.0
2025-03-05 00:00:00+05:30,Choppadandi,Choppadandi,Paddy,24.0,2621.0,2666.0,2666.0
2025-03-05 00:00:00+05:30,Mahbubnagar,Mahaboobnagar,Ragi,27.0,3409.0,4339.0,4030.0
2025-03-05 00:00:00+05:30,Bhainsa,Bhainsa,Red Gram,180.89,5536.0,7267.0,7239.0
2025-03-05 00:00:00+05:30,Jammikunta,Jammikunta,Cotton,129.0,6950.0,7040.0,7000.0
2025-03-04 00:00:00+05:30,Devarakadra,Devarakadra,Castor,19.0,5989.0,6011.0,6000.0
2025-03-05 00:00:00+05:30,Thirumalagiri,Tirmalagiri,Paddy,52.0,2040.0,2394.0,2370.0
2025-03-05 00:00:00+05:30,Hyderabad,Meeralamandi,Brinjal,4.0,1000.0,1500.0,1250.0
2025-03-04 00:00:00+05:30,Narayanpet,Narayanpet,Red Gram,13.72,6200.0,7589.0,7250.0
2025-03-05 00:00:00+05:30,Bowenpally,Bowenpally,Carrot,3970.0,400.0,1400.0,1000.0
2025-03-04 00:00:00+05:30,Gadwal,Gadwal,Groundnut pods,747.0,3890.0,6500.0,5050.0
2025-03-04 00:00:00+05:30,Mahbubnagar,Mahaboobnagar,Ragi,41.0,2809.0,4391.0,3751.0
2025-03-05 00:00:00+05:30,Gaddiannaram,L.B Nagar,ColaCasio(Arvi),5.0,4000.0,6000.0,5000.0
2025-03-05 00:00:00+05:30,Gaddiannaram,Gaddiannaram,Mosambi,2045.0,700.0,3000.0,1500.0
2025-03-04 00:00:00+05:30,Gudimalkapur,Gudumalkapur,Carrot,503.0,500.0,1000.0,700.0
2025-03-04 00:00:00+05:30,Suryapet,Suryapet,Paddy,537.0,1619.0,2543.0,2272.0
2025-03-04 00:00:00+05:30,Jagtial,Jagtial,Paddy,1.0,1701.0,1701.0,1701.0
2025-03-04 00:00:00+05:30,Bhainsa,Bhainsa,Red Gram,257.6,5042.0,7259.0,7201.0
2025-03-04 00:00:00+05:30,Hyderabad,Meeralamandi,Brinjal,5.0,1200.0,2000.0,1600.0
2025-03-04 00:00:00+05:30,Khammam,Khammam,Red Gram,31.0,4900.0,6700.0,4900.0
2025-03-04 00:00:00+05:30,Thirumalagiri,Tirmalagiri,Paddy,124.0,1900.0,2159.0,2109.0
2025-03-04 00:00:00+05:30,Jammikunta,Jammikunta,Cotton,189.0,6400.0,7050.0,7000.0
2025-03-04 00:00:00+05:30,Tandur,Tandur,Bengal Gram,31.0,5445.0,5777.0,5777.0
2025-03-03 00:00:00+05:30,Devarakadra,Devarakadra,Castor,15.0,5975.0,5975.0,5975.0
2025-03-03 00:00:00+05:30,Wanaparthy Town,W.P.Town,Groundnut pods,465.0,5184.0,6439.0,6140.0
2025-03-03 00:00:00+05:30,Narayanpet,Narayanpet,Red Gram,89.18,6500.0,7659.0,7465.0
2025-03-04 00:00:00+05:30,Bowenpally,Bowenpally,Carrot,3531.0,400.0,1400.0,1000.0
2025-03-04 00:00:00+05:30,Gaddiannaram,L.B Nagar,ColaCasio(Arvi),10.0,4000.0,4500.0,4200.0
2025-03-04 00:00:00+05:30,Gaddiannaram,Gaddiannaram,Mosambi,1861.0,900.0,3300.0,1600.0
2025-03-03 00:00:00+05:30,Gudimalkapur,Gudumalkapur,Carrot,397.0,200.0,1300.0,800.0
2025-03-03 00:00:00+05:30,Bhainsa,Bhainsa,Red Gram,278.46,4889.0,7288.0,7217.0
2025-03-03 00:00:00+05:30,Tandur,Tandur,Bengal Gram,16.0,5600.0,5700.0,5600.0
2025-03-03 00:00:00+05:30,Jammikunta,Jammikunta,Cotton,161.0,6700.0,7050.0,7000.0
2025-03-03 00:00:00+05:30,Suryapet,Suryapet,Paddy,411.0,1539.0,2569.0,2209.0
2025-03-03 00:00:00+05:30,Khammam,Khammam,Red Gram,3.0,6900.0,6900.0,6900.0
2025-03-03 00:00:00+05:30,Mahbubnagar,Mahaboobnagar,Ragi,21.0,3229.0,4339.0,4339.0
2025-03-03 00:00:00+05:30,Gadwal,Gadwal,Groundnut pods,965.0,3699.0,6609.0,5389.0
2025-03-03 00:00:00+05:30,Jagtial,Jagtial,Paddy,1.0,1650.0,1650.0,1650.0
2025-03-03 00:00:00+05:30,Hyderabad,Madannapeta,ColaCasio(Arvi),5.0,4000.0,4500.0,4250.0
2025-03-03 00:00:00+05:30,Hyderabad,Meeralamandi,Brinjal,9.0,1000.0,1500.0,1250.0
2025-03-03 00:00:00+05:30,Thirumalagiri,Tirmalagiri,Paddy,37.0,2209.0,2470.0,2340.0
2025-03-02 00:00:00+05:30,Navabpet(MBNR),Navabpet,Red Gram,23.0,3880.0,6914.0,6612.0
2025-03-03 00:00:00+05:30,Hyderabad,Mahabubmansion,Chillies(Dry),169.0,7000.0,10000.0,8000.0
2025-03-03 00:00:00+05:30,Gaddiannaram,L.B Nagar,ColaCasio(Arvi),16.0,4000.0,4500.0,4200.0
2025-03-03 00:00:00+05:30,Bowenpally,Bowenpally,Carrot,3021.0,400.0,1600.0,1200.0
2025-03-03 00:00:00+05:30,Gaddiannaram,Gaddiannaram,Mosambi,2857.0,900.0,3500.0,1900.0
2025-03-02 00:00:00+05:30,Gudimalkapur,Gudumalkapur,Carrot,499.0,200.0,1400.0,800.0
2025-03-02 00:00:00+05:30,Hyderabad,Meeralamandi,Brinjal,3.0,1500.0,1600.0,1550.0
2025-03-02 00:00:00+05:30,Gaddiannaram,Gaddiannaram,Mosambi,25.0,1000.0,3200.0,1550.0
2025-03-01 00:00:00+05:30,Devarakadra,Devarakadra,Castor,31.0,5963.0,6041.0,6002.0
2025-03-01 00:00:00+05:30,Wanaparthy Town,W.P.Town,Groundnut pods,342.0,5384.0,6669.0,6099.0
2025-03-02 00:00:00+05:30,Bowenpally,Bowenpally,Carrot,3445.0,200.0,1400.0,1000.0
2025-03-02 00:00:00+05:30,Gaddiannaram,L.B Nagar,ColaCasio(Arvi),5.0,4000.0,5000.0,4500.0
2025-03-01 00:00:00+05:30,Gudimalkapur,Gudumalkapur,Carrot,419.0,600.0,1300.0,800.0
2025-03-01 00:00:00+05:30,Narayanpet,Narayanpet,Red Gram,18.13,6880.0,7861.0,7175.0
2025-03-01 00:00:00+05:30,Suryapet,Suryapet,Paddy,179.0,2174.0,2453.0,2304.0
2025-03-01 00:00:00+05:30,Choppadandi,Choppadandi,Paddy,12.0,2652.0,2652.0,2652.0
2025-03-01 00:00:00+05:30,Jagtial,Jagtial,Paddy,19.0,1702.0,1702.0,1702.0
2025-03-01 00:00:00+05:30,Bhainsa,Bhainsa,Red Gram,254.57,5789.0,7421.0,7327.0
2025-03-01 00:00:00+05:30,Thirumalagiri,Tirmalagiri,Paddy,22.0,2469.0,2469.0,2469.0
2025-03-01 00:00:00+05:30,Tandur,Tandur,Bengal Gram,9.0,5800.0,5800.0,5800.0
2025-03-01 00:00:00+05:30,Hyderabad,Meeralamandi,Brinjal,2.0,1000.0,1500.0,1250.0
2025-03-01 00:00:00+05:30,Bowenpally,Bowenpally,Carrot,2625.0,400.0,1400.0,1100.0
2025-03-01 00:00:00+05:30,Gaddiannaram,L.B Nagar,ColaCasio(Arvi),6.0,4000.0,5000.0,4500.0
2025-03-01 00:00:00+05:30,Gaddiannaram,Gaddiannaram,Mosambi,2100.0,1000.0,3200.0,1550.0
2025-03-31 00:00:00+05:30,Gaddiannaram,L.B Nagar,ColaCasio(Arvi),5.0,4000.0,4500.0,4200.0
2025-03-31 00:00:00+05:30,Gudimalkapur,Gudumalkapur,Carrot,223.0,1000.0,1500.0,1200.0
2025-03-31 00:00:00+05:30,Bowenpally,Bowenpally,Carrot,1579.0,500.0,2000.0,1600.0
2025-03-29 00:00:00+05:30,Gudimalkapur,Gudumalkapur,Carrot,362.0,600.0,1000.0,800.0
2025-03-28 00:00:00+05:30,Wanaparthy Town,W.P.Town,Groundnut pods,180.0,5009.0,6129.0,5609.0
2025-03-28 00:00:00+05:30,Narayanpet,Narayanpet,Red Gram,27.93,6550.0,7429.0,6550.0
2025-03-29 00:00:00+05:30,Hyderabad,Meeralamandi,Brinjal,5.0,800.0,1000.0,900.0
2025-03-29 00:00:00+05:30,Hyderabad,Madannapeta,ColaCasio(Arvi),3.0,4000.0,4000.0,4000.0
2025-03-29 00:00:00+05:30,Gaddiannaram,L.B Nagar,ColaCasio(Arvi),10.0,4000.0,4500.0,4200.0
2025-03-29 00:00:00+05:30,Bowenpally,Bowenpally,Carrot,2529.0,300.0,1500.0,1100.0
2025-03-29 00:00:00+05:30,Gaddiannaram,Gaddiannaram,Mosambi,3111.0,1000.0,4000.0,1800.0
2025-03-28 00:00:00+05:30,Gudimalkapur,Gudumalkapur,Carrot,299.0,400.0,1000.0,800.0
2025-03-28 00:00:00+05:30,Gadwal,Gadwal,Groundnut pods,1388.0,3119.0,5969.0,5619.0
2025-03-28 00:00:00+05:30,Mahbubnagar,Mahaboobnagar,Ragi,38.0,2611.0,3912.0,3730.0
2025-03-27 00:00:00+05:30,Wanaparthy Town,W.P.Town,Groundnut pods,229.0,4419.0,6199.0,5889.0
2025-03-27 00:00:00+05:30,Devarakadra,Devarakadra,Castor,8.0,6000.0,6011.0,6005.0
2025-03-28 00:00:00+05:30,Jammikunta,Jammikunta,Cotton,93.0,7000.0,7230.0,7230.0
2025-03-28 00:00:00+05:30,Suryapet,Suryapet,Paddy,113.0,1979.0,2419.0,2389.0
2025-03-28 00:00:00+05:30,Bhainsa,Bhainsa,Red Gram,65.71,6739.0,7321.0,7243.0
2025-03-28 00:00:00+05:30,Thirumalagiri,Tirmalagiri,Paddy,11.0,1809.0,2259.0,2259.0
2025-03-27 00:00:00+05:30,Badepally,Badepally,Jowar,7.0,4089.0,4377.0,4170.0
2025-03-27 00:00:00+05:30,Narayanpet,Narayanpet,Red Gram,11.76,7311.0,7311.0,7311.0
2025-03-28 00:00:00+05:30,Hyderabad,Meeralamandi,Brinjal,3.0,1000.0,1000.0,1000.0
2025-03-28 00:00:00+05:30,Hyderabad,Madannapeta,ColaCasio(Arvi),6.0,4000.0,4000.0,4000.0
2025-03-28 00:00:00+05:30,Bowenpally,Bowenpally,Carrot,2457.0,500.0,1400.0,1100.0
2025-03-28 00:00:00+05:30,Gaddiannaram,L.B Nagar,ColaCasio(Arvi),7.0,4000.0,4500.0,4200.0
2025-03-28 00:00:00+05:30,Gaddiannaram,Gaddiannaram,Mosambi,1265.0,800.0,3200.0,1500.0
2025-03-27 00:00:00+05:30,Gudimalkapur,Gudumalkapur,Carrot,377.0,600.0,1500.0,1000.0
2025-03-27 00:00:00+05:30,Bhainsa,Bhainsa,Red Gram,65.88,6336.0,7247.0,7239.0
2025-03-27 00:00:00+05:30,Thirumalagiri,Tirmalagiri,Paddy,38.0,2289.0,2289.0,2289.0
2025-03-27 00:00:00+05:30,Hyderabad,Meeralamandi,Brinjal,5.0,1000.0,1000.0,1000.0
2025-03-27 00:00:00+05:30,Khammam,Khammam,Red Gram,2.0,6500.0,6500.0,6500.0
2025-03-27 00:00:00+05:30,Gadwal,Gadwal,Groundnut pods,1262.0,3216.0,6142.0,5270.0
2025-03-27 00:00:00+05:30,Mahbubnagar,Mahaboobnagar,Ragi,66.0,2611.0,3962.0,3760.0
2025-03-27 00:00:00+05:30,Jammikunta,Jammikunta,Cotton,85.0,7020.0,7240.0,7140.0
2025-03-27 00:00:00+05:30,Hyderabad,Madannapeta,ColaCasio(Arvi),3.0,4000.0,4000.0,4000.0
2025-03-26 00:00:00+05:30,Wanaparthy Town,W.P.Town,Groundnut pods,205.0,4982.0,6190.0,5800.0
2025-03-26 00:00:00+05:30,Devarakadra,Devarakadra,Castor,12.0,5931.0,6019.0,5975.0
2025-03-27 00:00:00+05:30,Bowenpally,Bowenpally,Carrot,2503.0,400.0,1400.0,1100.0
2025-03-27 00:00:00+05:30,Gaddiannaram,L.B Nagar,ColaCasio(Arvi),20.0,4000.0,5000.0,4500.0
2025-03-27 00:00:00+05:30,Gaddiannaram,Gaddiannaram,Mosambi,965.0,800.0,3400.0,1200.0
2025-03-26 00:00:00+05:30,Gudimalkapur,Gudumalkapur,Carrot,356.0,500.0,2000.0,1400.0
2025-03-26 00:00:00+05:30,Gadwal,Gadwal,Groundnut pods,991.0,3449.0,6289.0,6289.0
2025-03-26 00:00:00+05:30,Mahbubnagar,Mahaboobnagar,Ragi,17.0,3090.0,3852.0,3852.0
2025-03-26 00:00:00+05:30,Narayanpet,Narayanpet,Red Gram,5.88,7411.0,7429.0,7411.0
2025-03-26 00:00:00+05:30,Badepally,Badepally,Jowar,17.0,4036.0,4377.0,4336.0
2025-03-26 00:00:00+05:30,Suryapet,Suryapet,Paddy,227.0,1729.0,2452.0,2359.0
2025-03-26 00:00:00+05:30,Choppadandi,Choppadandi,Paddy,2.0,2452.0,2452.0,2452.0
2025-03-26 00:00:00+05:30,Bhainsa,Bhainsa,Red Gram,46.87,4888.0,7189.0,7171.0
2025-03-26 00:00:00+05:30,Hyderabad,Meeralamandi,Brinjal,3.0,1000.0,1000.0,1000.0
2025-03-26 00:00:00+05:30,Jammikunta,Jammikunta,Cotton,91.0,7100.0,7240.0,7170.0
2025-03-26 00:00:00+05:30,Thirumalagiri,Tirmalagiri,Paddy,14.0,1889.0,2229.0,2229.0
2025-03-26 00:00:00+05:30,Khammam,Khammam,Red Gram,15.0,5850.0,6950.0,6950.0
2025-03-25 00:00:00+05:30,Narayanpet,Narayanpet,Red Gram,16.66,6609.0,7489.0,6609.0
2025-03-26 00:00:00+05:30,Hyderabad,Madannapeta,ColaCasio(Arvi),6.0,4000.0,4000.0,400.0
2025-03-26 00:00:00+05:30,Bowenpally,Bowenpally,Carrot,2616.0,300.0,1500.0,1100.0
2025-03-26 00:00:00+05:30,Gaddiannaram,L.B Nagar,ColaCasio(Arvi),7.0,4000.0,5000.0,4500.0
2025-03-26 00:00:00+05:30,Gaddiannaram,Gaddiannaram,Mosambi,1446.0,1000.0,3400.0,1700.0
2025-03-25 00:00:00+05:30,Gudimalkapur,Gudumalkapur,Carrot,271.0,1000.0,1800.0,1400.0
2025-03-25 00:00:00+05:30,Mahbubnagar,Mahaboobnagar,Ragi,70.0,3711.0,3952.0,3821.0
2025-03-25 00:00:00+05:30,Gadwal,Gadwal,Groundnut pods,1242.0,3011.0,6150.0,4589.0
2025-03-25 00:00:00+05:30,Choppadandi,Choppadandi,Paddy,10.0,3311.0,3311.0,3311.0
2025-03-25 00:00:00+05:30,Jammikunta,Jammikunta,Cotton,173.0,7150.0,7240.0,7200.0
2025-03-25 00:00:00+05:30,Bhainsa,Bhainsa,Red Gram,146.24,2233.0,7189.0,7180.0
2025-03-25 00:00:00+05:30,Hyderabad,Meeralamandi,Brinjal,3.0,1000.0,1000.0,1000.0
2025-03-24 00:00:00+05:30,Narayanpet,Narayanpet,Red Gram,14.7,7229.0,7481.0,7229.0
2025-03-24 00:00:00+05:30,Wanaparthy Town,W.P.Town,Groundnut pods,112.0,5019.0,6119.0,5729.0
2025-03-24 00:00:00+05:30,Devarakadra,Devarakadra,Castor,24.0,6019.0,6019.0,6019.0
2025-03-25 00:00:00+05:30,Gaddiannaram,L.B Nagar,ColaCasio(Arvi),10.0,4000.0,5000.0,4500.0
2025-03-25 00:00:00+05:30,Khammam,Khammam,Red Gram,3.0,6800.0,6800.0,6800.0
2025-03-25 00:00:00+05:30,Tandur,Tandur,Bengal Gram,30.0,5625.0,5715.0,5715.0
2025-03-25 00:00:00+05:30,Thirumalagiri,Tirmalagiri,Paddy,14.0,1930.0,230.0,2170.0
2025-03-25 00:00:00+05:30,Suryapet,Suryapet,Paddy,339.0,2029.0,2429.0,2379.0
2025-03-25 00:00:00+05:30,Bowenpally,Bowenpally,Carrot,2372.0,500.0,1800.0,1300.0
2025-03-25 00:00:00+05:30,Gaddiannaram,Gaddiannaram,Mosambi,1755.0,800.0,3100.0,1500.0
2025-03-24 00:00:00+05:30,Gudimalkapur,Gudumalkapur,Carrot,288.0,500.0,1500.0,1000.0
2025-03-24 00:00:00+05:30,Badepally,Badepally,Jowar,15.0,4211.0,4215.0,4211.0
2025-03-24 00:00:00+05:30,Gadwal,Gadwal,Groundnut pods,2077.0,3019.0,6220.0,4861.0
2025-03-24 00:00:00+05:30,Mahbubnagar,Mahaboobnagar,Ragi,35.0,3320.0,3929.0,3882.0
2025-03-24 00:00:00+05:30,Suryapet,Suryapet,Paddy,253.0,1939.0,2412.0,2249.0
2025-03-24 00:00:00+05:30,Bhainsa,Bhainsa,Red Gram,114.55,6339.0,7225.0,7225.0
2025-03-24 00:00:00+05:30,Hyderabad,Meeralamandi,Brinjal,7.0,1000.0,1200.0,1100.0
2025-03-24 00:00:00+05:30,Jammikunta,Jammikunta,Cotton,108.0,6900.0,7230.0,7150.0
2025-03-24 00:00:00+05:30,Tandur,Tandur,Bengal Gram,21.0,5661.0,5755.0,5755.0
2025-03-24 00:00:00+05:30,Khammam,Khammam,Red Gram,3.0,7000.0,7000.0,7000.0
2025-03-24 00:00:00+05:30,Bowenpally,Bowenpally,Carrot,1777.0,300.0,2000.0,1400.0
2025-03-01 00:00:00+05:30,Gaddiannaram,Gaddiannaram,Orange,2329.0,1000.0,6500.0,2500.0
2025-03-01 00:00:00+05:30,Bowenpally,Bowenpally,Potato,5153.0,800.0,1700.0,1600.0
2025-03-01 00:00:00+05:30,Hyderabad,Mahabubmansion,Chillies(Dry),93.0,8000.0,10000.0,9000.0
2025-03-01 00:00:00+05:30,Hyderabad,Madannapeta,Brinjal,31.0,1500.0,2000.0,1750.0
2025-03-01 00:00:00+05:30,Tandur,Tandur,Red Gram,1783.0,7101.0,8080.0,7650.0
2025-03-01 00:00:00+05:30,Narayanpet,Narayanpet,Red Gram,241.08,5329.0,7585.0,7556.0
2025-03-01 00:00:00+05:30,Gudimalkapur,Gudumalkapur,Potato,2449.0,1000.0,1800.0,1300.0
2025-03-02 00:00:00+05:30,Bowenpally,Bowenpally,Potato,5763.0,800.0,1800.0,1500.0
2025-03-02 00:00:00+05:30,Gaddiannaram,Gaddiannaram,Orange,721.0,500.0,6250.0,3000.0
2025-03-02 00:00:00+05:30,Hyderabad,Madannapeta,Brinjal,26.0,1500.0,2000.0,1750.0
2025-03-02 00:00:00+05:30,Gudimalkapur,Gudumalkapur,Potato,2706.0,600.0,2000.0,1300.0
2025-03-03 00:00:00+05:30,Gaddiannaram,Gaddiannaram,Orange,3643.0,500.0,6250.0,2000.0
2025-03-03 00:00:00+05:30,Bowenpally,Bowenpally,Potato,3533.0,800.0,1700.0,1500.0
2025-03-03 00:00:00+05:30,Hyderabad,Mahabubmansion,Chillies(Dry),120.0,8000.0,10000.0,9000.0
2025-03-02 00:00:00+05:30,Navabpet(MBNR),Navabpet,Horse Gram,2.0,5380.0,5880.0,5380.0
2025-03-03 00:00:00+05:30,Hyderabad,Meeralamandi,Ladys Finger,4.0,3000.0,4000.0,3500.0
2025-03-03 00:00:00+05:30,Hyderabad,Madannapeta,Brinjal,37.0,1000.0,1500.0,1350.0
2025-03-03 00:00:00+05:30,Gadwal,Gadwal,Castor,44.0,3519.0,5819.0,5819.0
2025-03-03 00:00:00+05:30,Khammam,Khammam,Green Gram,16.0,6750.0,7650.0,6750.0
2025-03-03 00:00:00+05:30,Tandur,Tandur,Red Gram,2541.0,7000.0,8051.0,7569.0
2025-03-02 00:00:00+05:30,Achampet,Achampet,Red Gram,6.0,5311.0,6303.0,5311.0
2025-03-03 00:00:00+05:30,Gudimalkapur,Gudumalkapur,Potato,1655.0,800.0,1800.0,1300.0
2025-03-04 00:00:00+05:30,Gaddiannaram,Gaddiannaram,Orange,2453.0,750.0,6000.0,2500.0
2025-03-04 00:00:00+05:30,Bowenpally,Bowenpally,Potato,4392.0,800.0,1700.0,1400.0
2025-03-03 00:00:00+05:30,Narayanpet,Narayanpet,Red Gram,278.65,6609.0,7619.0,7259.0
2025-03-04 00:00:00+05:30,Hyderabad,Mahabubmansion,Chillies(Dry),260.0,8000.0,10000.0,9000.0
2025-03-04 00:00:00+05:30,Hyderabad,Madannapeta,Brinjal,35.0,800.0,1500.0,1200.0
2025-03-04 00:00:00+05:30,Tandur,Tandur,Red Gram,2172.0,6501.0,7956.0,7425.0
2025-03-04 00:00:00+05:30,Khammam,Khammam,Green Gram,31.0,6300.0,7650.0,6500.0
2025-03-04 00:00:00+05:30,Hyderabad,Meeralamandi,Ladys Finger,2.0,3000.0,3000.0,3000.0
2025-03-04 00:00:00+05:30,Gudimalkapur,Gudumalkapur,Potato,1464.0,400.0,1800.0,1300.0
2025-03-05 00:00:00+05:30,Gaddiannaram,Gaddiannaram,Orange,2155.0,500.0,6000.0,2000.0
2025-03-04 00:00:00+05:30,Gadwal,Gadwal,Castor,4.0,5785.0,5821.0,5050.0
2025-03-05 00:00:00+05:30,Bowenpally,Bowenpally,Potato,4635.0,800.0,2000.0,1600.0
2025-03-04 00:00:00+05:30,Narayanpet,Narayanpet,Red Gram,261.66,5500.0,7469.0,7269.0
2025-03-04 00:00:00+05:30,Badepally,Badepally,Ragi,2.0,3305.0,3305.0,3305.0
2025-03-05 00:00:00+05:30,Hyderabad,Mahabubmansion,Chillies(Dry),196.0,8000.0,11000.0,9000.0
2025-03-05 00:00:00+05:30,Hyderabad,Madannapeta,Brinjal,30.0,1000.0,1200.0,1100.0
2025-03-05 00:00:00+05:30,Tandur,Tandur,Red Gram,1784.0,6700.0,7803.0,7452.0
2025-03-05 00:00:00+05:30,Khammam,Khammam,Green Gram,38.0,6800.0,7400.0,7400.0
2025-03-05 00:00:00+05:30,Sadasivpet,Sadasivapet,Bengal Gram,3.0,5670.0,5670.0,5670.0
2025-03-05 00:00:00+05:30,Boath,Boath,Red Gram,237.0,7550.0,7550.0,7550.0
2025-03-05 00:00:00+05:30,Gudimalkapur,Gudumalkapur,Potato,1557.0,1000.0,2000.0,1500.0
2025-03-05 00:00:00+05:30,Gadwal,Gadwal,Castor,9.0,5811.0,5859.0,5859.0
2025-03-05 00:00:00+05:30,Achampet,Achampet,Red Gram,2.0,6300.0,6300.0,6300.0
2025-03-06 00:00:00+05:30,Gaddiannaram,Gaddiannaram,Orange,1998.0,750.0,6000.0,2500.0
2025-03-06 00:00:00+05:30,Bowenpally,Bowenpally,Potato,4364.0,1000.0,1800.0,1600.0
2025-03-05 00:00:00+05:30,Devarakadra,Devarakadra,Onions,653.0,1800.0,2550.0,2175.0
2025-03-05 00:00:00+05:30,Narayanpet,Narayanpet,Red Gram,271.95,4500.0,7476.0,7351.0
2025-03-06 00:00:00+05:30,Hyderabad,Mahabubmansion,Chillies(Dry),240.0,8000.0,11000.0,9000.0
2025-03-06 00:00:00+05:30,Hyderabad,Meeralamandi,Ladys Finger,2.0,3500.0,4000.0,3750.0
2025-03-06 00:00:00+05:30,Hyderabad,Madannapeta,Brinjal,20.0,800.0,1000.0,900.0
2025-03-06 00:00:00+05:30,Khammam,Khammam,Green Gram,73.0,5500.0,7400.0,7150.0
2025-03-06 00:00:00+05:30,Chevella,Chevella,Tamarind,12.0,7000.0,7000.0,7000.0
2025-03-06 00:00:00+05:30,Tandur,Tandur,Red Gram,1680.0,6759.0,7801.0,7461.0
2025-03-06 00:00:00+05:30,Gudimalkapur,Gudumalkapur,Potato,2143.0,400.0,1800.0,1300.0
2025-03-07 00:00:00+05:30,Gaddiannaram,Gaddiannaram,Orange,1280.0,750.0,7000.0,2500.0
2025-03-06 00:00:00+05:30,Gadwal,Gadwal,Castor,11.0,5809.0,5871.0,5869.0
2025-03-06 00:00:00+05:30,Narayanpet,Narayanpet,Red Gram,114.66,5911.0,7273.0,6891.0
2025-03-07 00:00:00+05:30,Bowenpally,Bowenpally,Potato,4863.0,800.0,1700.0,1500.0
2025-03-07 00:00:00+05:30,Hyderabad,Madannapeta,Brinjal,25.0,800.0,1000.0,900.0
2025-03-07 00:00:00+05:30,Hyderabad,Meeralamandi,Ladys Finger,2.0,4000.0,4000.0,4000.0
2025-03-07 00:00:00+05:30,Hyderabad,Mahabubmansion,Chillies(Dry),194.0,8000.0,11000.0,9000.0
2025-03-07 00:00:00+05:30,Khammam,Khammam,Green Gram,59.0,5500.0,7600.0,7500.0
2025-03-07 00:00:00+05:30,Tandur,Tandur,Red Gram,1619.0,6759.0,7811.0,7371.0
2025-03-07 00:00:00+05:30,Boath,Boath,Red Gram,293.0,7550.0,7550.0,7550.0
2025-03-07 00:00:00+05:30,Gadwal,Gadwal,Castor,6.0,5611.0,5839.0,5839.0
2025-03-07 00:00:00+05:30,Gudimalkapur,Gudumalkapur,Potato,993.0,800.0,1800.0,1400.0
2025-03-08 00:00:00+05:30,Gaddiannaram,Gaddiannaram,Orange,1656.0,10000.0,7000.0,2250.0
2025-03-08 00:00:00+05:30,Bowenpally,Bowenpally,Potato,3440.0,1000.0,1800.0,1600.0
2025-03-08 00:00:00+05:30,Tandur,Tandur,Red Gram,1367.0,6849.0,7839.0,7461.0
2025-03-07 00:00:00+05:30,Narayanpet,Narayanpet,Red Gram,86.73,6869.0,7432.0,7432.0
2025-03-08 00:00:00+05:30,Hyderabad,Mahabubmansion,Chillies(Dry),146.0,8000.0,10000.0,9000.0
2025-03-08 00:00:00+05:30,Hyderabad,Madannapeta,Brinjal,30.0,800.0,1000.0,900.0
2025-03-08 00:00:00+05:30,Narayanpet,Narayanpet,Red Gram,136.71,6469.0,7461.0,7269.0
2025-03-08 00:00:00+05:30,Khammam,Khammam,Green Gram,42.0,6925.0,7600.0,6925.0
2025-03-08 00:00:00+05:30,Hyderabad,Meeralamandi,Ladys Finger,2.0,4000.0,4000.0,4000.0
2025-03-08 00:00:00+05:30,Gudimalkapur,Gudumalkapur,Potato,2528.0,1000.0,1800.0,1400.0
2025-03-08 00:00:00+05:30,Sadasivpet,Sadasivapet,Bengal Gram,2.0,5811.0,5811.0,5811.0
2025-03-09 00:00:00+05:30,Gaddiannaram,Gaddiannaram,Orange,1380.0,1000.0,7000.0,2250.0
2025-03-09 00:00:00+05:30,Hyderabad,Madannapeta,Brinjal,25.0,1350.0,1350.0,1350.0
2025-03-09 00:00:00+05:30,Bowenpally,Bowenpally,Potato,3403.0,800.0,1700.0,1600.0
2025-03-09 00:00:00+05:30,Navabpet(MBNR),Navabpet,Horse Gram,2.0,6090.0,6090.0,6090.0
2025-03-09 00:00:00+05:30,Gudimalkapur,Gudumalkapur,Potato,1103.0,800.0,1800.0,1400.0
2025-03-10 00:00:00+05:30,Gaddiannaram,Gaddiannaram,Orange,2773.0,1000.0,7250.0,2500.0
2025-03-10 00:00:00+05:30,Bowenpally,Bowenpally,Potato,2805.0,800.0,1800.0,1500.0
2025-03-10 00:00:00+05:30,Hyderabad,Meeralamandi,Ladys Finger,2.0,3500.0,3500.0,3500.0
2025-03-10 00:00:00+05:30,Hyderabad,Mahabubmansion,Chillies(Dry),284.0,8000.0,11000.0,10000.0
2025-03-10 00:00:00+05:30,Hyderabad,Madannapeta,Brinjal,43.0,2000.0,2000.0,2000.0
2025-03-10 00:00:00+05:30,Sadasivpet,Sadasivapet,Bengal Gram,22.0,5606.0,5808.0,5808.0
2025-03-10 00:00:00+05:30,Khammam,Khammam,Green Gram,84.0,5800.0,7375.0,6900.0
2025-03-10 00:00:00+05:30,Tandur,Tandur,Red Gram,1709.0,6700.0,7704.0,7407.0
2025-03-10 00:00:00+05:30,Narayanpet,Narayanpet,Red Gram,125.44,5809.0,7370.0,7070.0
2025-03-10 00:00:00+05:30,Gadwal,Gadwal,Castor,25.0,5819.0,5901.0,5885.0
2025-03-10 00:00:00+05:30,Gudimalkapur,Gudumalkapur,Potato,943.0,1200.0,1800.0,1400.0
2025-03-11 00:00:00+05:30,Gaddiannaram,Gaddiannaram,Orange,2200.0,500.0,6750.0,2000.0
2025-03-11 00:00:00+05:30,Bowenpally,Bowenpally,Potato,2800.0,1000.0,1800.0,1600.0
2025-03-11 00:00:00+05:30,Hyderabad,Madannapeta,Brinjal,20.0,1000.0,2000.0,1500.0
2025-03-11 00:00:00+05:30,Hyderabad,Meeralamandi,Ladys Finger,2.0,5000.0,5000.0,5000.0
2025-03-11 00:00:00+05:30,Hyderabad,Mahabubmansion,Chillies(Dry),352.0,8000.0,10000.0,9000.0
2025-03-11 00:00:00+05:30,Tandur,Tandur,Red Gram,938.0,7002.0,7699.0,7335.0
2025-03-11 00:00:00+05:30,Khammam,Khammam,Green Gram,114.0,4700.0,7400.0,6550.0
2025-03-11 00:00:00+05:30,Gadwal,Gadwal,Castor,24.0,5819.0,5929.0,5929.0
2025-03-11 00:00:00+05:30,Narayanpet,Narayanpet,Red Gram,133.28,4350.0,7411.0,4350.0
2025-03-11 00:00:00+05:30,Badepally,Badepally,Ragi,1.0,4211.0,4211.0,4211.0
2025-03-11 00:00:00+05:30,Gudimalkapur,Gudumalkapur,Potato,1620.0,1000.0,1800.0,1500.0
2025-03-12 00:00:00+05:30,Gaddiannaram,Gaddiannaram,Orange,1824.0,750.0,6000.0,3000.0
2025-03-12 00:00:00+05:30,Bowenpally,Bowenpally,Potato,4078.0,800.0,1700.0,1500.0
2025-03-12 00:00:00+05:30,Hyderabad,Madannapeta,Brinjal,33.0,2000.0,2000.0,2000.0
2025-03-12 00:00:00+05:30,Hyderabad,Meeralamandi,Ladys Finger,2.0,4500.0,5000.0,4750.0
2025-03-12 00:00:00+05:30,Hyderabad,Mahabubmansion,Chillies(Dry),427.0,8000.0,10000.0,9000.0
2025-03-11 00:00:00+05:30,Jogipet,Jogipet,Bengal Gram,10.2,4700.0,5600.0,5150.0
2025-03-12 00:00:00+05:30,Khammam,Khammam,Green Gram,104.0,4500.0,7402.0,7100.0
2025-03-12 00:00:00+05:30,Tandur,Tandur,Red Gram,708.0,6858.0,7628.0,7065.0
2025-03-12 00:00:00+05:30,Gudimalkapur,Gudumalkapur,Potato,2644.0,400.0,1000.0,600.0
2025-03-13 00:00:00+05:30,Gaddiannaram,Gaddiannaram,Orange,1303.0,500.0,6750.0,2500.0
2025-03-12 00:00:00+05:30,Gadwal,Gadwal,Castor,47.0,5890.0,5950.0,5950.0
2025-03-12 00:00:00+05:30,Sadasivpet,Sadasivapet,Bengal Gram,28.0,5558.0,5558.0,5558.0
2025-03-13 00:00:00+05:30,Bowenpally,Bowenpally,Potato,2374.0,800.0,1700.0,1400.0
2025-03-13 00:00:00+05:30,Hyderabad,Meeralamandi,Ladys Finger,3.0,3000.0,5000.0,4000.0
2025-03-12 00:00:00+05:30,Narayanpet,Narayanpet,Red Gram,114.17,5622.0,7371.0,7319.0
2025-03-13 00:00:00+05:30,Hyderabad,Madannapeta,Brinjal,35.0,1000.0,1000.0,1000.0
2025-03-13 00:00:00+05:30,Khammam,Khammam,Green Gram,114.0,4000.0,7400.0,7075.0
2025-03-13 00:00:00+05:30,Tandur,Tandur,Red Gram,336.0,6858.0,7542.0,7245.0
2025-03-12 00:00:00+05:30,Devarakadra,Devarakadra,Onions,1150.0,1100.0,1600.0,1350.0
2025-03-13 00:00:00+05:30,Chevella,Chevella,Tamarind,6.0,7000.0,7000.0,7000.0
2025-03-13 00:00:00+05:30,Gudimalkapur,Gudumalkapur,Potato,1788.0,800.0,1800.0,1400.0
2025-03-14 00:00:00+05:30,Gaddiannaram,Gaddiannaram,Orange,253.0,500.0,6750.0,2500.0
2025-03-14 00:00:00+05:30,Bowenpally,Bowenpally,Potato,2245.0,800.0,1800.0,1500.0
2025-03-13 00:00:00+05:30,Achampet,Achampet,Red Gram,1.25,4159.0,4159.0,4159.0
2025-03-13 00:00:00+05:30,Narayanpet,Narayanpet,Red Gram,34.3,6339.0,7314.0,7314.0
2025-03-14 00:00:00+05:30,Hyderabad,Madannapeta,Brinjal,33.0,1000.0,2000.0,1500.0
2025-03-14 00:00:00+05:30,Gudimalkapur,Gudumalkapur,Potato,670.0,800.0,1800.0,1500.0
2025-03-15 00:00:00+05:30,Gaddiannaram,Gaddiannaram,Orange,1490.0,750.0,7000.0,2500.0
2025-03-15 00:00:00+05:30,Bowenpally,Bowenpally,Potato,2688.0,1000.0,1800.0,1600.0
2025-03-15 00:00:00+05:30,Hyderabad,Meeralamandi,Ladys Finger,3.0,3500.0,4000.0,3750.0
2025-03-15 00:00:00+05:30,Hyderabad,Madannapeta,Brinjal,26.0,1000.0,2000.0,1500.0
2025-03-15 00:00:00+05:30,Narayanpet,Narayanpet,Red Gram,22.54,5839.0,7081.0,7048.0
2025-03-15 00:00:00+05:30,Gudimalkapur,Gudumalkapur,Potato,1034.0,1200.0,1800.0,1400.0
2025-03-16 00:00:00+05:30,Bowenpally,Bowenpally,Potato,3947.0,1000.0,1800.0,1600.0
2025-03-16 00:00:00+05:30,Hyderabad,Meeralamandi,Ladys Finger,3.0,3000.0,4000.0,3500.0
2025-03-16 00:00:00+05:30,Gaddiannaram,Gaddiannaram,Orange,1010.0,750.0,7000.0,2500.0
2025-03-16 00:00:00+05:30,Hyderabad,Madannapeta,Brinjal,40.0,1000.0,2000.0,1500.0
2025-03-16 00:00:00+05:30,Gudimalkapur,Gudumalkapur,Potato,1290.0,800.0,1800.0,1300.0
2025-03-17 00:00:00+05:30,Gaddiannaram,Gaddiannaram,Orange,2337.0,1000.0,7000.0,2500.0
2025-03-17 00:00:00+05:30,Bowenpally,Bowenpally,Potato,2862.0,1000.0,2000.0,1700.0
2025-03-16 00:00:00+05:30,Navabpet(MBNR),Navabpet,Horse Gram,5.0,6100.0,6250.0,6250.0
2025-03-17 00:00:00+05:30,Hyderabad,Mahabubmansion,Chillies(Dry),360.0,8000.0,110000.0,10000.0
2025-03-17 00:00:00+05:30,Hyderabad,Madannapeta,Brinjal,25.0,1000.0,1500.0,1250.0
2025-03-16 00:00:00+05:30,Achampet,Achampet,Red Gram,26.0,5759.0,6359.0,6110.0
2025-03-17 00:00:00+05:30,Hyderabad,Meeralamandi,Ladys Finger,3.0,3500.0,3500.0,3500.0
2025-03-17 00:00:00+05:30,Tandur,Tandur,Red Gram,1876.0,6668.0,7668.0,7272.0
2025-03-17 00:00:00+05:30,Khammam,Khammam,Green Gram,324.0,5300.0,7400.0,6800.0
2025-03-17 00:00:00+05:30,Narayanpet,Narayanpet,Red Gram,122.01,4746.0,7171.0,7166.0
2025-03-17 00:00:00+05:30,Gadwal,Gadwal,Castor,50.0,3119.0,6061.0,5979.0
2025-03-17 00:00:00+05:30,Sadasivpet,Sadasivapet,Bengal Gram,4.0,4747.0,5311.0,4747.0
2025-03-17 00:00:00+05:30,Gudimalkapur,Gudumalkapur,Potato,641.0,1000.0,2000.0,1500.0
2025-03-18 00:00:00+05:30,Gaddiannaram,Gaddiannaram,Orange,815.0,500.0,6000.0,2500.0
2025-03-18 00:00:00+05:30,Bowenpally,Bowenpally,Potato,1265.0,1000.0,2000.0,1600.0
2025-03-18 00:00:00+05:30,Hyderabad,Madannapeta,Brinjal,35.0,800.0,1200.0,1000.0
2025-03-18 00:00:00+05:30,Hyderabad,Mahabubmansion,Chillies(Dry),280.0,8000.0,11000.0,10000.0
2025-03-18 00:00:00+05:30,Khammam,Khammam,Green Gram,191.0,5800.0,7400.0,6800.0
2025-03-18 00:00:00+05:30,Tandur,Tandur,Red Gram,1573.0,6759.0,7723.0,7425.0
2025-03-18 00:00:00+05:30,Jogipet,Jogipet,Bengal Gram,7.0,5500.0,5500.0,5500.0
2025-03-18 00:00:00+05:30,Gudimalkapur,Gudumalkapur,Potato,611.0,1200.0,2200.0,1600.0
2025-03-18 00:00:00+05:30,Gadwal,Gadwal,Castor,36.0,5909.0,6051.0,6049.0
2025-03-18 00:00:00+05:30,Narayanpet,Narayanpet,Red Gram,122.99,6000.0,7263.0,6729.0
2025-03-19 00:00:00+05:30,Gaddiannaram,Gaddiannaram,Orange,2491.0,500.0,6000.0,2500.0
2025-03-19 00:00:00+05:30,Bowenpally,Bowenpally,Potato,4755.0,1000.0,2200.0,2000.0
2025-03-19 00:00:00+05:30,Hyderabad,Madannapeta,Brinjal,30.0,800.0,1000.0,900.0
2025-03-19 00:00:00+05:30,Hyderabad,Meeralamandi,Ladys Finger,3.0,4000.0,5000.0,4500.0
2025-03-19 00:00:00+05:30,Hyderabad,Mahabubmansion,Chillies(Dry),320.0,8000.0,11000.0,10000.0
2025-03-19 00:00:00+05:30,Tandur,Tandur,Red Gram,885.0,6759.0,7722.0,7155.0
2025-03-19 00:00:00+05:30,Sadasivpet,Sadasivapet,Bengal Gram,3.0,5553.0,5553.0,5553.0
2025-03-19 00:00:00+05:30,Khammam,Khammam,Green Gram,210.0,5500.0,7200.0,6800.0
2025-03-19 00:00:00+05:30,Gudimalkapur,Gudumalkapur,Potato,2111.0,1400.0,2000.0,1600.0
2025-03-20 00:00:00+05:30,Gaddiannaram,Gaddiannaram,Orange,1419.0,1000.0,5750.0,2250.0
2025-03-20 00:00:00+05:30,Bowenpally,Bowenpally,Potato,4074.0,1000.0,2200.0,1800.0
2025-03-19 00:00:00+05:30,Devarakadra,Devarakadra,Onions,1050.0,1410.0,2000.0,1705.0
2025-03-19 00:00:00+05:30,Narayanpet,Narayanpet,Red Gram,44.59,6069.0,7311.0,7211.0
2025-03-20 00:00:00+05:30,Hyderabad,Mahabubmansion,Chillies(Dry),343.0,8000.0,10000.0,9000.0
2025-03-20 00:00:00+05:30,Hyderabad,Meeralamandi,Ladys Finger,3.0,3500.0,3500.0,3500.0
2025-03-20 00:00:00+05:30,Hyderabad,Madannapeta,Brinjal,30.0,800.0,1000.0,900.0
2025-03-20 00:00:00+05:30,Tandur,Tandur,Red Gram,879.0,7002.0,7786.0,7461.0
2025-03-20 00:00:00+05:30,Khammam,Khammam,Green Gram,216.0,5811.0,7550.0,6800.0
2025-03-20 00:00:00+05:30,Chevella,Chevella,Tamarind,6.0,7000.0,7000.0,7000.0
2025-03-20 00:00:00+05:30,Sadasivpet,Sadasivapet,Bengal Gram,15.0,5454.0,5454.0,5454.0
2025-03-20 00:00:00+05:30,Gadwal,Gadwal,Castor,34.0,5835.0,6091.0,6009.0
2025-03-20 00:00:00+05:30,Gudimalkapur,Gudumalkapur,Potato,2110.0,1000.0,2000.0,1600.0
2025-03-21 00:00:00+05:30,Gaddiannaram,Gaddiannaram,Orange,1124.0,1000.0,6500.0,2500.0
2025-03-21 00:00:00+05:30,Bowenpally,Bowenpally,Potato,7140.0,1000.0,2000.0,1800.0
2025-03-20 00:00:00+05:30,Narayanpet,Narayanpet,Red Gram,139.65,5506.0,7313.0,7226.0
2025-03-21 00:00:00+05:30,Hyderabad,Mahabubmansion,Chillies(Dry),397.0,8000.0,10000.0,9000.0
2025-03-21 00:00:00+05:30,Hyderabad,Madannapeta,Brinjal,25.0,800.0,1000.0,900.0
2025-03-21 00:00:00+05:30,Tandur,Tandur,Red Gram,894.0,6511.0,7689.0,7461.0
2025-03-21 00:00:00+05:30,Khammam,Khammam,Green Gram,181.0,5500.0,7350.0,6900.0
2025-03-21 00:00:00+05:30,Nizamabad,Nizamabad,Wheat,16.0,1100.0,1800.0,1232.0
2025-03-21 00:00:00+05:30,Gudimalkapur,Gudumalkapur,Potato,1651.0,1400.0,2200.0,1600.0
2025-03-21 00:00:00+05:30,Gadwal,Gadwal,Castor,39.0,5719.0,6061.0,6039.0
2025-03-21 00:00:00+05:30,Narayanpet,Narayanpet,Red Gram,55.37,6609.0,7416.0,7309.0
2025-03-22 00:00:00+05:30,Gaddiannaram,Gaddiannaram,Orange,867.0,1000.0,6000.0,2500.0
2025-03-22 00:00:00+05:30,Bowenpally,Bowenpally,Potato,5534.0,1000.0,2200.0,1800.0
2025-03-22 00:00:00+05:30,Hyderabad,Madannapeta,Brinjal,20.0,800.0,1200.0,1000.0
2025-03-22 00:00:00+05:30,Hyderabad,Meeralamandi,Ladys Finger,3.0,3000.0,3000.0,3000.0
2025-03-21 00:00:00+05:30,Sadasivpet,Sadasivapet,Bengal Gram,5.0,5416.0,5416.0,5416.0
2025-03-22 00:00:00+05:30,Tandur,Tandur,Red Gram,501.0,6975.0,7695.0,7353.0
2025-03-22 00:00:00+05:30,Sadasivpet,Sadasivapet,Bengal Gram,4.0,5450.0,5553.0,5553.0
2025-03-22 00:00:00+05:30,Gadwal,Gadwal,Castor,45.0,6029.0,6099.0,6029.0
2025-03-22 00:00:00+05:30,Narayanpet,Narayanpet,Red Gram,64.68,4500.0,7306.0,7123.0
2025-03-22 00:00:00+05:30,Gudimalkapur,Gudumalkapur,Potato,2116.0,1000.0,2000.0,1300.0
2025-03-23 00:00:00+05:30,Gaddiannaram,Gaddiannaram,Orange,1053.0,1000.0,6000.0,2500.0
2025-03-23 00:00:00+05:30,Bowenpally,Bowenpally,Potato,4389.0,800.0,2000.0,1600.0
2025-03-23 00:00:00+05:30,Hyderabad,Meeralamandi,Ladys Finger,2.0,3000.0,3000.0,3000.0
2025-03-23 00:00:00+05:30,Hyderabad,Madannapeta,Brinjal,20.0,800.0,1000.0,900.0
2025-03-23 00:00:00+05:30,Gudimalkapur,Gudumalkapur,Potato,1792.0,1000.0,2000.0,1500.0
2025-03-23 00:00:00+05:30,Navabpet(MBNR),Navabpet,Horse Gram,2.0,5512.0,5512.0,5512.0
2025-03-24 00:00:00+05:30,Gaddiannaram,Gaddiannaram,Orange,1396.0,500.0,7500.0,3000.0
2025-03-24 00:00:00+05:30,Bowenpally,Bowenpally,Potato,3053.0,800.0,2000.0,1600.0
2025-03-24 00:00:00+05:30,Hyderabad,Mahabubmansion,Chillies(Dry),400.0,7000.0,10500.0,8000.0
2025-03-24 00:00:00+05:30,Hyderabad,Madannapeta,Brinjal,20.0,800.0,1000.0,900.0
2025-03-24 00:00:00+05:30,Khammam,Khammam,Green Gram,324.0,4500.0,7200.0,6600.0
2025-03-24 00:00:00+05:30,Tandur,Tandur,Red Gram,1064.0,6503.0,7794.0,7425.0
2025-03-24 00:00:00+05:30,Hyderabad,Meeralamandi,Ladys Finger,3.0,2500.0,3000.0,2750.0
2025-03-24 00:00:00+05:30,Sadasivpet,Sadasivapet,Bengal Gram,6.0,5501.0,5501.0,5501.0
2025-03-24 00:00:00+05:30,Gadwal,Gadwal,Castor,46.0,5629.0,6019.0,6019.0
2025-03-24 00:00:00+05:30,Gudimalkapur,Gudumalkapur,Potato,1805.0,1300.0,1800.0,1500.0
2025-03-25 00:00:00+05:30,Gaddiannaram,Gaddiannaram,Orange,1196.0,1500.0,7500.0,3000.0
2025-03-25 00:00:00+05:30,Bowenpally,Bowenpally,Potato,4549.0,1000.0,1800.0,1600.0
2025-03-25 00:00:00+05:30,Tandur,Tandur,Red Gram,670.0,7002.0,7650.0,7335.0
2025-03-25 00:00:00+05:30,Khammam,Khammam,Green Gram,215.0,5000.0,7000.0,6800.0
2025-03-24 00:00:00+05:30,Narayanpet,Narayanpet,Red Gram,136.22,6521.0,7189.0,7129.0
2025-03-25 00:00:00+05:30,Hyderabad,Mahabubmansion,Chillies(Dry),220.0,7000.0,10000.0,8000.0
2025-03-25 00:00:00+05:30,Hyderabad,Madannapeta,Brinjal,31.0,600.0,1000.0,700.0
2025-03-25 00:00:00+05:30,Gadwal,Gadwal,Castor,46.0,3361.0,6091.0,6091.0
2025-03-25 00:00:00+05:30,Gudimalkapur,Gudumalkapur,Potato,1202.0,1300.0,1800.0,1500.0
2025-03-26 00:00:00+05:30,Gaddiannaram,Gaddiannaram,Orange,722.0,1000.0,7500.0,3500.0
2025-03-26 00:00:00+05:30,Bowenpally,Bowenpally,Potato,2055.0,1000.0,1800.0,1600.0
2025-03-26 00:00:00+05:30,Hyderabad,Madannapeta,Brinjal,30.0,800.0,1000.0,900.0
2025-03-25 00:00:00+05:30,Narayanpet,Narayanpet,Red Gram,15.68,7166.0,7211.0,7166.0
2025-03-26 00:00:00+05:30,Hyderabad,Mahabubmansion,Chillies(Dry),380.0,7000.0,10000.0,8000.0
2025-03-26 00:00:00+05:30,Khammam,Khammam,Green Gram,152.0,4000.0,7500.0,6550.0
2025-03-26 00:00:00+05:30,Tandur,Tandur,Red Gram,299.0,6700.0,7660.0,7155.0
2025-03-26 00:00:00+05:30,Suryapet,Suryapet,Paddy,6.0,2149.0,2149.0,2149.0
2025-03-26 00:00:00+05:30,Narayanpet,Narayanpet,Red Gram,121.03,6700.0,7239.0,7215.0
2025-03-26 00:00:00+05:30,Gudimalkapur,Gudumalkapur,Potato,872.0,1000.0,1800.0,1400.0
2025-03-27 00:00:00+05:30,Gaddiannaram,Gaddiannaram,Orange,1017.0,1000.0,6750.0,3000.0
2025-03-27 00:00:00+05:30,Bowenpally,Bowenpally,Potato,3153.0,1000.0,2000.0,1800.0
2025-03-26 00:00:00+05:30,Devarakadra,Devarakadra,Onions,863.0,1320.0,2000.0,1660.0
2025-03-27 00:00:00+05:30,Hyderabad,Mahabubmansion,Chillies(Dry),294.0,7000.0,10000.0,8000.0
2025-03-27 00:00:00+05:30,Hyderabad,Madannapeta,Brinjal,43.0,600.0,1000.0,800.0
2025-03-27 00:00:00+05:30,Tandur,Tandur,Red Gram,393.0,7038.0,7659.0,7350.0
2025-03-27 00:00:00+05:30,Gadwal,Gadwal,Castor,26.0,1709.0,6051.0,5811.0
2025-03-27 00:00:00+05:30,Khammam,Khammam,Green Gram,254.0,4000.0,7000.0,6600.0
2025-03-27 00:00:00+05:30,Chevella,Chevella,Tamarind,6.0,7000.0,7000.0,7000.0
2025-03-27 00:00:00+05:30,Hyderabad,Meeralamandi,Ladys Finger,2.0,4000.0,5000.0,4500.0
2025-03-27 00:00:00+05:30,Gudimalkapur,Gudumalkapur,Potato,225.0,1200.0,1600.0,1400.0
2025-03-28 00:00:00+05:30,Gaddiannaram,Gaddiannaram,Orange,311.0,1000.0,7750.0,3000.0
2025-03-28 00:00:00+05:30,Bowenpally,Bowenpally,Potato,3460.0,1000.0,1800.0,1600.0
2025-03-28 00:00:00+05:30,Hyderabad,Madannapeta,Brinjal,35.0,600.0,1000.0,800.0
2025-03-27 00:00:00+05:30,Narayanpet,Narayanpet,Red Gram,68.6,6100.0,7213.0,7213.0
2025-03-27 00:00:00+05:30,Badepally,Badepally,Ragi,15.0,2207.0,3077.0,2207.0
2025-03-28 00:00:00+05:30,Tandur,Tandur,Red Gram,216.0,7047.0,7711.0,7200.0
2025-03-28 00:00:00+05:30,Khammam,Khammam,Green Gram,275.0,5800.0,7250.0,6300.0
2025-03-28 00:00:00+05:30,Gadwal,Gadwal,Castor,65.0,5669.0,6091.0,6059.0
2025-03-28 00:00:00+05:30,Gudimalkapur,Gudumalkapur,Potato,938.0,1200.0,1800.0,1600.0
2025-03-29 00:00:00+05:30,Gaddiannaram,Gaddiannaram,Orange,609.0,1000.0,6000.0,2250.0
2025-03-29 00:00:00+05:30,Bowenpally,Bowenpally,Potato,2678.0,800.0,2000.0,1600.0
2025-03-29 00:00:00+05:30,Hyderabad,Madannapeta,Brinjal,30.0,1000.0,1000.0,1000.0
2025-03-29 00:00:00+05:30,Hyderabad,Meeralamandi,Ladys Finger,3.0,3000.0,3000.0,3000.0
2025-03-28 00:00:00+05:30,Narayanpet,Narayanpet,Red Gram,23.52,7123.0,7236.0,7140.0
2025-03-29 00:00:00+05:30,Gudimalkapur,Gudumalkapur,Potato,940.0,1400.0,1800.0,1600.0
2025-03-31 00:00:00+05:30,Bowenpally,Bowenpally,Potato,3492.0,1500.0,2200.0,2000.0
2025-03-30 00:00:00+05:30,Gaddiannaram,Gaddiannaram,Orange,24.0,1000.0,5500.0,2500.0
2025-03-31 00:00:00+05:30,Gudimalkapur,Gudumalkapur,Potato,968.0,1400.0,2000.0,1600.0
2025-03-31 00:00:00+05:30,Hyderabad,Madannapeta,Brinjal,8.0,1000.0,1000.0,1000.0
2025-03-23 00:00:00+05:30,Navabpet(MBNR),Navabpet,Cowpea,15.0,4002.0,7001.0,6801.0
2025-03-23 00:00:00+05:30,Gudimalkapur,Gudumalkapur,ColaCasio(Arvi),124.0,3000.0,3500.0,3000.0
2025-03-23 00:00:00+05:30,Hyderabad,Madannapeta,Ladys Finger,34.0,2000.0,3000.0,2500.0
2025-03-23 00:00:00+05:30,Hyderabad,Meeralamandi,Green Chillies,5.0,3000.0,3500.0,3250.0
2025-03-23 00:00:00+05:30,Bowenpally,Bowenpally,ColaCasio(Arvi),133.0,2500.0,3500.0,3200.0
2025-03-22 00:00:00+05:30,Gudimalkapur,Gudumalkapur,ColaCasio(Arvi),7.0,3000.0,3500.0,3000.0
2025-03-22 00:00:00+05:30,Narayanpet,Narayanpet,Green Gram,9.31,7619.0,7871.0,7871.0
2025-03-22 00:00:00+05:30,Sadasivpet,Sadasivapet,Red Gram,16.0,6425.0,6701.0,6425.0
2025-03-22 00:00:00+05:30,Mahbubnagar,Mahaboobnagar,Groundnut pods,25.0,5828.0,6168.0,6159.0
2025-03-22 00:00:00+05:30,Jangoan,Jangaon,Maize,1021.35,1856.0,2136.0,2011.0
2025-03-22 00:00:00+05:30,Pargi,Pargi,Bengal Gram,15.0,5550.0,5550.0,5550.0
2025-03-22 00:00:00+05:30,Hyderabad,Meeralamandi,Green Chillies,4.0,2500.0,3000.0,2750.0
2025-03-21 00:00:00+05:30,Achampet,Achampet,Groundnut pods,761.25,5140.0,7577.0,6039.0
2025-03-22 00:00:00+05:30,Hyderabad,Madannapeta,Ladys Finger,31.0,2000.0,3000.0,2500.0
2025-03-22 00:00:00+05:30,Bowenpally,Bowenpally,ColaCasio(Arvi),242.0,1500.0,3800.0,3400.0
2025-03-21 00:00:00+05:30,Narayanpet,Narayanpet,Green Gram,5.88,7857.0,7857.0,7857.0
2025-03-21 00:00:00+05:30,Gudimalkapur,Gudumalkapur,ColaCasio(Arvi),79.0,3000.0,4000.0,3500.0
2025-03-21 00:00:00+05:30,Mahbubnagar,Mahaboobnagar,Groundnut pods,71.0,5889.0,6419.0,6159.0
2025-03-21 00:00:00+05:30,Jangoan,Jangaon,Maize,992.75,1856.0,2195.0,2136.0
2025-03-21 00:00:00+05:30,Vemulawada,Vemulawada,Red Gram,10.0,7550.0,7550.0,7550.0
2025-03-20 00:00:00+05:30,Achampet,Achampet,Groundnut pods,1043.75,5510.0,7489.0,6560.0
2025-03-21 00:00:00+05:30,Hyderabad,Meeralamandi,Green Chillies,6.0,3000.0,3500.0,3250.0
2025-03-21 00:00:00+05:30,Warangal,Warangal,Maize,38.35,1459.0,2121.0,2121.0
2025-03-21 00:00:00+05:30,Hyderabad,Madannapeta,Ladys Finger,30.0,2000.0,3000.0,2500.0
2025-03-21 00:00:00+05:30,Hyderabad,Mahabubmansion,Chillies(Dry),338.0,8000.0,13000.0,11000.0
2025-03-20 00:00:00+05:30,Narayanpet,Narayanpet,Green Gram,2.94,7369.0,7429.0,7369.0
2025-03-21 00:00:00+05:30,Bowenpally,Bowenpally,ColaCasio(Arvi),123.0,2000.0,4000.0,3500.0
2025-03-20 00:00:00+05:30,Gudimalkapur,Gudumalkapur,ColaCasio(Arvi),15.0,3000.0,4000.0,3500.0
2025-03-20 00:00:00+05:30,Sadasivpet,Sadasivapet,Red Gram,3.0,6696.0,6903.0,6903.0
2025-03-20 00:00:00+05:30,Vemulawada,Vemulawada,Red Gram,15.0,7550.0,7550.0,7550.0
2025-03-20 00:00:00+05:30,Mahbubnagar,Mahaboobnagar,Groundnut pods,75.0,5389.0,6569.0,6177.0
2025-03-20 00:00:00+05:30,Jangoan,Jangaon,Maize,360.25,2051.0,2185.0,2128.0
2025-03-20 00:00:00+05:30,Chevella,Chevella,Cabbage,5.0,1500.0,1500.0,1500.0
2025-03-20 00:00:00+05:30,Nizamabad,Nizamabad,Maize,35.0,1437.0,1926.0,1537.0
2025-03-20 00:00:00+05:30,Hyderabad,Madannapeta,Ladys Finger,14.0,2500.0,3000.0,2750.0
2025-03-20 00:00:00+05:30,Hyderabad,Meeralamandi,Green Chillies,5.0,3500.0,4000.0,3750.0
2025-03-20 00:00:00+05:30,Hyderabad,Mahabubmansion,Chillies(Dry),276.0,8000.0,13000.0,11000.0
2025-03-19 00:00:00+05:30,Narayanpet,Narayanpet,Green Gram,1.47,7475.0,7475.0,7475.0
2025-03-19 00:00:00+05:30,Achampet,Achampet,Groundnut pods,1248.75,5309.0,7359.0,6509.0
2025-03-20 00:00:00+05:30,Bowenpally,Bowenpally,ColaCasio(Arvi),162.0,1500.0,4000.0,3000.0
2025-03-19 00:00:00+05:30,Gudimalkapur,Gudumalkapur,ColaCasio(Arvi),99.0,3000.0,4000.0,3500.0
2025-03-19 00:00:00+05:30,Mahbubnagar,Mahaboobnagar,Groundnut pods,61.0,5789.0,6459.0,5789.0
2025-03-19 00:00:00+05:30,Sadasivpet,Sadasivapet,Red Gram,4.0,6350.0,6621.0,6621.0
2025-03-19 00:00:00+05:30,Jangoan,Jangaon,Maize,332.75,2050.0,2176.0,2126.0
2025-03-19 00:00:00+05:30,Karimnagar,Karimnagar,Maize,12.0,2100.0,2100.0,2100.0
2025-03-19 00:00:00+05:30,Warangal,Warangal,Maize,33.77,2121.0,2233.0,2233.0
2025-03-18 00:00:00+05:30,Vemulawada,Vemulawada,Red Gram,8.25,7550.0,7550.0,7550.0
2025-03-18 00:00:00+05:30,Achampet,Achampet,Groundnut pods,772.75,5001.0,7366.0,7021.0
2025-03-19 00:00:00+05:30,Hyderabad,Mahabubmansion,Chillies(Dry),330.0,8000.0,24000.0,12000.0
2025-03-19 00:00:00+05:30,Hyderabad,Meeralamandi,Green Chillies,4.0,5000.0,5500.0,5250.0
2025-03-19 00:00:00+05:30,Hyderabad,Madannapeta,Ladys Finger,33.0,3000.0,3500.0,3250.0
2025-03-19 00:00:00+05:30,Bowenpally,Bowenpally,ColaCasio(Arvi),267.0,1500.0,4000.0,3000.0
2025-03-18 00:00:00+05:30,Narayanpet,Narayanpet,Green Gram,13.72,7440.0,7620.0,7620.0
2025-03-18 00:00:00+05:30,Gudimalkapur,Gudumalkapur,ColaCasio(Arvi),58.0,2500.0,4000.0,3000.0
2025-03-18 00:00:00+05:30,Jogipet,Jogipet,Red Gram,0.77,6250.0,6250.0,6250.0
2025-03-18 00:00:00+05:30,Sadasivpet,Sadasivapet,Red Gram,17.0,5555.0,6161.0,6161.0
2025-03-18 00:00:00+05:30,Mahbubnagar,Mahaboobnagar,Groundnut pods,137.0,4410.0,6777.0,6777.0
2025-03-18 00:00:00+05:30,Jangoan,Jangaon,Maize,590.15,2046.0,2181.0,2121.0
2025-03-18 00:00:00+05:30,Warangal,Warangal,Maize,6.86,2160.0,2160.0,2160.0
2025-03-18 00:00:00+05:30,Hyderabad,Mahabubmansion,Chillies(Dry),205.0,8000.0,18000.0,14000.0
2025-03-18 00:00:00+05:30,Hyderabad,Meeralamandi,Green Chillies,3.0,4500.0,5000.0,4750.0
2025-03-18 00:00:00+05:30,Hyderabad,Madannapeta,Ladys Finger,40.0,3000.0,4000.0,3500.0
2025-03-18 00:00:00+05:30,Bowenpally,Bowenpally,ColaCasio(Arvi),45.0,2500.0,4000.0,3500.0
2025-03-17 00:00:00+05:30,Sadasivpet,Sadasivapet,Red Gram,16.0,6003.0,6750.0,6509.0
2025-03-17 00:00:00+05:30,Jangoan,Jangaon,Maize,568.7,2005.0,2176.0,2091.0
2025-03-17 00:00:00+05:30,Mahbubnagar,Mahaboobnagar,Groundnut pods,137.0,4809.0,6909.0,6889.0
2025-03-17 00:00:00+05:30,Narayanpet,Narayanpet,Green Gram,14.21,7506.0,7652.0,7629.0
2025-03-17 00:00:00+05:30,Nizamabad,Nizamabad,Maize,50.0,1500.0,2070.0,1809.0
2025-03-17 00:00:00+05:30,Karimnagar,Karimnagar,Maize,23.0,2176.0,2176.0,2176.0
2025-03-17 00:00:00+05:30,Hyderabad,Meeralamandi,Green Chillies,4.0,4000.0,5000.0,4500.0
2025-03-16 00:00:00+05:30,Achampet,Achampet,Groundnut pods,1913.5,5067.0,7566.0,6730.0
2025-03-17 00:00:00+05:30,Warangal,Warangal,Maize,6.86,1359.0,2160.0,2150.0
2025-03-17 00:00:00+05:30,Hyderabad,Madannapeta,Ladys Finger,11.0,3500.0,4000.0,3750.0
2025-03-17 00:00:00+05:30,Hyderabad,Mahabubmansion,Chillies(Dry),396.0,10000.0,24500.0,14000.0
2025-03-16 00:00:00+05:30,Navabpet(MBNR),Navabpet,Cowpea,19.0,6050.0,7800.0,6836.0
2025-03-17 00:00:00+05:30,Bowenpally,Bowenpally,ColaCasio(Arvi),123.0,2500.0,4000.0,3000.0
2025-03-16 00:00:00+05:30,Vantimamidi,Vantimamidi,Potato,12.0,1000.0,1000.0,1000.0
2025-03-16 00:00:00+05:30,Hyderabad,Madannapeta,Ladys Finger,8.0,3000.0,3500.0,3250.0
2025-03-16 00:00:00+05:30,Hyderabad,Meeralamandi,Green Chillies,10.0,3000.0,5000.0,4000.0
2025-03-16 00:00:00+05:30,Bowenpally,Bowenpally,ColaCasio(Arvi),100.0,2000.0,4000.0,3500.0
2025-03-15 00:00:00+05:30,Gudimalkapur,Gudumalkapur,ColaCasio(Arvi),55.0,3500.0,4000.0,3500.0
2025-03-15 00:00:00+05:30,Narayanpet,Narayanpet,Green Gram,8.33,7455.0,7571.0,7571.0
2025-03-15 00:00:00+05:30,Mahbubnagar,Mahaboobnagar,Groundnut pods,84.0,52119.0,6777.0,6569.0
2025-03-15 00:00:00+05:30,Sadasivpet,Sadasivapet,Red Gram,6.0,6001.0,6421.0,6421.0
2025-03-15 00:00:00+05:30,Vemulawada,Vemulawada,Red Gram,33.25,7550.0,7550.0,7550.0
2025-03-15 00:00:00+05:30,Jangoan,Jangaon,Maize,437.25,2111.0,2226.0,2206.0
2025-03-15 00:00:00+05:30,Hyderabad,Madannapeta,Ladys Finger,20.0,3000.0,3500.0,3250.0
2025-03-15 00:00:00+05:30,Hyderabad,Meeralamandi,Green Chillies,4.0,3000.0,3000.0,3000.0
2025-03-15 00:00:00+05:30,Bowenpally,Bowenpally,ColaCasio(Arvi),138.0,2500.0,3800.0,3300.0
2025-03-14 00:00:00+05:30,Gudimalkapur,Gudumalkapur,ColaCasio(Arvi),29.0,3500.0,4000.0,3500.0
2025-03-14 00:00:00+05:30,Hyderabad,Madannapeta,Ladys Finger,21.0,3000.0,4000.0,3500.0
2025-03-13 00:00:00+05:30,Narayanpet,Narayanpet,Green Gram,6.37,7359.0,7551.0,7359.0
2025-03-13 00:00:00+05:30,Achampet,Achampet,Groundnut pods,1437.5,5410.0,7491.0,7366.0
2025-03-13 00:00:00+05:30,Jangoan,Jangaon,Maize,176.0,2113.0,2238.0,2168.0
2025-03-14 00:00:00+05:30,Bowenpally,Bowenpally,ColaCasio(Arvi),58.0,2000.0,4000.0,3500.0
2025-03-13 00:00:00+05:30,Gudimalkapur,Gudumalkapur,ColaCasio(Arvi),2.0,4000.0,4000.0,4000.0
2025-03-13 00:00:00+05:30,Chevella,Chevella,Cabbage,5.0,1500.0,1500.0,1500.0
2025-03-12 00:00:00+05:30,Achampet,Achampet,Groundnut pods,1129.25,5519.0,7577.0,6329.0
2025-03-13 00:00:00+05:30,Nizamabad,Nizamabad,Maize,95.0,1500.0,2121.0,1850.0
2025-03-13 00:00:00+05:30,Mahbubnagar,Mahaboobnagar,Groundnut pods,109.0,4770.0,6827.0,6671.0
2025-03-13 00:00:00+05:30,Hyderabad,Madannapeta,Ladys Finger,33.0,2500.0,3500.0,3000.0
2025-03-12 00:00:00+05:30,Narayanpet,Narayanpet,Green Gram,18.13,7132.0,7503.0,7503.0
2025-03-13 00:00:00+05:30,Hyderabad,Meeralamandi,Green Chillies,8.0,3000.0,3000.0,3000.0
2025-03-13 00:00:00+05:30,Bowenpally,Bowenpally,ColaCasio(Arvi),143.0,2000.0,4000.0,3400.0
2025-03-12 00:00:00+05:30,Sadasivpet,Sadasivapet,Red Gram,72.0,4203.0,6503.0,6350.0
2025-03-12 00:00:00+05:30,Mahbubnagar,Mahaboobnagar,Groundnut pods,57.0,5400.0,6778.0,6729.0
2025-03-12 00:00:00+05:30,Gudimalkapur,Gudumalkapur,ColaCasio(Arvi),90.0,3000.0,4000.0,3500.0
2025-03-12 00:00:00+05:30,Jangoan,Jangaon,Maize,458.15,2116.0,2237.0,2175.0
2025-03-12 00:00:00+05:30,Hyderabad,Mahabubmansion,Chillies(Dry),640.0,8000.0,23500.0,14000.0
2025-03-12 00:00:00+05:30,Hyderabad,Meeralamandi,Green Chillies,7.0,3500.0,3500.0,3500.0
2025-03-12 00:00:00+05:30,Warangal,Warangal,Maize,56.37,2187.0,2243.0,2243.0
2025-03-12 00:00:00+05:30,Hyderabad,Madannapeta,Ladys Finger,24.0,3500.0,5000.0,4000.0
2025-03-12 00:00:00+05:30,Bowenpally,Bowenpally,ColaCasio(Arvi),92.0,2000.0,4500.0,3500.0
2025-03-11 00:00:00+05:30,Narayanpet,Narayanpet,Green Gram,5.39,6606.0,6818.0,6606.0
2025-03-11 00:00:00+05:30,Mahbubnagar,Mahaboobnagar,Groundnut pods,160.0,5038.0,6850.0,6850.0
2025-03-11 00:00:00+05:30,Jangoan,Jangaon,Maize,222.75,2051.0,2237.0,2181.0
2025-03-11 00:00:00+05:30,Pargi,Pargi,Bengal Gram,10.0,5809.0,5809.0,5809.0
2025-03-11 00:00:00+05:30,Nizamabad,Nizamabad,Maize,109.0,1305.0,2100.0,1800.0
2025-03-11 00:00:00+05:30,Hyderabad,Mahabubmansion,Chillies(Dry),354.0,8000.0,21000.0,14000.0
2025-03-11 00:00:00+05:30,Hyderabad,Meeralamandi,Green Chillies,6.0,3000.0,3500.0,3250.0
2025-03-11 00:00:00+05:30,Warangal,Warangal,Maize,14.55,2210.0,2216.0,2210.0
2025-03-11 00:00:00+05:30,Hyderabad,Madannapeta,Ladys Finger,17.0,3000.0,5000.0,4000.0
2025-03-11 00:00:00+05:30,Bowenpally,Bowenpally,ColaCasio(Arvi),238.0,3000.0,5000.0,4500.0
2025-03-10 00:00:00+05:30,Gudimalkapur,Gudumalkapur,ColaCasio(Arvi),56.0,4000.0,4500.0,4000.0
2025-03-10 00:00:00+05:30,Narayanpet,Narayanpet,Green Gram,1.47,7000.0,7000.0,7000.0
2025-03-10 00:00:00+05:30,Achampet,Achampet,Groundnut pods,977.0,5227.0,7410.0,6369.0
2025-03-10 00:00:00+05:30,Karimnagar,Karimnagar,Maize,10.0,2150.0,2150.0,2150.0
2025-03-10 00:00:00+05:30,Sadasivpet,Sadasivapet,Red Gram,2.0,6666.0,6666.0,6666.0
2025-03-10 00:00:00+05:30,Mahbubnagar,Mahaboobnagar,Groundnut pods,170.0,5533.0,6739.0,6721.0
2025-03-10 00:00:00+05:30,Jangoan,Jangaon,Maize,272.25,2116.0,2236.0,2176.0
2025-03-10 00:00:00+05:30,Jagtial,Jagtial,Paddy,1.0,1800.0,1800.0,1800.0
2025-03-10 00:00:00+05:30,Hyderabad,Madannapeta,Ladys Finger,20.0,3500.0,5000.0,4000.0
2025-03-10 00:00:00+05:30,Hyderabad,Mahabubmansion,Chillies(Dry),402.0,8000.0,21500.0,14000.0
2025-03-10 00:00:00+05:30,Hyderabad,Meeralamandi,Green Chillies,7.0,2500.0,3000.0,2750.0
2025-03-10 00:00:00+05:30,Warangal,Warangal,Maize,165.65,2011.0,2280.0,2235.0
2025-03-10 00:00:00+05:30,Bowenpally,Bowenpally,ColaCasio(Arvi),55.0,2000.0,5000.0,4000.0
2025-03-09 00:00:00+05:30,Gudimalkapur,Gudumalkapur,ColaCasio(Arvi),44.0,4000.0,1500.0,4000.0
2025-03-09 00:00:00+05:30,Navabpet(MBNR),Navabpet,Cowpea,34.0,3512.0,7412.0,6880.0
2025-03-09 00:00:00+05:30,Venkateshwar Nagar,V Nagar,Cabbage,3.0,20.0,20.0,20.0
2025-03-09 00:00:00+05:30,Bowenpally,Bowenpally,ColaCasio(Arvi),272.0,2000.0,5000.0,4000.0
2025-03-09 00:00:00+05:30,Hyderabad,Madannapeta,Ladys Finger,17.0,3000.0,4000.0,3500.0
2025-03-08 00:00:00+05:30,Gudimalkapur,Gudumalkapur,ColaCasio(Arvi),58.0,4000.0,4500.0,4000.0
2025-03-08 00:00:00+05:30,Hyderabad,Meeralamandi,Green Chillies,6.0,2500.0,3000.0,2750.0
2025-03-08 00:00:00+05:30,Narayanpet,Narayanpet,Green Gram,2.45,7132.0,7132.0,7132.0
2025-03-08 00:00:00+05:30,Jangoan,Jangaon,Maize,239.25,2181.0,2271.0,2241.0
2025-03-08 00:00:00+05:30,Hyderabad,Madannapeta,Ladys Finger,33.0,3000.0,4000.0,3500.0
2025-03-08 00:00:00+05:30,Hyderabad,Mahabubmansion,Chillies(Dry),379.0,10000.0,13000.0,14000.0
2025-03-08 00:00:00+05:30,Bowenpally,Bowenpally,ColaCasio(Arvi),158.0,3000.0,5000.0,4200.0
2025-03-07 00:00:00+05:30,Gudimalkapur,Gudumalkapur,ColaCasio(Arvi),30.0,4000.0,4500.0,4000.0
2025-03-07 00:00:00+05:30,Mahbubnagar,Mahaboobnagar,Groundnut pods,134.0,4022.0,6569.0,6441.0
2025-03-07 00:00:00+05:30,Jangoan,Jangaon,Maize,165.0,2211.0,2283.0,2258.0
2025-03-07 00:00:00+05:30,Sadasivpet,Sadasivapet,Red Gram,4.0,5656.0,6853.0,5656.0
2025-03-07 00:00:00+05:30,Pargi,Pargi,Bengal Gram,85.0,5810.0,5810.0,5810.0
2025-03-07 00:00:00+05:30,Warangal,Warangal,Maize,63.19,2157.0,2289.0,2276.0
2025-03-07 00:00:00+05:30,Hyderabad,Mahabubmansion,Chillies(Dry),351.0,10000.0,13000.0,11000.0
2025-03-07 00:00:00+05:30,Hyderabad,Meeralamandi,Green Chillies,7.0,2500.0,3000.0,2750.0
2025-03-07 00:00:00+05:30,Hyderabad,Madannapeta,Ladys Finger,24.0,3000.0,3000.0,3000.0
2025-03-07 00:00:00+05:30,Bowenpally,Bowenpally,ColaCasio(Arvi),50.0,2000.0,5000.0,4000.0
2025-03-06 00:00:00+05:30,Narayanpet,Narayanpet,Green Gram,2.94,7175.0,7175.0,7175.0
2025-03-06 00:00:00+05:30,Gudimalkapur,Gudumalkapur,ColaCasio(Arvi),10.0,3000.0,4000.0,3500.0
2025-03-06 00:00:00+05:30,Mahbubnagar,Mahaboobnagar,Groundnut pods,693.0,4019.0,6577.0,4251.0
2025-03-06 00:00:00+05:30,Sadasivpet,Sadasivapet,Red Gram,2.0,6850.0,6850.0,6850.0
2025-03-06 00:00:00+05:30,Jangoan,Jangaon,Maize,358.05,2066.0,2289.0,2265.0
2025-03-06 00:00:00+05:30,Nizamabad,Nizamabad,Maize,32.0,1557.0,1855.0,1855.0
2025-03-06 00:00:00+05:30,Chevella,Chevella,Cabbage,13.0,1500.0,1500.0,1500.0
2025-03-06 00:00:00+05:30,Warangal,Warangal,Maize,24.5,2317.0,2317.0,2317.0
2025-03-06 00:00:00+05:30,Hyderabad,Madannapeta,Ladys Finger,30.0,2500.0,4000.0,3500.0
2025-03-06 00:00:00+05:30,Hyderabad,Meeralamandi,Green Chillies,5.0,2500.0,3000.0,2750.0
2025-03-06 00:00:00+05:30,Hyderabad,Mahabubmansion,Chillies(Dry),373.0,11000.0,24000.0,14000.0
2025-03-06 00:00:00+05:30,Bowenpally,Bowenpally,ColaCasio(Arvi),52.0,3000.0,5000.0,4200.0
2025-03-05 00:00:00+05:30,Achampet,Achampet,Groundnut pods,1974.25,4907.0,7330.0,6409.0
2025-03-05 00:00:00+05:30,Sadasivpet,Sadasivapet,Red Gram,100.0,6161.0,6988.0,6465.0
2025-03-05 00:00:00+05:30,Mahbubnagar,Mahaboobnagar,Groundnut pods,320.0,4301.0,6877.0,6877.0
2025-03-05 00:00:00+05:30,Jangoan,Jangaon,Maize,464.75,2116.0,2295.0,2216.0
2025-03-05 00:00:00+05:30,Nizamabad,Nizamabad,Maize,32.0,1557.0,1855.0,1855.0
2025-03-05 00:00:00+05:30,Bhainsa,Bhainsa,Black Gram,0.52,6075.0,6075.0,6075.0
2025-03-05 00:00:00+05:30,Hyderabad,Meeralamandi,Green Chillies,7.0,3000.0,3000.0,3000.0
2025-03-05 00:00:00+05:30,Warangal,Warangal,Maize,115.63,2300.0,2311.0,2300.0
2025-03-05 00:00:00+05:30,Hyderabad,Madannapeta,Ladys Finger,30.0,3000.0,4000.0,3500.0
2025-03-05 00:00:00+05:30,Hyderabad,Mahabubmansion,Chillies(Dry),405.0,11000.0,20000.0,14000.0
2025-03-04 00:00:00+05:30,Narayanpet,Narayanpet,Green Gram,6.37,6491.0,6571.0,6571.0
2025-03-05 00:00:00+05:30,Bowenpally,Bowenpally,ColaCasio(Arvi),76.0,1500.0,5000.0,3500.0
2025-03-04 00:00:00+05:30,Mahbubnagar,Mahaboobnagar,Groundnut pods,778.0,5049.0,6850.0,6370.0
2025-03-04 00:00:00+05:30,Sadasivpet,Sadasivapet,Red Gram,6.0,6203.0,6888.0,6888.0
2025-03-04 00:00:00+05:30,Gudimalkapur,Gudumalkapur,ColaCasio(Arvi),82.0,2500.0,3500.0,3000.0
2025-03-04 00:00:00+05:30,Karimnagar,Karimnagar,Maize,10.0,2165.0,2165.0,2165.0
2025-03-04 00:00:00+05:30,Jangoan,Jangaon,Maize,572.4,2153.0,2293.0,2168.0
2025-03-04 00:00:00+05:30,Nizamabad,Nizamabad,Maize,41.0,1629.0,2002.0,1966.0
2025-03-04 00:00:00+05:30,Hyderabad,Meeralamandi,Green Chillies,7.0,3000.0,3500.0,3250.0
2025-03-04 00:00:00+05:30,Pargi,Pargi,Bengal Gram,3.0,5829.0,5829.0,5829.0
2025-03-04 00:00:00+05:30,Warangal,Warangal,Maize,41.33,2306.0,2331.0,2306.0
2025-03-04 00:00:00+05:30,Hyderabad,Madannapeta,Ladys Finger,29.0,3000.0,4000.0,3500.0
2025-03-04 00:00:00+05:30,Hyderabad,Mahabubmansion,Chillies(Dry),329.0,11000.0,24000.0,14000.0
2025-03-03 00:00:00+05:30,Narayanpet,Narayanpet,Green Gram,17.64,6439.0,6652.0,6439.0
2025-03-04 00:00:00+05:30,Bowenpally,Bowenpally,ColaCasio(Arvi),59.0,2000.0,4000.0,3500.0
2025-03-03 00:00:00+05:30,Vantimamidi,Vantimamidi,Potato,9.0,1000.0,1000.0,1000.0
2025-03-02 00:00:00+05:30,Achampet,Achampet,Groundnut pods,4672.25,4389.0,7366.0,6689.0
2025-03-03 00:00:00+05:30,Nizamabad,Nizamabad,Maize,98.0,1850.0,2052.0,1935.0
2025-03-03 00:00:00+05:30,Mahbubnagar,Mahaboobnagar,Groundnut pods,858.0,4619.0,6809.0,6679.0
2025-03-03 00:00:00+05:30,Jangoan,Jangaon,Maize,867.35,2091.0,2291.0,2175.0
2025-03-03 00:00:00+05:30,Hyderabad,Madannapeta,Ladys Finger,28.0,3000.0,4000.0,3500.0
2025-03-03 00:00:00+05:30,Hyderabad,Meeralamandi,Green Chillies,10.0,2000.0,3000.0,2500.0
2025-03-03 00:00:00+05:30,Warangal,Warangal,Maize,71.91,2221.0,2311.0,2260.0
2025-03-02 00:00:00+05:30,Navabpet(MBNR),Navabpet,Cowpea,53.0,5812.0,7380.0,6780.0
2025-03-03 00:00:00+05:30,Hyderabad,Mahabubmansion,Chillies(Dry),569.0,11000.0,24500.0,14000.0
2025-03-02 00:00:00+05:30,Gudimalkapur,Gudumalkapur,ColaCasio(Arvi),17.0,3000.0,3000.0,3000.0
2025-03-02 00:00:00+05:30,Hyderabad,Madannapeta,Ladys Finger,8.0,2000.0,3000.0,2500.0
2025-03-02 00:00:00+05:30,Hyderabad,Meeralamandi,Green Chillies,5.0,3000.0,3200.0,3100.0
2025-03-01 00:00:00+05:30,Sadasivpet,Sadasivapet,Red Gram,12.0,6809.0,7029.0,6939.0
2025-03-02 00:00:00+05:30,Bowenpally,Bowenpally,ColaCasio(Arvi),111.0,3000.0,4000.0,3600.0
2025-03-01 00:00:00+05:30,Gudimalkapur,Gudumalkapur,ColaCasio(Arvi),53.0,3000.0,3500.0,3000.0
2025-03-01 00:00:00+05:30,Hyderabad,Madannapeta,Ladys Finger,15.0,3000.0,4000.0,3500.0
2025-03-01 00:00:00+05:30,Hyderabad,Mahabubmansion,Chillies(Dry),198.0,11000.0,23500.0,14000.0
2025-03-01 00:00:00+05:30,Hyderabad,Meeralamandi,Green Chillies,8.0,2500.0,3000.0,2750.0
2025-03-01 00:00:00+05:30,Bowenpally,Bowenpally,ColaCasio(Arvi),129.0,2000.0,4000.0,3300.0
2025-03-31 00:00:00+05:30,Hyderabad,Madannapeta,Ladys Finger,23.0,2000.0,2500.0,2750.0
2025-03-31 00:00:00+05:30,Bowenpally,Bowenpally,ColaCasio(Arvi),111.0,500.0,3500.0,3000.0
2025-03-29 00:00:00+05:30,Gudimalkapur,Gudumalkapur,ColaCasio(Arvi),91.0,2000.0,3000.0,2500.0
2025-03-28 00:00:00+05:30,Narayanpet,Narayanpet,Green Gram,3.43,7506.0,7575.0,7506.0
2025-03-29 00:00:00+05:30,Hyderabad,Meeralamandi,Green Chillies,6.0,2500.0,3000.0,2750.0
2025-03-29 00:00:00+05:30,Hyderabad,Madannapeta,Ladys Finger,28.0,2000.0,3000.0,2500.0
2025-03-29 00:00:00+05:30,Bowenpally,Bowenpally,ColaCasio(Arvi),213.0,1500.0,3500.0,2800.0
2025-03-28 00:00:00+05:30,Gudimalkapur,Gudumalkapur,ColaCasio(Arvi),3.0,3000.0,3000.0,3000.0
2025-03-28 00:00:00+05:30,Achampet,Achampet,Groundnut pods,930.5,4000.0,6986.0,6886.0
2025-03-28 00:00:00+05:30,Mahbubnagar,Mahaboobnagar,Groundnut pods,68.0,4569.0,6300.0,5040.0
2025-03-28 00:00:00+05:30,Karimnagar,Karimnagar,Maize,91.0,2001.0,2188.0,2055.0
2025-03-28 00:00:00+05:30,Pargi,Pargi,Bengal Gram,21.0,5650.0,5650.0,5650.0
2025-03-28 00:00:00+05:30,Hyderabad,Meeralamandi,Green Chillies,5.0,3000.0,3000.0,3000.0
2025-03-28 00:00:00+05:30,Hyderabad,Madannapeta,Ladys Finger,26.0,2000.0,3000.0,2500.0
2025-03-28 00:00:00+05:30,Bowenpally,Bowenpally,ColaCasio(Arvi),167.0,1500.0,3500.0,3000.0
2025-03-27 00:00:00+05:30,Gudimalkapur,Gudumalkapur,ColaCasio(Arvi),42.0,3000.0,3500.0,3000.0
2025-03-27 00:00:00+05:30,Hyderabad,Meeralamandi,Green Chillies,7.0,2500.0,3000.0,2750.0
2025-03-27 00:00:00+05:30,Chevella,Chevella,Cabbage,5.0,1500.0,1500.0,1500.0
2025-03-27 00:00:00+05:30,Nizamabad,Nizamabad,Maize,56.0,1253.0,2025.0,1805.0
2025-03-27 00:00:00+05:30,Mahbubnagar,Mahaboobnagar,Groundnut pods,54.0,4089.0,5951.0,5951.0
2025-03-27 00:00:00+05:30,Karimnagar,Karimnagar,Maize,34.0,2177.0,2177.0,2177.0
2025-03-27 00:00:00+05:30,Jangoan,Jangaon,Maize,715.0,1900.0,5151.0,2075.0
2025-03-27 00:00:00+05:30,Hyderabad,Madannapeta,Ladys Finger,15.0,2500.0,3000.0,2750.0
2025-03-27 00:00:00+05:30,Hyderabad,Mahabubmansion,Chillies(Dry),371.0,17000.0,19500.0,10000.0
2025-03-26 00:00:00+05:30,Achampet,Achampet,Groundnut pods,1025.0,5009.0,7040.0,6279.0
2025-03-27 00:00:00+05:30,Warangal,Warangal,Maize,55.88,1951.0,2150.0,2125.0
2025-03-27 00:00:00+05:30,Bowenpally,Bowenpally,ColaCasio(Arvi),303.0,1000.0,3500.0,2600.0
2025-03-26 00:00:00+05:30,Gudimalkapur,Gudumalkapur,ColaCasio(Arvi),65.0,2500.0,3000.0,2500.0
2025-03-26 00:00:00+05:30,Narayanpet,Narayanpet,Green Gram,10.78,7219.0,7576.0,7329.0
2025-03-26 00:00:00+05:30,Mahbubnagar,Mahaboobnagar,Groundnut pods,40.0,4490.0,5880.0,4490.0
2025-03-26 00:00:00+05:30,Jangoan,Jangaon,Maize,747.45,1866.0,2138.0,2056.0
2025-03-26 00:00:00+05:30,Nizamabad,Nizamabad,Maize,32.0,1303.0,1955.0,1650.0
2025-03-26 00:00:00+05:30,Hyderabad,Meeralamandi,Green Chillies,4.0,3000.0,3000.0,3000.0
2025-03-26 00:00:00+05:30,Hyderabad,Mahabubmansion,Chillies(Dry),374.0,6000.0,24500.0,9000.0
2025-03-25 00:00:00+05:30,Narayanpet,Narayanpet,Green Gram,7.84,7557.0,7677.0,7677.0
2025-03-25 00:00:00+05:30,Achampet,Achampet,Groundnut pods,888.25,4609.0,7037.0,6409.0
2025-03-26 00:00:00+05:30,Hyderabad,Madannapeta,Ladys Finger,31.0,2000.0,5000.0,3500.0
2025-03-26 00:00:00+05:30,Warangal,Warangal,Maize,2.81,2051.0,2051.0,2051.0
2025-03-26 00:00:00+05:30,Bowenpally,Bowenpally,ColaCasio(Arvi),150.0,1000.0,3500.0,2600.0
2025-03-25 00:00:00+05:30,Gudimalkapur,Gudumalkapur,ColaCasio(Arvi),67.0,3000.0,3500.0,3000.0
2025-03-25 00:00:00+05:30,Mahbubnagar,Mahaboobnagar,Groundnut pods,17.0,5459.0,5709.0,5658.0
2025-03-25 00:00:00+05:30,Jangoan,Jangaon,Maize,466.95,1851.0,2135.0,2035.0
2025-03-25 00:00:00+05:30,Hyderabad,Madannapeta,Ladys Finger,19.0,2000.0,3000.0,2500.0
2025-03-25 00:00:00+05:30,Hyderabad,Meeralamandi,Green Chillies,4.0,3000.0,3200.0,3100.0
2025-03-25 00:00:00+05:30,Hyderabad,Mahabubmansion,Chillies(Dry),474.0,6000.0,25000.0,9000.0
2025-03-24 00:00:00+05:30,Narayanpet,Narayanpet,Green Gram,3.43,7580.0,7580.0,7580.0
2025-03-25 00:00:00+05:30,Marpally,Marpally,Tumeric,15.0,9000.0,10300.0,9650.0
2025-03-25 00:00:00+05:30,Nizamabad,Nizamabad,Maize,35.0,1263.0,1809.0,1368.0
2025-03-25 00:00:00+05:30,Warangal,Warangal,Maize,8.89,1959.0,2129.0,1959.0
2025-03-25 00:00:00+05:30,Bowenpally,Bowenpally,ColaCasio(Arvi),223.0,1500.0,3500.0,3000.0
2025-03-24 00:00:00+05:30,Gudimalkapur,Gudumalkapur,ColaCasio(Arvi),6.0,3000.0,3500.0,3000.0
2025-03-24 00:00:00+05:30,Achampet,Achampet,Groundnut pods,899.5,5130.0,7211.0,6409.0
2025-03-24 00:00:00+05:30,Sadasivpet,Sadasivapet,Red Gram,2.0,6511.0,6511.0,6511.0
2025-03-24 00:00:00+05:30,Mahbubnagar,Mahaboobnagar,Groundnut pods,41.0,4249.0,6219.0,5251.0
2025-03-24 00:00:00+05:30,Karimnagar,Karimnagar,Maize,6.0,2155.0,2155.0,2155.0
2025-03-24 00:00:00+05:30,Jangoan,Jangaon,Maize,956.45,1850.0,2121.0,2011.0
2025-03-24 00:00:00+05:30,Hyderabad,Meeralamandi,Green Chillies,7.0,3000.0,3000.0,3000.0
2025-03-24 00:00:00+05:30,Nizamabad,Nizamabad,Maize,145.0,1233.0,2125.0,1955.0
2025-03-24 00:00:00+05:30,Warangal,Warangal,Maize,171.25,2007.0,2231.0,2187.0
2025-03-24 00:00:00+05:30,Hyderabad,Madannapeta,Ladys Finger,20.0,2000.0,2500.0,2250.0
2025-03-24 00:00:00+05:30,Hyderabad,Mahabubmansion,Chillies(Dry),423.0,6000.0,22000.0,9000.0
2025-03-24 00:00:00+05:30,Bowenpally,Bowenpally,ColaCasio(Arvi),84.0,1000.0,3500.0,2500.0
2025-03-01 00:00:00+05:30,Bowenpally,Bowenpally,Sweet Potato,137.0,1500.0,2500.0,2200.0
2025-03-01 00:00:00+05:30,Gaddiannaram,L.B Nagar,Brinjal,47.0,1000.0,1500.0,1200.0
2025-03-01 00:00:00+05:30,Hyderabad,Meeralamandi,Tomato,32.0,600.0,800.0,700.0
2025-03-01 00:00:00+05:30,Hyderabad,Madannapeta,Green Chillies,37.0,2500.0,3000.0,2800.0
2025-03-01 00:00:00+05:30,Gudimalkapur,Gudumalkapur,Sweet Potato,5.0,800.0,1000.0,900.0
2025-03-01 00:00:00+05:30,Nakrekal,Nakrekal,Lemon,495.0,100.0,1100.0,400.0
2025-03-01 00:00:00+05:30,Jagtial,Jagtial,Maize,156.0,2156.0,2255.0,2199.0
2025-03-01 00:00:00+05:30,Choppadandi,Choppadandi,Paddy,28.0,2160.0,2160.0,2160.0
2025-03-02 00:00:00+05:30,Bowenpally,Bowenpally,Sweet Potato,180.0,1500.0,3000.0,2500.0
2025-03-02 00:00:00+05:30,Gaddiannaram,L.B Nagar,Brinjal,67.0,1000.0,1200.0,1100.0
2025-03-02 00:00:00+05:30,Hyderabad,Meeralamandi,Tomato,24.0,600.0,800.0,700.0
2025-03-02 00:00:00+05:30,Hyderabad,Madannapeta,Green Chillies,40.0,2500.0,3000.0,2750.0
2025-03-02 00:00:00+05:30,Gudimalkapur,Gudumalkapur,Sweet Potato,1.0,1200.0,1200.0,1200.0
2025-03-03 00:00:00+05:30,Hyderabad,Mahabubmansion,Chillies(Dry),480.0,9000.0,11500.0,10000.0
2025-03-03 00:00:00+05:30,Gaddiannaram,L.B Nagar,Brinjal,35.0,1000.0,1200.0,1100.0
2025-03-03 00:00:00+05:30,Bowenpally,Bowenpally,Sweet Potato,162.0,1500.0,3500.0,3000.0
2025-03-03 00:00:00+05:30,Warangal,Warangal,Maize,452.33,2260.0,2355.0,2355.0
2025-03-03 00:00:00+05:30,Hyderabad,Meeralamandi,Tomato,44.0,800.0,1200.0,1000.0
2025-03-03 00:00:00+05:30,Thirumalagiri,Tirmalagiri,Paddy,4.0,2309.0,2309.0,2309.0
2025-03-03 00:00:00+05:30,Hyderabad,Madannapeta,Green Chillies,49.0,2500.0,3000.0,2800.0
2025-03-03 00:00:00+05:30,Jangoan,Jangaon,Red Gram,37.2,4253.0,6653.0,6369.0
2025-03-03 00:00:00+05:30,Jagtial,Jagtial,Maize,332.0,1965.0,2272.0,2263.0
2025-03-03 00:00:00+05:30,Nakrekal,Nakrekal,Lemon,394.0,100.0,1400.0,500.0
2025-03-03 00:00:00+05:30,Badepally,Badepally,Red Gram,125.0,4509.0,7060.0,4509.0
2025-03-02 00:00:00+05:30,Nakrekal,Nakrekal,Lemon,428.0,100.0,1100.0,400.0
2025-03-04 00:00:00+05:30,Gaddiannaram,L.B Nagar,Brinjal,50.0,1000.0,1200.0,1100.0
2025-03-04 00:00:00+05:30,Bowenpally,Bowenpally,Sweet Potato,248.0,1500.0,3500.0,3000.0
2025-03-04 00:00:00+05:30,Hyderabad,Mahabubmansion,Chillies(Dry),540.0,9000.0,11500.0,10000.0
2025-03-04 00:00:00+05:30,Hyderabad,Madannapeta,Green Chillies,43.0,2500.0,3000.0,2750.0
2025-03-04 00:00:00+05:30,Warangal,Warangal,Maize,402.57,2320.0,2360.0,2360.0
2025-03-04 00:00:00+05:30,Hyderabad,Meeralamandi,Tomato,37.0,1000.0,1200.0,1100.0
2025-03-04 00:00:00+05:30,Jangoan,Jangaon,Red Gram,62.4,4125.0,6629.0,6329.0
2025-03-04 00:00:00+05:30,Jagtial,Jagtial,Maize,223.0,1960.0,2255.0,2218.0
2025-03-04 00:00:00+05:30,Gudimalkapur,Gudumalkapur,Sweet Potato,7.0,1000.0,1800.0,1400.0
2025-03-04 00:00:00+05:30,Nakrekal,Nakrekal,Lemon,556.0,100.0,2000.0,700.0
2025-03-05 00:00:00+05:30,Gaddiannaram,Gaddiannaram,Grapes,7.0,10000.0,22500.0,12500.0
2025-03-05 00:00:00+05:30,Gaddiannaram,L.B Nagar,Brinjal,75.0,1000.0,1500.0,1200.0
2025-03-05 00:00:00+05:30,Bowenpally,Bowenpally,Sweet Potato,213.0,1500.0,3000.0,2500.0
2025-03-04 00:00:00+05:30,Badepally,Badepally,Red Gram,76.0,6127.0,6899.0,6899.0
2025-03-05 00:00:00+05:30,Hyderabad,Mahabubmansion,Chillies(Dry),535.0,9000.0,11500.0,10000.0
2025-03-05 00:00:00+05:30,Hyderabad,Madannapeta,Green Chillies,53.0,2500.0,3000.0,2750.0
2025-03-05 00:00:00+05:30,Warangal,Warangal,Maize,191.79,2330.0,2350.0,2340.0
2025-03-05 00:00:00+05:30,Hyderabad,Meeralamandi,Tomato,43.0,1000.0,1200.0,1100.0
2025-03-05 00:00:00+05:30,Jangoan,Jangaon,Red Gram,42.0,6159.0,6658.0,6489.0
2025-03-05 00:00:00+05:30,Nakrekal,Nakrekal,Lemon,792.0,100.0,2000.0,700.0
2025-03-05 00:00:00+05:30,Choppadandi,Choppadandi,Paddy,4.0,2205.0,2205.0,2205.0
2025-03-05 00:00:00+05:30,Badepally,Badepally,Red Gram,104.0,6210.0,6970.0,6340.0
2025-03-06 00:00:00+05:30,Bowenpally,Bowenpally,Sweet Potato,160.0,1000.0,3000.0,2200.0
2025-03-06 00:00:00+05:30,Hyderabad,Mahabubmansion,Chillies(Dry),440.0,9000.0,11500.0,10000.0
2025-03-06 00:00:00+05:30,Gaddiannaram,L.B Nagar,Brinjal,60.0,1000.0,1500.0,1200.0
2025-03-06 00:00:00+05:30,Hyderabad,Meeralamandi,Tomato,31.0,800.0,1000.0,900.0
2025-03-06 00:00:00+05:30,Hyderabad,Madannapeta,Green Chillies,50.0,2500.0,3000.0,2750.0
2025-03-06 00:00:00+05:30,Warangal,Warangal,Maize,332.5,2305.0,2355.0,2350.0
2025-03-06 00:00:00+05:30,Chevella,Chevella,Cauliflower,16.0,1500.0,1500.0,1500.0
2025-03-06 00:00:00+05:30,Choppadandi,Choppadandi,Paddy,4.0,2124.0,2124.0,2124.0
2025-03-06 00:00:00+05:30,Jangoan,Jangaon,Red Gram,13.8,4601.0,6429.0,6229.0
2025-03-06 00:00:00+05:30,Gudimalkapur,Gudumalkapur,Sweet Potato,18.0,1400.0,1800.0,1600.0
2025-03-06 00:00:00+05:30,Badepally,Badepally,Red Gram,86.0,4200.0,6900.0,6489.0
2025-03-07 00:00:00+05:30,Gaddiannaram,Gaddiannaram,Grapes,2.0,10000.0,22500.0,12500.0
2025-03-07 00:00:00+05:30,Gaddiannaram,L.B Nagar,Brinjal,35.0,1000.0,1500.0,1200.0
2025-03-07 00:00:00+05:30,Bowenpally,Bowenpally,Sweet Potato,130.0,800.0,3000.0,2400.0
2025-03-07 00:00:00+05:30,Hyderabad,Madannapeta,Green Chillies,45.0,2500.0,3000.0,2750.0
2025-03-07 00:00:00+05:30,Hyderabad,Meeralamandi,Tomato,28.0,800.0,1000.0,900.0
2025-03-07 00:00:00+05:30,Hyderabad,Mahabubmansion,Chillies(Dry),423.0,9000.0,11500.0,10000.0
2025-03-07 00:00:00+05:30,Warangal,Warangal,Maize,576.38,2300.0,2350.0,2350.0
2025-03-07 00:00:00+05:30,Pargi,Pargi,Red Gram,45.0,7150.0,7500.0,7400.0
2025-03-07 00:00:00+05:30,Narsingi,Narsingi,Cattle(All),125.0,20000.0,50000.0,40000.0
2025-03-07 00:00:00+05:30,Jangoan,Jangaon,Red Gram,6.0,5159.0,6651.0,5751.0
2025-03-07 00:00:00+05:30,Badepally,Badepally,Red Gram,35.0,5895.0,6920.0,5895.0
2025-03-08 00:00:00+05:30,Bowenpally,Bowenpally,Sweet Potato,266.0,1000.0,2500.0,2000.0
2025-03-08 00:00:00+05:30,Gaddiannaram,L.B Nagar,Brinjal,41.0,1000.0,1500.0,1200.0
2025-03-08 00:00:00+05:30,Hyderabad,Mahabubmansion,Chillies(Dry),320.0,9000.0,11000.0,10000.0
2025-03-08 00:00:00+05:30,Hyderabad,Madannapeta,Green Chillies,33.0,3000.0,3000.0,3000.0
2025-03-08 00:00:00+05:30,Jangoan,Jangaon,Red Gram,34.8,4651.0,6533.0,6225.0
2025-03-08 00:00:00+05:30,Jagtial,Jagtial,Maize,229.0,1500.0,2257.0,2188.0
2025-03-08 00:00:00+05:30,Badepally,Badepally,Red Gram,50.0,4411.0,6900.0,6711.0
2025-03-08 00:00:00+05:30,Hyderabad,Meeralamandi,Tomato,38.0,800.0,800.0,800.0
2025-03-08 00:00:00+05:30,Nakrekal,Nakrekal,Lemon,688.0,100.0,1200.0,400.0
2025-03-09 00:00:00+05:30,Gaddiannaram,L.B Nagar,Brinjal,25.0,1000.0,1500.0,1200.0
2025-03-09 00:00:00+05:30,Hyderabad,Madannapeta,Green Chillies,38.0,3000.0,3000.0,3000.0
2025-03-09 00:00:00+05:30,Bowenpally,Bowenpally,Sweet Potato,372.0,800.0,2500.0,2000.0
2025-03-09 00:00:00+05:30,Nakrekal,Nakrekal,Lemon,465.0,100.0,1300.0,400.0
2025-03-09 00:00:00+05:30,Gudimalkapur,Gudumalkapur,Sweet Potato,5.0,1600.0,1800.0,1600.0
2025-03-10 00:00:00+05:30,Bowenpally,Bowenpally,Sweet Potato,295.0,800.0,2500.0,2000.0
2025-03-10 00:00:00+05:30,Gaddiannaram,L.B Nagar,Brinjal,45.0,1000.0,1500.0,1200.0
2025-03-10 00:00:00+05:30,Warangal,Warangal,Maize,523.17,2280.0,2305.0,2305.0
2025-03-10 00:00:00+05:30,Hyderabad,Meeralamandi,Tomato,43.0,1000.0,1200.0,1100.0
2025-03-10 00:00:00+05:30,Hyderabad,Mahabubmansion,Chillies(Dry),406.0,9000.0,11500.0,10000.0
2025-03-10 00:00:00+05:30,Hyderabad,Madannapeta,Green Chillies,41.0,4000.0,4000.0,4000.0
2025-03-10 00:00:00+05:30,Jagtial,Jagtial,Maize,682.0,1800.0,2250.0,2232.0
2025-03-10 00:00:00+05:30,Jangoan,Jangaon,Red Gram,22.2,5389.0,6769.0,6351.0
2025-03-10 00:00:00+05:30,Badepally,Badepally,Red Gram,24.0,5400.0,6851.0,6449.0
2025-03-10 00:00:00+05:30,Nakrekal,Nakrekal,Lemon,471.0,100.0,1400.0,500.0
2025-03-10 00:00:00+05:30,Gudimalkapur,Gudumalkapur,Sweet Potato,16.0,1000.0,1600.0,1300.0
2025-03-11 00:00:00+05:30,Bowenpally,Bowenpally,Sweet Potato,251.0,1500.0,2500.0,2100.0
2025-03-11 00:00:00+05:30,Hyderabad,Madannapeta,Green Chillies,35.0,3000.0,3500.0,3250.0
2025-03-11 00:00:00+05:30,Gaddiannaram,L.B Nagar,Brinjal,48.0,1000.0,1500.0,1200.0
2025-03-11 00:00:00+05:30,Warangal,Warangal,Maize,869.3,2250.0,2310.0,2300.0
2025-03-11 00:00:00+05:30,Hyderabad,Meeralamandi,Tomato,26.0,800.0,1000.0,900.0
2025-03-11 00:00:00+05:30,Hyderabad,Mahabubmansion,Chillies(Dry),294.0,9000.0,11000.0,10000.0
2025-03-11 00:00:00+05:30,Khammam,Khammam,Cowpea,3.0,6100.0,6100.0,6100.0
2025-03-11 00:00:00+05:30,Jangoan,Jangaon,Red Gram,7.2,4011.0,6311.0,5501.0
2025-03-11 00:00:00+05:30,Jagtial,Jagtial,Maize,583.0,1905.0,2236.0,2231.0
2025-03-11 00:00:00+05:30,Badepally,Badepally,Red Gram,77.0,4656.0,6930.0,6450.0
2025-03-12 00:00:00+05:30,Bowenpally,Bowenpally,Sweet Potato,215.0,1000.0,2500.0,2000.0
2025-03-12 00:00:00+05:30,Hyderabad,Madannapeta,Green Chillies,43.0,2500.0,4000.0,3500.0
2025-03-12 00:00:00+05:30,Gaddiannaram,L.B Nagar,Brinjal,45.0,1000.0,1500.0,1200.0
2025-03-11 00:00:00+05:30,Gudimalkapur,Gudumalkapur,Sweet Potato,4.0,1000.0,1600.0,1300.0
2025-03-12 00:00:00+05:30,Warangal,Warangal,Maize,476.76,2280.0,2310.0,2290.0
2025-03-12 00:00:00+05:30,Hyderabad,Meeralamandi,Tomato,37.0,800.0,1000.0,900.0
2025-03-12 00:00:00+05:30,Hyderabad,Mahabubmansion,Chillies(Dry),420.0,9000.0,11000.0,10000.0
2025-03-12 00:00:00+05:30,Jangoan,Jangaon,Red Gram,24.0,3100.0,6329.0,5909.0
2025-03-12 00:00:00+05:30,Nakrekal,Nakrekal,Lemon,515.0,100.0,1300.0,400.0
2025-03-12 00:00:00+05:30,Jagtial,Jagtial,Maize,410.0,1635.0,2235.0,2186.0
2025-03-12 00:00:00+05:30,Gudimalkapur,Gudumalkapur,Sweet Potato,3.0,1600.0,1600.0,1600.0
2025-03-13 00:00:00+05:30,Gaddiannaram,L.B Nagar,Brinjal,65.0,1000.0,1500.0,1200.0
2025-03-13 00:00:00+05:30,Bowenpally,Bowenpally,Sweet Potato,475.0,1000.0,2500.0,2000.0
2025-03-13 00:00:00+05:30,Hyderabad,Meeralamandi,Tomato,45.0,800.0,1000.0,900.0
2025-03-13 00:00:00+05:30,Hyderabad,Madannapeta,Green Chillies,40.0,2500.0,3000.0,2750.0
2025-03-13 00:00:00+05:30,Nakrekal,Nakrekal,Lemon,540.0,100.0,1400.0,500.0
2025-03-13 00:00:00+05:30,Jagtial,Jagtial,Maize,340.0,1800.0,2228.0,2226.0
2025-03-13 00:00:00+05:30,Suryapet,Suryapet,Maize,97.0,2012.0,2012.0,2012.0
2025-03-13 00:00:00+05:30,Chevella,Chevella,Cauliflower,5.0,1500.0,1500.0,1500.0
2025-03-13 00:00:00+05:30,Gudimalkapur,Gudumalkapur,Sweet Potato,10.0,1500.0,1500.0,1500.0
2025-03-14 00:00:00+05:30,Gaddiannaram,L.B Nagar,Brinjal,48.0,1000.0,1500.0,1200.0
2025-03-14 00:00:00+05:30,Bowenpally,Bowenpally,Sweet Potato,123.0,1000.0,1500.0,1300.0
2025-03-13 00:00:00+05:30,Jangoan,Jangaon,Red Gram,29.4,4850.0,6343.0,6109.0
2025-03-14 00:00:00+05:30,Hyderabad,Madannapeta,Green Chillies,43.0,3000.0,3500.0,3250.0
2025-03-14 00:00:00+05:30,Gudimalkapur,Gudumalkapur,Sweet Potato,15.0,1500.0,1600.0,1500.0
2025-03-14 00:00:00+05:30,Narsingi,Narsingi,Cattle(All),110.0,20000.0,50000.0,40000.0
2025-03-15 00:00:00+05:30,Gaddiannaram,L.B Nagar,Brinjal,80.0,1000.0,1500.0,1200.0
2025-03-15 00:00:00+05:30,Bowenpally,Bowenpally,Sweet Potato,332.0,1000.0,2000.0,1800.0
2025-03-15 00:00:00+05:30,Hyderabad,Meeralamandi,Tomato,30.0,800.0,1200.0,1000.0
2025-03-15 00:00:00+05:30,Hyderabad,Madannapeta,Green Chillies,35.0,3000.0,3000.0,3000.0
2025-03-15 00:00:00+05:30,Jangoan,Jangaon,Red Gram,5.4,5055.0,6216.0,6216.0
2025-03-15 00:00:00+05:30,Gudimalkapur,Gudumalkapur,Sweet Potato,3.0,2000.0,2000.0,2000.0
2025-03-16 00:00:00+05:30,Gaddiannaram,L.B Nagar,Brinjal,86.0,1000.0,1500.0,1200.0
2025-03-16 00:00:00+05:30,Hyderabad,Meeralamandi,Tomato,31.0,1000.0,1200.0,1100.0
2025-03-16 00:00:00+05:30,Gaddiannaram,Gaddiannaram,Grapes,1.0,4350.0,15000.0,8100.0
2025-03-16 00:00:00+05:30,Hyderabad,Madannapeta,Green Chillies,40.0,2500.0,3000.0,2750.0
2025-03-16 00:00:00+05:30,Nakrekal,Nakrekal,Lemon,623.0,100.0,1400.0,500.0
2025-03-16 00:00:00+05:30,Gudimalkapur,Gudumalkapur,Sweet Potato,63.0,1400.0,1500.0,1400.0
2025-03-17 00:00:00+05:30,Gaddiannaram,L.B Nagar,Brinjal,68.0,1000.0,1500.0,1200.0
2025-03-17 00:00:00+05:30,Bowenpally,Bowenpally,Sweet Potato,293.0,1000.0,2500.0,2000.0
2025-03-17 00:00:00+05:30,Hyderabad,Mahabubmansion,Chillies(Dry),440.0,9000.0,11000.0,10000.0
2025-03-17 00:00:00+05:30,Hyderabad,Madannapeta,Green Chillies,32.0,4500.0,5000.0,4750.0
2025-03-17 00:00:00+05:30,Warangal,Warangal,Maize,507.01,2050.0,2280.0,2265.0
2025-03-17 00:00:00+05:30,Hyderabad,Meeralamandi,Tomato,36.0,1000.0,1200.0,1100.0
2025-03-17 00:00:00+05:30,Jagtial,Jagtial,Maize,883.0,1975.0,2232.0,2226.0
2025-03-17 00:00:00+05:30,Nakrekal,Nakrekal,Lemon,503.0,100.0,1800.0,500.0
2025-03-17 00:00:00+05:30,Badepally,Badepally,Red Gram,79.0,5200.0,6925.0,6515.0
2025-03-17 00:00:00+05:30,Jangoan,Jangaon,Red Gram,13.8,5663.0,5913.0,5783.0
2025-03-18 00:00:00+05:30,Bowenpally,Bowenpally,Sweet Potato,199.0,1000.0,2500.0,2000.0
2025-03-18 00:00:00+05:30,Hyderabad,Madannapeta,Green Chillies,43.0,3500.0,4000.0,3750.0
2025-03-18 00:00:00+05:30,Hyderabad,Meeralamandi,Tomato,37.0,800.0,1000.0,900.0
2025-03-18 00:00:00+05:30,Hyderabad,Mahabubmansion,Chillies(Dry),332.0,9000.0,11000.0,10000.0
2025-03-18 00:00:00+05:30,Gaddiannaram,L.B Nagar,Brinjal,58.0,1000.0,1500.0,1200.0
2025-03-17 00:00:00+05:30,Gudimalkapur,Gudumalkapur,Sweet Potato,45.0,1000.0,1800.0,1400.0
2025-03-18 00:00:00+05:30,Warangal,Warangal,Maize,368.35,2225.0,2270.0,2270.0
2025-03-18 00:00:00+05:30,Khammam,Khammam,Cowpea,14.0,6100.0,6100.0,6100.0
2025-03-18 00:00:00+05:30,Pargi,Pargi,Red Gram,70.0,6259.0,7217.0,7007.0
2025-03-18 00:00:00+05:30,Suryapet,Suryapet,Maize,10.0,2233.0,2233.0,2233.0
2025-03-18 00:00:00+05:30,Jangoan,Jangaon,Red Gram,15.6,2909.0,6211.0,5813.0
2025-03-18 00:00:00+05:30,Nakrekal,Nakrekal,Lemon,798.0,100.0,1800.0,500.0
2025-03-18 00:00:00+05:30,Jagtial,Jagtial,Maize,1063.0,1800.0,2236.0,2233.0
2025-03-18 00:00:00+05:30,Gudimalkapur,Gudumalkapur,Sweet Potato,37.0,1500.0,1600.0,1500.0
2025-03-18 00:00:00+05:30,Badepally,Badepally,Red Gram,77.0,5800.0,6825.0,6760.0
2025-03-19 00:00:00+05:30,Bowenpally,Bowenpally,Sweet Potato,383.0,1000.0,2000.0,1700.0
2025-03-19 00:00:00+05:30,Hyderabad,Madannapeta,Green Chillies,43.0,3000.0,4000.0,3500.0
2025-03-19 00:00:00+05:30,Gaddiannaram,L.B Nagar,Brinjal,59.0,1000.0,1500.0,1200.0
2025-03-19 00:00:00+05:30,Hyderabad,Meeralamandi,Tomato,26.0,800.0,1000.0,900.0
2025-03-19 00:00:00+05:30,Hyderabad,Mahabubmansion,Chillies(Dry),320.0,9000.0,11000.0,10000.0
2025-03-19 00:00:00+05:30,Warangal,Warangal,Maize,605.95,2210.0,2275.0,2260.0
2025-03-19 00:00:00+05:30,Jagtial,Jagtial,Maize,350.0,1855.0,2245.0,2238.0
2025-03-19 00:00:00+05:30,Jangoan,Jangaon,Red Gram,6.0,5300.0,6221.0,5750.0
2025-03-19 00:00:00+05:30,Khammam,Khammam,Cowpea,20.0,6000.0,6000.0,6000.0
2025-03-19 00:00:00+05:30,Suryapet,Suryapet,Maize,13.0,2248.0,2248.0,2248.0
2025-03-19 00:00:00+05:30,Badepally,Badepally,Red Gram,26.0,6111.0,6649.0,6570.0
2025-03-19 00:00:00+05:30,Gudimalkapur,Gudumalkapur,Sweet Potato,5.0,1600.0,1600.0,1600.0
2025-03-20 00:00:00+05:30,Bowenpally,Bowenpally,Sweet Potato,315.0,1000.0,2500.0,2000.0
2025-03-19 00:00:00+05:30,Nakrekal,Nakrekal,Lemon,743.0,100.0,1800.0,500.0
2025-03-20 00:00:00+05:30,Hyderabad,Mahabubmansion,Chillies(Dry),368.0,9000.0,11000.0,10000.0
2025-03-20 00:00:00+05:30,Gaddiannaram,L.B Nagar,Brinjal,67.0,1000.0,1500.0,1200.0
2025-03-20 00:00:00+05:30,Hyderabad,Meeralamandi,Tomato,43.0,1000.0,1200.0,1100.0
2025-03-20 00:00:00+05:30,Hyderabad,Madannapeta,Green Chillies,36.0,3000.0,3500.0,3250.0
2025-03-20 00:00:00+05:30,Warangal,Warangal,Maize,11.98,2051.0,2121.0,2121.0
2025-03-20 00:00:00+05:30,Nakrekal,Nakrekal,Lemon,776.0,100.0,1800.0,500.0
2025-03-20 00:00:00+05:30,Suryapet,Suryapet,Maize,1.0,1556.0,1556.0,1556.0
2025-03-20 00:00:00+05:30,Chevella,Chevella,Cauliflower,5.0,1500.0,1500.0,1500.0
2025-03-20 00:00:00+05:30,Thirumalagiri,Tirmalagiri,Paddy,6.0,2359.0,2359.0,2359.0
2025-03-20 00:00:00+05:30,Jangoan,Jangaon,Red Gram,7.8,3616.0,5916.0,5916.0
2025-03-20 00:00:00+05:30,Jagtial,Jagtial,Maize,502.0,1850.0,2230.0,2227.0
2025-03-21 00:00:00+05:30,Gaddiannaram,L.B Nagar,Brinjal,62.0,1000.0,1500.0,1200.0
2025-03-21 00:00:00+05:30,Bowenpally,Bowenpally,Sweet Potato,407.0,1000.0,2000.0,1700.0
2025-03-20 00:00:00+05:30,Badepally,Badepally,Red Gram,95.0,6975.0,6975.0,6975.0
2025-03-21 00:00:00+05:30,Hyderabad,Mahabubmansion,Chillies(Dry),432.0,9000.0,11000.0,10000.0
2025-03-21 00:00:00+05:30,Hyderabad,Madannapeta,Green Chillies,41.0,2500.0,3000.0,3250.0
2025-03-21 00:00:00+05:30,Warangal,Warangal,Maize,823.4,2050.0,2310.0,2270.0
2025-03-21 00:00:00+05:30,Hyderabad,Meeralamandi,Tomato,28.0,800.0,1000.0,900.0
2025-03-21 00:00:00+05:30,Jagtial,Jagtial,Maize,603.0,1865.0,2241.0,2233.0
2025-03-21 00:00:00+05:30,Gudimalkapur,Gudumalkapur,Sweet Potato,32.0,1500.0,1600.0,1500.0
2025-03-21 00:00:00+05:30,Badepally,Badepally,Red Gram,80.0,5610.0,6935.0,6935.0
2025-03-22 00:00:00+05:30,Bowenpally,Bowenpally,Sweet Potato,324.0,600.0,2000.0,1600.0
2025-03-22 00:00:00+05:30,Hyderabad,Madannapeta,Green Chillies,37.0,3000.0,3000.0,3000.0
2025-03-22 00:00:00+05:30,Gaddiannaram,L.B Nagar,Brinjal,67.0,1000.0,1500.0,1200.0
2025-03-22 00:00:00+05:30,Hyderabad,Meeralamandi,Tomato,37.0,800.0,1000.0,900.0
2025-03-22 00:00:00+05:30,Pargi,Pargi,Red Gram,120.0,6950.0,6950.0,6950.0
2025-03-22 00:00:00+05:30,Nakrekal,Nakrekal,Lemon,820.0,100.0,1600.0,500.0
2025-03-22 00:00:00+05:30,Jagtial,Jagtial,Maize,210.0,1850.0,2225.0,2225.0
2025-03-22 00:00:00+05:30,Suryapet,Suryapet,Maize,22.0,1752.0,1752.0,1752.0
2025-03-22 00:00:00+05:30,Jangoan,Jangaon,Red Gram,3.6,6313.0,6313.0,6313.0
2025-03-22 00:00:00+05:30,Badepally,Badepally,Red Gram,20.0,6680.0,6889.0,6680.0
2025-03-22 00:00:00+05:30,Gudimalkapur,Gudumalkapur,Sweet Potato,15.0,1000.0,1000.0,1000.0
2025-03-23 00:00:00+05:30,Gaddiannaram,L.B Nagar,Brinjal,77.0,1000.0,1500.0,1200.0
2025-03-23 00:00:00+05:30,Bowenpally,Bowenpally,Sweet Potato,435.0,800.0,1000.0,1700.0
2025-03-23 00:00:00+05:30,Hyderabad,Meeralamandi,Tomato,38.0,800.0,1000.0,900.0
2025-03-23 00:00:00+05:30,Hyderabad,Madannapeta,Green Chillies,39.0,2500.0,3000.0,2750.0
2025-03-23 00:00:00+05:30,Gudimalkapur,Gudumalkapur,Sweet Potato,30.0,1000.0,1500.0,1200.0
2025-03-23 00:00:00+05:30,Nakrekal,Nakrekal,Lemon,827.0,100.0,1500.0,500.0
2025-03-24 00:00:00+05:30,Gaddiannaram,L.B Nagar,Brinjal,61.0,1000.0,1500.0,1200.0
2025-03-24 00:00:00+05:30,Bowenpally,Bowenpally,Sweet Potato,253.0,800.0,1500.0,1200.0
2025-03-24 00:00:00+05:30,Hyderabad,Mahabubmansion,Chillies(Dry),500.0,7000.0,10000.0,8000.0
2025-03-24 00:00:00+05:30,Hyderabad,Madannapeta,Green Chillies,39.0,2500.0,3000.0,2750.0
2025-03-24 00:00:00+05:30,Warangal,Warangal,Maize,282.35,2230.0,2265.0,2265.0
2025-03-24 00:00:00+05:30,Hyderabad,Meeralamandi,Tomato,30.0,720.0,800.0,760.0
2025-03-24 00:00:00+05:30,Thirumalagiri,Tirmalagiri,Paddy,6.0,1800.0,1800.0,1800.0
2025-03-24 00:00:00+05:30,Jangoan,Jangaon,Red Gram,9.0,3259.0,3259.0,3259.0
2025-03-24 00:00:00+05:30,Nakrekal,Nakrekal,Lemon,615.0,100.0,1300.0,500.0
2025-03-24 00:00:00+05:30,Jagtial,Jagtial,Maize,328.0,1962.0,2221.0,2185.0
2025-03-24 00:00:00+05:30,Badepally,Badepally,Red Gram,40.0,6410.0,6771.0,6771.0
2025-03-25 00:00:00+05:30,Bowenpally,Bowenpally,Sweet Potato,355.0,800.0,2000.0,1600.0
2025-03-25 00:00:00+05:30,Gaddiannaram,Gaddiannaram,Grapes,2.0,10000.0,20000.0,13300.0
2025-03-25 00:00:00+05:30,Warangal,Warangal,Maize,632.02,2000.0,2260.0,2205.0
2025-03-25 00:00:00+05:30,Suryapet,Suryapet,Maize,172.0,1959.0,2039.0,2039.0
2025-03-25 00:00:00+05:30,Hyderabad,Mahabubmansion,Chillies(Dry),440.0,7000.0,11000.0,8000.0
2025-03-25 00:00:00+05:30,Gaddiannaram,L.B Nagar,Brinjal,73.0,1000.0,1500.0,1200.0
2025-03-25 00:00:00+05:30,Hyderabad,Meeralamandi,Tomato,37.0,800.0,1200.0,1000.0
2025-03-25 00:00:00+05:30,Hyderabad,Madannapeta,Green Chillies,35.0,3000.0,3000.0,3000.0
2025-03-25 00:00:00+05:30,Jangoan,Jangaon,Red Gram,5.4,4659.0,5856.0,4659.0
2025-03-25 00:00:00+05:30,Jagtial,Jagtial,Maize,412.0,2030.0,2246.0,2165.0
2025-03-25 00:00:00+05:30,Nakrekal,Nakrekal,Lemon,693.0,100.0,1500.0,500.0
2025-03-25 00:00:00+05:30,Badepally,Badepally,Red Gram,76.0,4000.0,6792.0,5810.0
2025-03-25 00:00:00+05:30,Gudimalkapur,Gudumalkapur,Sweet Potato,10.0,1200.0,1200.0,1200.0
2025-03-26 00:00:00+05:30,Bowenpally,Bowenpally,Sweet Potato,444.0,1000.0,2000.0,1800.0
2025-03-26 00:00:00+05:30,Gaddiannaram,L.B Nagar,Brinjal,42.0,1000.0,1500.0,1200.0
2025-03-26 00:00:00+05:30,Warangal,Warangal,Maize,365.85,2080.0,2245.0,2230.0
2025-03-26 00:00:00+05:30,Hyderabad,Madannapeta,Green Chillies,40.0,2500.0,3000.0,2750.0
2025-03-26 00:00:00+05:30,Hyderabad,Mahabubmansion,Chillies(Dry),580.0,7000.0,11000.0,8000.0
2025-03-26 00:00:00+05:30,Hyderabad,Meeralamandi,Tomato,30.0,800.0,1000.0,900.0
2025-03-26 00:00:00+05:30,Thirumalagiri,Tirmalagiri,Paddy,179.0,2040.0,2059.0,2059.0
2025-03-26 00:00:00+05:30,Jangoan,Jangaon,Red Gram,2.4,5100.0,5100.0,5100.0
2025-03-26 00:00:00+05:30,Badepally,Badepally,Red Gram,26.0,6209.0,6857.0,6209.0
2025-03-26 00:00:00+05:30,Jagtial,Jagtial,Maize,493.0,1690.0,2277.0,2192.0
2025-03-26 00:00:00+05:30,Gudimalkapur,Gudumalkapur,Sweet Potato,17.0,1800.0,1800.0,1800.0
2025-03-27 00:00:00+05:30,Bowenpally,Bowenpally,Sweet Potato,269.0,1000.0,2000.0,1800.0
2025-03-27 00:00:00+05:30,Gaddiannaram,Gaddiannaram,Grapes,1.0,10000.0,20000.0,13300.0
2025-03-27 00:00:00+05:30,Gaddiannaram,L.B Nagar,Brinjal,40.0,1000.0,1500.0,1200.0
2025-03-27 00:00:00+05:30,Warangal,Warangal,Maize,1167.78,2100.0,2275.0,2275.0
2025-03-26 00:00:00+05:30,Nakrekal,Nakrekal,Lemon,715.0,100.0,1500.0,500.0
2025-03-27 00:00:00+05:30,Hyderabad,Mahabubmansion,Chillies(Dry),475.0,7000.0,11000.0,8000.0
2025-03-27 00:00:00+05:30,Hyderabad,Madannapeta,Green Chillies,30.0,2500.0,3000.0,2750.0
2025-03-27 00:00:00+05:30,Jangoan,Jangaon,Red Gram,3.6,6215.0,6325.0,6315.0
2025-03-27 00:00:00+05:30,Jagtial,Jagtial,Maize,378.0,1918.0,2215.0,2175.0
2025-03-27 00:00:00+05:30,Chevella,Chevella,Cauliflower,6.0,1500.0,1500.0,1500.0
2025-03-27 00:00:00+05:30,Hyderabad,Meeralamandi,Tomato,25.0,800.0,1000.0,900.0
2025-03-27 00:00:00+05:30,Gudimalkapur,Gudumalkapur,Sweet Potato,30.0,1200.0,1500.0,1200.0
2025-03-28 00:00:00+05:30,Gaddiannaram,L.B Nagar,Brinjal,53.0,1000.0,1500.0,1200.0
2025-03-28 00:00:00+05:30,Bowenpally,Bowenpally,Sweet Potato,372.0,800.0,2000.0,1600.0
2025-03-28 00:00:00+05:30,Hyderabad,Madannapeta,Green Chillies,27.0,2500.0,3000.0,2750.0
2025-03-28 00:00:00+05:30,Hyderabad,Meeralamandi,Tomato,20.0,1000.0,1200.0,1100.0
2025-03-27 00:00:00+05:30,Badepally,Badepally,Red Gram,33.0,5000.0,6001.0,6000.0
2025-03-28 00:00:00+05:30,Pargi,Pargi,Red Gram,140.0,7100.0,7200.0,7000.0
2025-03-28 00:00:00+05:30,Narsingi,Narsingi,Cattle(All),101.0,20000.0,50000.0,40000.0
2025-03-28 00:00:00+05:30,Thirumalagiri,Tirmalagiri,Paddy,64.0,1989.0,2109.0,2109.0
2025-03-28 00:00:00+05:30,Jagtial,Jagtial,Maize,370.0,2050.0,2281.0,2065.0
2025-03-28 00:00:00+05:30,Suryapet,Suryapet,Maize,154.0,1791.0,1854.0,1791.0
2025-03-28 00:00:00+05:30,Khammam,Khammam,Cowpea,5.0,5800.0,5800.0,5800.0
2025-03-27 00:00:00+05:30,Nakrekal,Nakrekal,Lemon,735.0,100.0,1600.0,600.0
2025-03-28 00:00:00+05:30,Gudimalkapur,Gudumalkapur,Sweet Potato,57.0,1200.0,1500.0,1200.0
2025-03-29 00:00:00+05:30,Bowenpally,Bowenpally,Sweet Potato,440.0,1000.0,2000.0,1800.0
2025-03-29 00:00:00+05:30,Hyderabad,Madannapeta,Green Chillies,25.0,2500.0,3500.0,3000.0
2025-03-29 00:00:00+05:30,Gaddiannaram,L.B Nagar,Brinjal,37.0,1000.0,1500.0,1200.0
2025-03-29 00:00:00+05:30,Hyderabad,Meeralamandi,Tomato,29.0,800.0,1000.0,900.0
2025-03-29 00:00:00+05:30,Gudimalkapur,Gudumalkapur,Sweet Potato,35.0,800.0,1200.0,1000.0
2025-03-29 00:00:00+05:30,Nakrekal,Nakrekal,Lemon,691.0,100.0,1500.0,600.0
2025-03-31 00:00:00+05:30,Bowenpally,Bowenpally,Sweet Potato,88.0,1000.0,2000.0,1800.0
2025-03-31 00:00:00+05:30,Hyderabad,Madannapeta,Green Chillies,25.0,3000.0,3500.0,3250.0
2025-03-31 00:00:00+05:30,Gaddiannaram,L.B Nagar,Brinjal,30.0,1000.0,1500.0,1200.0
2025-03-30 00:00:00+05:30,Nakrekal,Nakrekal,Lemon,522.0,100.0,1600.0,600.0
2025-03-24 00:00:00+05:30,Gaddiannaram,L.B Nagar,Ladys Finger,71.0,1500.0,2000.0,1700.0
2025-03-22 00:00:00+05:30,Kollapur,Kollapur,Black Gram,115.0,7400.0,7400.0,7400.0
2025-03-24 00:00:00+05:30,Gaddiannaram,Gaddiannaram,Grapes,230.0,1500.0,5000.0,2500.0
2025-03-23 00:00:00+05:30,Navabpet(MBNR),Navabpet,Groundnut pods,387.0,5501.0,6460.0,6122.0
2025-03-23 00:00:00+05:30,Hyderabad,Madannapeta,Tomato,340.0,400.0,600.0,500.0
2025-03-23 00:00:00+05:30,Gaddiannaram,L.B Nagar,Ladys Finger,90.0,2000.0,2500.0,2200.0
2025-03-23 00:00:00+05:30,Gaddiannaram,Gaddiannaram,Grapes,89.0,1500.0,5000.0,2500.0
2025-03-22 00:00:00+05:30,Mahbubnagar,Mahaboobnagar,Tamarind Seed,17.0,3426.0,3456.0,3456.0
2025-03-22 00:00:00+05:30,Jagtial,Jagtial,Red Gram,1.0,5889.0,5889.0,5889.0
2025-03-22 00:00:00+05:30,Hyderabad,Mahabubmansion,Onions,4068.0,1600.0,2000.0,1800.0
2025-03-21 00:00:00+05:30,Kollapur,Kollapur,Black Gram,115.0,7400.0,7400.0,7400.0
2025-03-22 00:00:00+05:30,Gaddiannaram,L.B Nagar,Ladys Finger,77.0,2000.0,2500.0,2200.0
2025-03-22 00:00:00+05:30,Hyderabad,Madannapeta,Tomato,275.0,600.0,800.0,700.0
2025-03-22 00:00:00+05:30,Gaddiannaram,Gaddiannaram,Grapes,231.0,1500.0,5000.0,2500.0
2025-03-21 00:00:00+05:30,Jagtial,Jagtial,Red Gram,2.0,6459.0,6459.0,6459.0
2025-03-21 00:00:00+05:30,Mahbubnagar,Mahaboobnagar,Tamarind Seed,2.0,3406.0,3406.0,3406.0
2025-03-21 00:00:00+05:30,Khammam,Khammam,Cotton,212.0,5500.0,7000.0,6200.0
2025-03-21 00:00:00+05:30,Suryapet,Suryapet,Jowar,23.0,2759.0,2759.0,2759.0
2025-03-21 00:00:00+05:30,Hyderabad,Madannapeta,Tomato,320.0,400.0,800.0,900.0
2025-03-21 00:00:00+05:30,Hyderabad,Mahabubmansion,Onions,3246.0,1600.0,2200.0,1800.0
2025-03-21 00:00:00+05:30,Gaddiannaram,L.B Nagar,Ladys Finger,88.0,2000.0,2500.0,2200.0
2025-03-21 00:00:00+05:30,Gaddiannaram,Gaddiannaram,Grapes,242.0,1500.0,5000.0,2500.0
2025-03-20 00:00:00+05:30,Gudimalkapur,Gudumalkapur,Yam,1.0,5000.0,5000.0,5000.0
2025-03-20 00:00:00+05:30,Jagtial,Jagtial,Red Gram,4.0,5767.0,6409.0,6409.0
2025-03-20 00:00:00+05:30,Mahbubnagar,Mahaboobnagar,Tamarind Seed,5.0,3442.0,3442.0,3442.0
2025-03-20 00:00:00+05:30,Chevella,Chevella,Brinjal,6.0,3000.0,3000.0,3000.0
2025-03-20 00:00:00+05:30,Khammam,Khammam,Cotton,182.0,5500.0,7000.0,6800.0
2025-03-20 00:00:00+05:30,Shankerpally,Shankerpally,Potato,7.0,2300.0,2500.0,2400.0
2025-03-20 00:00:00+05:30,Warangal,Warangal,Jowar,461.23,2205.0,2275.0,2275.0
2025-03-20 00:00:00+05:30,Hyderabad,Madannapeta,Tomato,330.0,600.0,800.0,700.0
2025-03-20 00:00:00+05:30,Gaddiannaram,L.B Nagar,Ladys Finger,85.0,2000.0,2500.0,2200.0
2025-03-20 00:00:00+05:30,Hyderabad,Mahabubmansion,Onions,2670.0,1600.0,2200.0,1800.0
2025-03-20 00:00:00+05:30,Bowenpally,Bowenpally,Yam,58.0,3000.0,5500.0,4500.0
2025-03-20 00:00:00+05:30,Gaddiannaram,Gaddiannaram,Grapes,228.0,1500.0,5000.0,2500.0
2025-03-19 00:00:00+05:30,Suryapet,Suryapet,Jowar,1.0,1859.0,1859.0,1859.0
2025-03-19 00:00:00+05:30,Khammam,Khammam,Cotton,346.0,6000.0,7100.0,7000.0
2025-03-19 00:00:00+05:30,Jagtial,Jagtial,Red Gram,7.0,5000.0,6329.0,5689.0
2025-03-19 00:00:00+05:30,Hyderabad,Mahabubmansion,Onions,2790.0,1600.0,2300.0,1800.0
2025-03-19 00:00:00+05:30,Gaddiannaram,L.B Nagar,Ladys Finger,91.0,2000.0,2500.0,2200.0
2025-03-19 00:00:00+05:30,Hyderabad,Madannapeta,Tomato,252.0,600.0,1000.0,800.0
2025-03-19 00:00:00+05:30,Bowenpally,Bowenpally,Yam,300.0,3000.0,5500.0,4500.0
2025-03-19 00:00:00+05:30,Gaddiannaram,Gaddiannaram,Grapes,219.0,1500.0,5000.0,2500.0
2025-03-18 00:00:00+05:30,Jagtial,Jagtial,Red Gram,14.0,5802.0,6389.0,6389.0
2025-03-18 00:00:00+05:30,Nizamabad,Nizamabad,Jowar,3.0,1010.0,1010.0,1010.0
2025-03-18 00:00:00+05:30,Mahbubnagar,Mahaboobnagar,Tamarind Seed,128.0,3456.0,3475.0,3475.0
2025-03-18 00:00:00+05:30,Khammam,Khammam,Cotton,112.0,5000.0,6800.0,6500.0
2025-03-18 00:00:00+05:30,Gaddiannaram,L.B Nagar,Ladys Finger,70.0,2000.0,2500.0,2200.0
2025-03-18 00:00:00+05:30,Gaddiannaram,Gaddiannaram,Grapes,218.0,1500.0,5000.0,2500.0
2025-03-18 00:00:00+05:30,Hyderabad,Mahabubmansion,Onions,1901.0,1600.0,2300.0,1800.0
2025-03-18 00:00:00+05:30,Hyderabad,Madannapeta,Tomato,263.0,600.0,1000.0,800.0
2025-03-17 00:00:00+05:30,Mahbubnagar,Mahaboobnagar,Tamarind Seed,1.0,3435.0,3435.0,3435.0
2025-03-17 00:00:00+05:30,Jagtial,Jagtial,Red Gram,9.0,3565.0,6755.0,6256.0
2025-03-17 00:00:00+05:30,Thirumalagiri,Tirmalagiri,Paddy,131.0,2009.0,2089.0,2019.0
2025-03-17 00:00:00+05:30,Khammam,Khammam,Cotton,122.0,6100.0,7000.0,6800.0
2025-03-17 00:00:00+05:30,Vikarabad,Vikarabad,Tumeric,413.5,7051.0,10721.0,10651.0
2025-03-17 00:00:00+05:30,Hyderabad,Madannapeta,Tomato,200.0,600.0,800.0,700.0
2025-03-17 00:00:00+05:30,Hyderabad,Mahabubmansion,Onions,4857.0,1600.0,2200.0,1800.0
2025-03-16 00:00:00+05:30,Navabpet(MBNR),Navabpet,Groundnut pods,643.0,5501.0,6990.0,6392.0
2025-03-17 00:00:00+05:30,Bowenpally,Bowenpally,Yam,36.0,5000.0,6500.0,6000.0
2025-03-17 00:00:00+05:30,Gaddiannaram,L.B Nagar,Ladys Finger,76.0,2000.0,3000.0,2500.0
2025-03-17 00:00:00+05:30,Gaddiannaram,Gaddiannaram,Grapes,271.0,1500.0,5000.0,2500.0
2025-03-16 00:00:00+05:30,Hyderabad,Madannapeta,Tomato,282.0,600.0,800.0,700.0
2025-03-16 00:00:00+05:30,Gaddiannaram,Gaddiannaram,Grapes,150.0,1500.0,5000.0,2500.0
2025-03-16 00:00:00+05:30,Gaddiannaram,L.B Nagar,Ladys Finger,69.0,3000.0,3500.0,3200.0
2025-03-15 00:00:00+05:30,Mahbubnagar,Mahaboobnagar,Tamarind Seed,23.0,3770.0,3770.0,3770.0
2025-03-15 00:00:00+05:30,Hyderabad,Madannapeta,Tomato,270.0,600.0,1000.0,800.0
2025-03-15 00:00:00+05:30,Gaddiannaram,L.B Nagar,Ladys Finger,82.0,3000.0,3500.0,3200.0
2025-03-15 00:00:00+05:30,Gaddiannaram,Gaddiannaram,Grapes,158.0,1500.0,5000.0,2500.0
2025-03-14 00:00:00+05:30,Hyderabad,Madannapeta,Tomato,295.0,800.0,1000.0,900.0
2025-03-14 00:00:00+05:30,Bowenpally,Bowenpally,Yam,55.0,3000.0,6000.0,5000.0
2025-03-14 00:00:00+05:30,Gaddiannaram,L.B Nagar,Ladys Finger,80.0,3000.0,3500.0,3200.0
2025-03-14 00:00:00+05:30,Gaddiannaram,Gaddiannaram,Grapes,74.0,1500.0,5000.0,2500.0
2025-03-13 00:00:00+05:30,Chevella,Chevella,Brinjal,6.0,3000.0,3000.0,3000.0
2025-03-13 00:00:00+05:30,Khammam,Khammam,Cotton,188.0,5500.0,6900.0,6850.0
2025-03-13 00:00:00+05:30,Jagtial,Jagtial,Red Gram,5.0,4259.0,6511.0,5800.0
2025-03-13 00:00:00+05:30,Mahbubnagar,Mahaboobnagar,Tamarind Seed,7.0,3860.0,3860.0,3860.0
2025-03-13 00:00:00+05:30,Hyderabad,Madannapeta,Tomato,295.0,600.0,1000.0,800.0
2025-03-13 00:00:00+05:30,Hyderabad,Mahabubmansion,Onions,4129.0,1800.0,2300.0,2000.0
2025-03-13 00:00:00+05:30,Gaddiannaram,L.B Nagar,Ladys Finger,71.0,3000.0,3500.0,3200.0
2025-03-13 00:00:00+05:30,Gaddiannaram,Gaddiannaram,Grapes,212.0,1500.0,5000.0,2500.0
2025-03-12 00:00:00+05:30,Mahbubnagar,Mahaboobnagar,Tamarind Seed,1.0,3880.0,3880.0,3880.0
2025-03-12 00:00:00+05:30,Gudimalkapur,Gudumalkapur,Yam,2.0,2500.0,3000.0,2500.0
2025-03-12 00:00:00+05:30,Jagtial,Jagtial,Red Gram,17.0,5800.0,6611.0,6256.0
2025-03-12 00:00:00+05:30,Khammam,Khammam,Cotton,176.0,5200.0,6850.0,6850.0
2025-03-12 00:00:00+05:30,Hyderabad,Mahabubmansion,Onions,3616.0,1800.0,2300.0,2000.0
2025-03-12 00:00:00+05:30,Thirumalagiri,Tirmalagiri,Paddy,76.0,1929.0,1929.0,1929.0
2025-03-12 00:00:00+05:30,Gaddiannaram,Gaddiannaram,Grapes,290.0,1500.0,5000.0,2500.0
2025-03-12 00:00:00+05:30,Gaddiannaram,L.B Nagar,Ladys Finger,82.0,3000.0,3500.0,3200.0
2025-03-12 00:00:00+05:30,Hyderabad,Madannapeta,Tomato,297.0,600.0,1000.0,800.0
2025-03-12 00:00:00+05:30,Bowenpally,Bowenpally,Yam,42.0,2500.0,6500.0,5000.0
2025-03-11 00:00:00+05:30,Jagtial,Jagtial,Red Gram,19.0,5100.0,6262.0,6256.0
2025-03-11 00:00:00+05:30,Mahbubnagar,Mahaboobnagar,Tamarind Seed,32.0,4002.0,4002.0,4002.0
2025-03-11 00:00:00+05:30,Khammam,Khammam,Cotton,165.0,5700.0,6860.0,6800.0
2025-03-11 00:00:00+05:30,Shankerpally,Shankerpally,Potato,10.0,2300.0,2500.0,2400.0
2025-03-11 00:00:00+05:30,Nizamabad,Nizamabad,Jowar,12.0,1185.0,1524.0,1211.0
2025-03-11 00:00:00+05:30,Hyderabad,Mahabubmansion,Onions,3787.0,1800.0,2500.0,2000.0
2025-03-11 00:00:00+05:30,Gaddiannaram,L.B Nagar,Ladys Finger,55.0,3000.0,3500.0,3200.0
2025-03-11 00:00:00+05:30,Hyderabad,Madannapeta,Tomato,237.0,800.0,1000.0,900.0
2025-03-11 00:00:00+05:30,Bowenpally,Bowenpally,Yam,28.0,5000.0,6000.0,5600.0
2025-03-10 00:00:00+05:30,Gudimalkapur,Gudumalkapur,Yam,2.0,3000.0,3000.0,3000.0
2025-03-11 00:00:00+05:30,Gaddiannaram,Gaddiannaram,Grapes,236.0,1500.0,5000.0,2500.0
2025-03-10 00:00:00+05:30,Khammam,Khammam,Cotton,218.0,5500.0,6700.0,6700.0
2025-03-10 00:00:00+05:30,Mahbubnagar,Mahaboobnagar,Tamarind Seed,10.0,3225.0,3225.0,3225.0
2025-03-10 00:00:00+05:30,Choppadandi,Choppadandi,Paddy,1.0,2151.0,2151.0,2151.0
2025-03-10 00:00:00+05:30,Jagtial,Jagtial,Red Gram,15.0,5500.0,6489.0,6250.0
2025-03-10 00:00:00+05:30,Hyderabad,Madannapeta,Tomato,250.0,600.0,1000.0,800.0
2025-03-10 00:00:00+05:30,Hyderabad,Mahabubmansion,Onions,5210.0,1800.0,2500.0,2000.0
2025-03-10 00:00:00+05:30,Gaddiannaram,L.B Nagar,Ladys Finger,68.0,3000.0,3500.0,3200.0
2025-03-10 00:00:00+05:30,Gaddiannaram,Gaddiannaram,Grapes,274.0,1500.0,5000.0,2500.0
2025-03-10 00:00:00+05:30,Bowenpally,Bowenpally,Yam,30.0,3000.0,5000.0,4500.0
2025-03-08 00:00:00+05:30,Kollapur,Kollapur,Black Gram,125.0,7400.0,7400.0,7400.0
2025-03-09 00:00:00+05:30,Navabpet(MBNR),Navabpet,Groundnut pods,1224.0,5651.0,6890.0,6890.0
2025-03-09 00:00:00+05:30,Hyderabad,Madannapeta,Tomato,275.0,600.0,1000.0,800.0
2025-03-09 00:00:00+05:30,Gaddiannaram,L.B Nagar,Ladys Finger,55.0,2500.0,3000.0,2700.0
2025-03-09 00:00:00+05:30,Gaddiannaram,Gaddiannaram,Grapes,126.0,1500.0,5000.0,2500.0
2025-03-08 00:00:00+05:30,Gudimalkapur,Gudumalkapur,Yam,1.0,5000.0,5000.0,5000.0
2025-03-08 00:00:00+05:30,Jagtial,Jagtial,Red Gram,6.0,5900.0,6589.0,6589.0
2025-03-08 00:00:00+05:30,Hyderabad,Madannapeta,Tomato,317.0,400.0,800.0,600.0
2025-03-08 00:00:00+05:30,Hyderabad,Mahabubmansion,Onions,4676.0,2000.0,2600.0,2400.0
2025-03-07 00:00:00+05:30,Kollapur,Kollapur,Black Gram,125.0,7400.0,7400.0,7400.0
2025-03-08 00:00:00+05:30,Gaddiannaram,L.B Nagar,Ladys Finger,82.0,2500.0,3000.0,2700.0
2025-03-08 00:00:00+05:30,Gaddiannaram,Gaddiannaram,Grapes,203.0,1500.0,5000.0,2500.0
2025-03-08 00:00:00+05:30,Bowenpally,Bowenpally,Yam,30.0,5000.0,6500.0,6000.0
2025-03-07 00:00:00+05:30,Khammam,Khammam,Cotton,166.0,5500.0,6700.0,6500.0
2025-03-07 00:00:00+05:30,Hyderabad,Mahabubmansion,Onions,3462.0,2100.0,2700.0,2400.0
2025-03-07 00:00:00+05:30,Hyderabad,Madannapeta,Tomato,287.0,600.0,800.0,700.0
2025-03-07 00:00:00+05:30,Gaddiannaram,L.B Nagar,Ladys Finger,82.0,2500.0,3000.0,2700.0
2025-03-07 00:00:00+05:30,Gaddiannaram,Gaddiannaram,Grapes,18.0,1500.0,5000.0,2500.0
2025-03-06 00:00:00+05:30,Gudimalkapur,Gudumalkapur,Yam,2.0,3000.0,3000.0,3000.0
2025-03-06 00:00:00+05:30,Mahbubnagar,Mahaboobnagar,Tamarind Seed,2.0,3036.0,3036.0,3036.0
2025-03-06 00:00:00+05:30,Chevella,Chevella,Brinjal,5.0,3000.0,3000.0,3000.0
2025-03-06 00:00:00+05:30,Khammam,Khammam,Cotton,158.0,5500.0,6800.0,7150.0
2025-03-06 00:00:00+05:30,Shankerpally,Shankerpally,Potato,5.0,3000.0,3200.0,3100.0
2025-03-06 00:00:00+05:30,Hyderabad,Madannapeta,Tomato,312.0,600.0,1000.0,800.0
2025-03-06 00:00:00+05:30,Thirumalagiri,Tirmalagiri,Paddy,96.0,2049.0,2049.0,2049.0
2025-03-06 00:00:00+05:30,Gaddiannaram,L.B Nagar,Ladys Finger,81.0,2500.0,3000.0,2700.0
2025-03-06 00:00:00+05:30,Hyderabad,Mahabubmansion,Onions,162.0,9000.0,12000.0,10000.0
2025-03-05 00:00:00+05:30,Navabpet(MBNR),Navabpet,Groundnut pods,224.0,4230.0,6692.0,6430.0
2025-03-06 00:00:00+05:30,Bowenpally,Bowenpally,Yam,35.0,3000.0,5000.0,4500.0
2025-03-06 00:00:00+05:30,Gaddiannaram,Gaddiannaram,Grapes,116.0,1500.0,5000.0,2500.0
2025-03-05 00:00:00+05:30,Mahbubnagar,Mahaboobnagar,Tamarind Seed,3.0,3127.0,3127.0,3127.0
2025-03-05 00:00:00+05:30,Khammam,Khammam,Cotton,315.0,5500.0,6850.0,6700.0
2025-03-05 00:00:00+05:30,Hyderabad,Madannapeta,Tomato,287.0,800.0,1200.0,1000.0
2025-03-05 00:00:00+05:30,Hyderabad,Mahabubmansion,Onions,3660.0,2600.0,3400.0,2800.0
2025-03-05 00:00:00+05:30,Bowenpally,Bowenpally,Yam,29.0,2000.0,7000.0,5000.0
2025-03-05 00:00:00+05:30,Gaddiannaram,L.B Nagar,Ladys Finger,62.0,2500.0,3000.0,2700.0
2025-03-05 00:00:00+05:30,Gaddiannaram,Gaddiannaram,Grapes,292.0,1500.0,5000.0,2500.0
2025-03-04 00:00:00+05:30,Mahbubnagar,Mahaboobnagar,Tamarind Seed,22.0,3021.0,3112.0,3112.0
2025-03-04 00:00:00+05:30,Gudimalkapur,Gudumalkapur,Yam,1.0,2500.0,2500.0,2500.0
2025-03-04 00:00:00+05:30,Jagtial,Jagtial,Red Gram,13.0,3001.0,6579.0,6579.0
2025-03-04 00:00:00+05:30,Nizamabad,Nizamabad,Jowar,20.0,1611.0,2275.0,1960.0
2025-03-04 00:00:00+05:30,Khammam,Khammam,Cotton,136.0,5500.0,6900.0,6600.0
2025-03-04 00:00:00+05:30,Thirumalagiri,Tirmalagiri,Paddy,51.0,1869.0,1892.0,1892.0
2025-03-04 00:00:00+05:30,Hyderabad,Madannapeta,Tomato,225.0,800.0,1200.0,1000.0
2025-03-04 00:00:00+05:30,Hyderabad,Mahabubmansion,Onions,3104.0,2600.0,3300.0,2800.0
2025-03-04 00:00:00+05:30,Gaddiannaram,L.B Nagar,Ladys Finger,78.0,2500.0,3000.0,2700.0
2025-03-04 00:00:00+05:30,Gaddiannaram,Gaddiannaram,Grapes,216.0,1500.0,5000.0,2500.0
2025-03-01 00:00:00+05:30,Kollapur,Kollapur,Black Gram,70.0,7400.0,7400.0,7400.0
2025-03-03 00:00:00+05:30,Khammam,Khammam,Cotton,308.0,5500.0,7050.0,6600.0
2025-03-03 00:00:00+05:30,Jagtial,Jagtial,Red Gram,21.0,3500.0,6659.0,6659.0
2025-03-03 00:00:00+05:30,Hyderabad,Madannapeta,Tomato,217.0,800.0,1200.0,1000.0
2025-03-03 00:00:00+05:30,Gaddiannaram,L.B Nagar,Ladys Finger,55.0,2500.0,3000.0,2700.0
2025-03-03 00:00:00+05:30,Hyderabad,Mahabubmansion,Onions,1782.0,10000.0,13800.0,11000.0
2025-03-02 00:00:00+05:30,Navabpet(MBNR),Navabpet,Groundnut pods,2197.0,5489.0,7002.0,6169.0
2025-03-03 00:00:00+05:30,Gaddiannaram,Gaddiannaram,Grapes,388.0,1500.0,5000.0,2500.0
2025-03-02 00:00:00+05:30,Hyderabad,Madannapeta,Tomato,292.0,600.0,800.0,700.0
2025-03-02 00:00:00+05:30,Gaddiannaram,Gaddiannaram,Grapes,173.0,1500.0,5000.0,2500.0
2025-03-02 00:00:00+05:30,Gaddiannaram,L.B Nagar,Ladys Finger,101.0,2500.0,3000.0,2700.0
2025-03-02 00:00:00+05:30,Bowenpally,Bowenpally,Yam,57.0,4000.0,6000.0,5500.0
2025-03-01 00:00:00+05:30,Jagtial,Jagtial,Red Gram,13.0,4059.0,6526.0,6526.0
2025-03-01 00:00:00+05:30,Hyderabad,Madannapeta,Tomato,265.0,600.0,1000.0,800.0
2025-03-01 00:00:00+05:30,Hyderabad,Mahabubmansion,Onions,3259.0,2600.0,3500.0,2800.0
2025-03-01 00:00:00+05:30,Shankerpally,Shankerpally,Potato,8.5,3000.0,3100.0,3050.0
2025-03-01 00:00:00+05:30,Gaddiannaram,L.B Nagar,Ladys Finger,65.0,2500.0,3000.0,2700.0
2025-03-01 00:00:00+05:30,Gaddiannaram,Gaddiannaram,Grapes,183.0,1500.0,5000.0,2500.0
2025-03-01 00:00:00+05:30,Bowenpally,Bowenpally,Yam,55.0,2000.0,6500.0,4500.0
2025-03-31 00:00:00+05:30,Gaddiannaram,L.B Nagar,Ladys Finger,96.0,2000.0,3000.0,2500.0
2025-03-31 00:00:00+05:30,Hyderabad,Madannapeta,Tomato,205.0,600.0,1000.0,800.0
2025-03-30 00:00:00+05:30,Gaddiannaram,Gaddiannaram,Grapes,77.0,1500.0,5000.0,2500.0
2025-03-29 00:00:00+05:30,Gaddiannaram,L.B Nagar,Ladys Finger,62.0,1500.0,2500.0,2000.0
2025-03-29 00:00:00+05:30,Hyderabad,Madannapeta,Tomato,247.0,600.0,1000.0,800.0
2025-03-28 00:00:00+05:30,Mahbubnagar,Mahaboobnagar,Tamarind Seed,4.0,3457.0,3457.0,3457.0
2025-03-29 00:00:00+05:30,Gaddiannaram,Gaddiannaram,Grapes,256.0,1500.0,5000.0,2500.0
2025-03-28 00:00:00+05:30,Khammam,Khammam,Cotton,100.0,5500.0,7100.0,6700.0
2025-03-28 00:00:00+05:30,Suryapet,Suryapet,Jowar,5.0,1559.0,1559.0,1559.0
2025-03-28 00:00:00+05:30,Jagtial,Jagtial,Red Gram,4.0,5400.0,6469.0,5800.0
2025-03-28 00:00:00+05:30,Hyderabad,Madannapeta,Tomato,250.0,400.0,800.0,600.0
2025-03-28 00:00:00+05:30,Gaddiannaram,L.B Nagar,Ladys Finger,68.0,1500.0,2500.0,2000.0
2025-03-28 00:00:00+05:30,Gaddiannaram,Gaddiannaram,Grapes,200.0,1500.0,5000.0,2500.0
2025-03-27 00:00:00+05:30,Chevella,Chevella,Brinjal,6.0,3000.0,3000.0,3000.0
2025-03-27 00:00:00+05:30,Khammam,Khammam,Cotton,178.0,6000.0,7100.0,7100.0
2025-03-27 00:00:00+05:30,Jagtial,Jagtial,Red Gram,18.0,5500.0,6495.0,6262.0
2025-03-27 00:00:00+05:30,Mahbubnagar,Mahaboobnagar,Tamarind Seed,8.0,3460.0,3460.0,3460.0
2025-03-27 00:00:00+05:30,Hyderabad,Madannapeta,Tomato,290.0,600.0,800.0,700.0
2025-03-27 00:00:00+05:30,Hyderabad,Mahabubmansion,Onions,3047.0,1600.0,2200.0,1800.0
2025-03-27 00:00:00+05:30,Gaddiannaram,L.B Nagar,Ladys Finger,60.0,1500.0,2500.0,2000.0
2025-03-27 00:00:00+05:30,Gaddiannaram,Gaddiannaram,Grapes,166.0,1500.0,5000.0,2500.0
2025-03-27 00:00:00+05:30,Bowenpally,Bowenpally,Yam,28.0,2000.0,6000.0,5000.0
2025-03-26 00:00:00+05:30,Gudimalkapur,Gudumalkapur,Yam,2.0,4000.0,4000.0,4000.0
2025-03-26 00:00:00+05:30,Mahbubnagar,Mahaboobnagar,Tamarind Seed,16.0,3406.0,3457.0,3457.0
2025-03-26 00:00:00+05:30,Jagtial,Jagtial,Red Gram,6.0,5400.0,6490.0,6311.0
2025-03-26 00:00:00+05:30,Khammam,Khammam,Cotton,154.0,5800.0,7100.0,7000.0
2025-03-26 00:00:00+05:30,Hyderabad,Mahabubmansion,Onions,2318.0,1600.0,2100.0,1800.0
2025-03-26 00:00:00+05:30,Hyderabad,Madannapeta,Tomato,312.0,400.0,800.0,600.0
2025-03-26 00:00:00+05:30,Gaddiannaram,L.B Nagar,Ladys Finger,56.0,1500.0,2500.0,2000.0
2025-03-26 00:00:00+05:30,Gaddiannaram,Gaddiannaram,Grapes,188.0,1500.0,5000.0,2500.0
2025-03-25 00:00:00+05:30,Gudimalkapur,Gudumalkapur,Yam,1.0,4000.0,4000.0,4000.0
2025-03-25 00:00:00+05:30,Mahbubnagar,Mahaboobnagar,Tamarind Seed,103.0,3460.0,3512.0,3512.0
2025-03-25 00:00:00+05:30,Jagtial,Jagtial,Red Gram,2.0,5789.0,6489.0,6489.0
2025-03-25 00:00:00+05:30,Hyderabad,Madannapeta,Tomato,257.0,600.0,800.0,700.0
2025-03-25 00:00:00+05:30,Gaddiannaram,L.B Nagar,Ladys Finger,63.0,1000.0,2000.0,1500.0
2025-03-25 00:00:00+05:30,Hyderabad,Mahabubmansion,Onions,2893.0,1600.0,2100.0,1800.0
2025-03-25 00:00:00+05:30,Khammam,Khammam,Cotton,111.0,5800.0,7200.0,6900.0
2025-03-25 00:00:00+05:30,Gaddiannaram,Gaddiannaram,Grapes,211.0,1500.0,5000.0,2500.0
2025-03-24 00:00:00+05:30,Gudimalkapur,Gudumalkapur,Yam,1.0,4000.0,4000.0,4000.0
2025-03-24 00:00:00+05:30,Jagtial,Jagtial,Red Gram,14.0,5789.0,6489.0,6203.0
2025-03-24 00:00:00+05:30,Mahbubnagar,Mahaboobnagar,Tamarind Seed,1.0,3442.0,3442.0,3442.0
2025-03-24 00:00:00+05:30,Khammam,Khammam,Cotton,174.0,6000.0,7100.0,6700.0
2025-03-24 00:00:00+05:30,Hyderabad,Madannapeta,Tomato,267.0,600.0,800.0,700.0
2025-03-24 00:00:00+05:30,Hyderabad,Mahabubmansion,Onions,4718.0,1600.0,2100.0,1800.0
2025-03-24 00:00:00+05:30,Bowenpally,Bowenpally,Yam,30.0,3000.0,6000.0,5000.0
2025-03-01 00:00:00+05:30,Bowenpally,Bowenpally,Green Onion,22.0,1500.0,3000.0,2400.0
2025-03-01 00:00:00+05:30,Gaddiannaram,Gaddiannaram,Grapes,542.0,3100.0,7500.0,5000.0
2025-03-01 00:00:00+05:30,Gaddiannaram,L.B Nagar,Green Chillies,233.0,2000.0,3000.0,2500.0
2025-03-01 00:00:00+05:30,Tandur,Tandur,Groundnut pods,42.0,5661.0,6705.0,6111.0
2025-03-01 00:00:00+05:30,Bhainsa,Bhainsa,Gingelly,5.49,10218.0,10289.0,10218.0
2025-03-01 00:00:00+05:30,Hyderabad,Mahabubmansion,Onions,4889.0,400.0,2400.0,1800.0
2025-03-01 00:00:00+05:30,Hyderabad,Madannapeta,French Beans,8.0,2500.0,3000.0,2750.0
2025-03-01 00:00:00+05:30,Choppadandi,Choppadandi,Maize,385.0,2250.0,2371.0,2341.0
2025-03-01 00:00:00+05:30,Suryapet,Suryapet,Red Gram,314.0,4059.0,7152.0,7122.0
2025-03-01 00:00:00+05:30,Badepally,Badepally,Black Gram,9.0,7670.0,8011.0,7700.0
2025-03-01 00:00:00+05:30,Narayanpet,Narayanpet,Cowpea,10.78,6609.0,6671.0,6671.0
2025-03-01 00:00:00+05:30,Gudimalkapur,Gudumalkapur,Green Onion,5.0,1500.0,1500.0,1500.0
2025-03-02 00:00:00+05:30,Bowenpally,Bowenpally,Green Onion,41.0,1000.0,3000.0,2200.0
2025-03-02 00:00:00+05:30,Gaddiannaram,L.B Nagar,Green Chillies,189.0,2000.0,3000.0,2500.0
2025-03-01 00:00:00+05:30,Vantimamidi,Vantimamidi,Green Onion,6.0,1000.0,1000.0,1000.0
2025-03-02 00:00:00+05:30,Gaddiannaram,Gaddiannaram,Grapes,460.0,3100.0,7500.0,5000.0
2025-03-02 00:00:00+05:30,Hyderabad,Madannapeta,French Beans,8.0,3000.0,3000.0,3000.0
2025-03-03 00:00:00+05:30,Gaddiannaram,Gaddiannaram,Grapes,1059.0,3100.0,8100.0,5000.0
2025-03-02 00:00:00+05:30,Vantimamidi,Vantimamidi,Green Onion,12.0,1000.0,1500.0,1250.0
2025-03-02 00:00:00+05:30,Gudimalkapur,Gudumalkapur,Green Onion,7.0,2000.0,2500.0,2000.0
2025-03-03 00:00:00+05:30,Hyderabad,Mahabubmansion,Onions,2672.0,5000.0,9000.0,8000.0
2025-03-03 00:00:00+05:30,Gaddiannaram,L.B Nagar,Green Chillies,199.0,2000.0,3000.0,2500.0
2025-03-03 00:00:00+05:30,Bowenpally,Bowenpally,Green Onion,41.0,1500.0,3000.0,2500.0
2025-03-03 00:00:00+05:30,Hyderabad,Madannapeta,French Beans,8.0,2500.0,3000.0,2750.0
2025-03-03 00:00:00+05:30,Thirumalagiri,Tirmalagiri,Paddy,6.0,2209.0,2209.0,2209.0
2025-03-03 00:00:00+05:30,Karimnagar,Karimnagar,Red Gram,14.0,6559.0,7012.0,6888.0
2025-03-03 00:00:00+05:30,Choppadandi,Choppadandi,Maize,535.0,2250.0,2358.0,2331.0
2025-03-03 00:00:00+05:30,Siddipet,Siddipet,Maize,0.95,4806.0,4806.0,4806.0
2025-03-03 00:00:00+05:30,Nizamabad,Nizamabad,Jowar,12.0,1650.0,1860.0,1860.0
2025-03-03 00:00:00+05:30,Suryapet,Suryapet,Red Gram,464.0,5059.0,7173.0,7059.0
2025-03-03 00:00:00+05:30,Tandur,Tandur,Groundnut pods,134.0,5535.0,6759.0,6759.0
2025-03-04 00:00:00+05:30,Gaddiannaram,Gaddiannaram,Grapes,640.0,3100.0,8100.0,5000.0
2025-03-04 00:00:00+05:30,Gaddiannaram,L.B Nagar,Green Chillies,201.0,2000.0,3000.0,2500.0
2025-03-03 00:00:00+05:30,Vantimamidi,Vantimamidi,Green Onion,22.0,1000.0,1500.0,1250.0
2025-03-03 00:00:00+05:30,Gudimalkapur,Gudumalkapur,Green Onion,5.0,1500.0,2000.0,1500.0
2025-03-04 00:00:00+05:30,Hyderabad,Mahabubmansion,Onions,4656.0,400.0,2500.0,1500.0
2025-03-03 00:00:00+05:30,Narayanpet,Narayanpet,Cowpea,4.9,6349.0,6659.0,6659.0
2025-03-04 00:00:00+05:30,Hyderabad,Madannapeta,French Beans,8.0,3500.0,3500.0,3500.0
2025-03-04 00:00:00+05:30,Bowenpally,Bowenpally,Green Onion,36.0,1000.0,3000.0,2500.0
2025-03-04 00:00:00+05:30,Tandur,Tandur,Groundnut pods,152.0,4000.0,6705.0,6525.0
2025-03-04 00:00:00+05:30,Bhainsa,Bhainsa,Gingelly,9.17,9987.0,10253.0,9987.0
2025-03-04 00:00:00+05:30,Suryapet,Suryapet,Red Gram,220.0,5692.0,7187.0,7022.0
2025-03-04 00:00:00+05:30,Karimnagar,Karimnagar,Red Gram,27.0,6352.0,6875.0,6725.0
2025-03-04 00:00:00+05:30,Siddipet,Siddipet,Maize,479.9,2251.0,2315.0,2282.0
2025-03-04 00:00:00+05:30,Gudimalkapur,Gudumalkapur,Green Onion,8.0,2000.0,3000.0,2500.0
2025-03-04 00:00:00+05:30,Vantimamidi,Vantimamidi,Green Onion,15.0,1000.0,1500.0,1250.0
2025-03-05 00:00:00+05:30,Gaddiannaram,Gaddiannaram,Grapes,721.0,3100.0,7500.0,5000.0
2025-03-05 00:00:00+05:30,Gaddiannaram,L.B Nagar,Green Chillies,239.0,2000.0,3000.0,2500.0
2025-03-05 00:00:00+05:30,Bowenpally,Bowenpally,Green Onion,27.0,1500.0,3000.0,2600.0
2025-03-05 00:00:00+05:30,Hyderabad,Mahabubmansion,Onions,5489.0,400.0,2400.0,1500.0
2025-03-05 00:00:00+05:30,Hyderabad,Madannapeta,French Beans,6.0,2500.0,2500.0,2500.0
2025-03-05 00:00:00+05:30,Nizamabad,Nizamabad,Jowar,7.0,1050.0,1600.0,1050.0
2025-03-05 00:00:00+05:30,Bhainsa,Bhainsa,Gingelly,30.67,10211.0,10411.0,10256.0
2025-03-05 00:00:00+05:30,Tandur,Tandur,Groundnut pods,42.0,6201.0,6507.0,6201.0
2025-03-05 00:00:00+05:30,Siddipet,Siddipet,Maize,286.78,2275.0,2326.0,2305.0
2025-03-05 00:00:00+05:30,Choppadandi,Choppadandi,Maize,400.0,2205.0,2366.0,2358.0
2025-03-05 00:00:00+05:30,Karimnagar,Karimnagar,Red Gram,7.0,6666.0,6801.0,6705.0
2025-03-05 00:00:00+05:30,Suryapet,Suryapet,Red Gram,396.0,4089.0,7226.0,7109.0
2025-03-05 00:00:00+05:30,Gudimalkapur,Gudumalkapur,Green Onion,4.0,2500.0,3000.0,2000.0
2025-03-06 00:00:00+05:30,Gaddiannaram,Gaddiannaram,Grapes,394.0,3100.0,7500.0,5000.0
2025-03-05 00:00:00+05:30,Vantimamidi,Vantimamidi,Green Onion,12.0,1500.0,1500.0,1500.0
2025-03-06 00:00:00+05:30,Bowenpally,Bowenpally,Green Onion,14.0,1000.0,3000.0,2400.0
2025-03-05 00:00:00+05:30,Narayanpet,Narayanpet,Cowpea,15.19,6651.0,7070.0,6651.0
2025-03-06 00:00:00+05:30,Hyderabad,Mahabubmansion,Onions,244.0,7000.0,8500.0,8000.0
2025-03-06 00:00:00+05:30,Gaddiannaram,L.B Nagar,Green Chillies,222.0,2000.0,3000.0,2500.0
2025-03-06 00:00:00+05:30,Hyderabad,Madannapeta,French Beans,7.0,2300.0,2500.0,2400.0
2025-03-06 00:00:00+05:30,Tandur,Tandur,Groundnut pods,17.0,6462.0,6500.0,6462.0
2025-03-06 00:00:00+05:30,Bhainsa,Bhainsa,Gingelly,26.12,10206.0,10256.0,10206.0
2025-03-06 00:00:00+05:30,Chevella,Chevella,Green Chillies,6.0,6000.0,6000.0,6000.0
2025-03-06 00:00:00+05:30,Suryapet,Suryapet,Red Gram,287.0,4079.0,7272.0,6462.0
2025-03-06 00:00:00+05:30,Siddipet,Siddipet,Maize,390.23,2201.0,2318.0,2271.0
2025-03-06 00:00:00+05:30,Choppadandi,Choppadandi,Maize,520.0,2187.0,2391.0,2367.0
2025-03-06 00:00:00+05:30,Karimnagar,Karimnagar,Red Gram,5.0,6029.0,6400.0,6400.0
2025-03-06 00:00:00+05:30,Gudimalkapur,Gudumalkapur,Green Onion,10.0,2000.0,3000.0,2500.0
2025-03-07 00:00:00+05:30,Gaddiannaram,Gaddiannaram,Grapes,620.0,3100.0,7500.0,5000.0
2025-03-07 00:00:00+05:30,Gaddiannaram,L.B Nagar,Green Chillies,199.0,2000.0,3000.0,2500.0
2025-03-06 00:00:00+05:30,Badepally,Badepally,Black Gram,14.0,7502.0,7612.0,7502.0
2025-03-06 00:00:00+05:30,Narayanpet,Narayanpet,Cowpea,1.47,6751.0,6751.0,6751.0
2025-03-07 00:00:00+05:30,Hyderabad,Madannapeta,French Beans,8.0,2500.0,3000.0,2750.0
2025-03-07 00:00:00+05:30,Hyderabad,Mahabubmansion,Onions,5194.0,400.0,1800.0,1100.0
2025-03-07 00:00:00+05:30,Bowenpally,Bowenpally,Green Onion,22.0,1000.0,2500.0,2000.0
2025-03-07 00:00:00+05:30,Choppadandi,Choppadandi,Maize,662.0,2232.0,2357.0,2339.0
2025-03-07 00:00:00+05:30,Tandur,Tandur,Groundnut pods,67.0,5600.0,6408.0,6408.0
2025-03-07 00:00:00+05:30,Bhainsa,Bhainsa,Gingelly,24.82,9511.0,10268.0,10223.0
2025-03-08 00:00:00+05:30,Bowenpally,Bowenpally,Green Onion,15.0,1000.0,3000.0,2400.0
2025-03-08 00:00:00+05:30,Gaddiannaram,Gaddiannaram,Grapes,541.0,3100.0,7500.0,5000.0
2025-03-08 00:00:00+05:30,Gaddiannaram,L.B Nagar,Green Chillies,206.0,2000.0,3000.0,2500.0
2025-03-07 00:00:00+05:30,Karimnagar,Karimnagar,Red Gram,4.0,6400.0,6505.0,6500.0
2025-03-07 00:00:00+05:30,Siddipet,Siddipet,Maize,416.73,2251.0,2310.0,2295.0
2025-03-07 00:00:00+05:30,Gudimalkapur,Gudumalkapur,Green Onion,6.0,1000.0,2000.0,1500.0
2025-03-07 00:00:00+05:30,Vantimamidi,Vantimamidi,Green Onion,14.0,1000.0,1500.0,1250.0
2025-03-08 00:00:00+05:30,Hyderabad,Mahabubmansion,Onions,7014.0,400.0,1800.0,1600.0
2025-03-08 00:00:00+05:30,Hyderabad,Madannapeta,French Beans,8.0,4000.0,4000.0,4000.0
2025-03-08 00:00:00+05:30,Tandur,Tandur,Groundnut pods,6.0,6003.0,6300.0,6300.0
2025-03-08 00:00:00+05:30,Badepally,Badepally,Black Gram,11.0,7453.0,7453.0,7453.0
2025-03-08 00:00:00+05:30,Narayanpet,Narayanpet,Cowpea,2.45,6759.0,6759.0,6759.0
2025-03-08 00:00:00+05:30,Choppadandi,Choppadandi,Maize,423.0,2001.0,2341.0,2341.0
2025-03-08 00:00:00+05:30,Suryapet,Suryapet,Red Gram,325.0,4554.0,7267.0,7250.0
2025-03-08 00:00:00+05:30,Bhainsa,Bhainsa,Gingelly,22.84,9706.0,10243.0,10243.0
2025-03-08 00:00:00+05:30,Gudimalkapur,Gudumalkapur,Green Onion,8.0,2500.0,3000.0,2500.0
2025-03-09 00:00:00+05:30,Gaddiannaram,Gaddiannaram,Grapes,358.0,3100.0,7500.0,5000.0
2025-03-08 00:00:00+05:30,Siddipet,Siddipet,Maize,350.14,2199.0,2300.0,2251.0
2025-03-09 00:00:00+05:30,Gaddiannaram,L.B Nagar,Green Chillies,190.0,2000.0,3000.0,2500.0
2025-03-09 00:00:00+05:30,Hyderabad,Madannapeta,French Beans,9.0,3000.0,5000.0,4500.0
2025-03-09 00:00:00+05:30,Bowenpally,Bowenpally,Green Onion,32.0,1500.0,3000.0,2600.0
2025-03-09 00:00:00+05:30,Venkateshwar Nagar,V Nagar,Carrot,2.0,30.0,30.0,30.0
2025-03-09 00:00:00+05:30,Gudimalkapur,Gudumalkapur,Green Onion,4.0,1500.0,2500.0,2000.0
2025-03-10 00:00:00+05:30,Bowenpally,Bowenpally,Green Onion,16.0,1000.0,3000.0,2500.0
2025-03-10 00:00:00+05:30,Gaddiannaram,Gaddiannaram,Grapes,752.0,3100.0,7500.0,5000.0
2025-03-10 00:00:00+05:30,Gaddiannaram,L.B Nagar,Green Chillies,226.0,2500.0,3500.0,3200.0
2025-03-10 00:00:00+05:30,Hyderabad,Mahabubmansion,Onions,7815.0,400.0,1700.0,1600.0
2025-03-10 00:00:00+05:30,Hyderabad,Madannapeta,French Beans,3.0,3800.0,4000.0,3900.0
2025-03-10 00:00:00+05:30,Warangal,Warangal,Jowar,3.71,3618.0,3618.0,3618.0
2025-03-10 00:00:00+05:30,Siddipet,Siddipet,Maize,802.15,2001.0,2292.0,2251.0
2025-03-10 00:00:00+05:30,Choppadandi,Choppadandi,Maize,1159.0,2196.0,2300.0,2281.0
2025-03-10 00:00:00+05:30,Badepally,Badepally,Black Gram,2.0,7417.0,7417.0,7417.0
2025-03-10 00:00:00+05:30,Karimnagar,Karimnagar,Red Gram,4.0,6200.0,6602.0,6600.0
2025-03-10 00:00:00+05:30,Suryapet,Suryapet,Red Gram,300.0,3719.0,7295.0,7169.0
2025-03-10 00:00:00+05:30,Tandur,Tandur,Groundnut pods,36.0,5661.0,6345.0,5800.0
2025-03-10 00:00:00+05:30,Bhainsa,Bhainsa,Gingelly,20.14,9706.0,10243.0,10243.0
2025-03-11 00:00:00+05:30,Gaddiannaram,Gaddiannaram,Grapes,613.0,3100.0,7500.0,5000.0
2025-03-10 00:00:00+05:30,Gudimalkapur,Gudumalkapur,Green Onion,5.0,1000.0,1500.0,1000.0
2025-03-10 00:00:00+05:30,Narayanpet,Narayanpet,Cowpea,25.48,6756.0,7012.0,7012.0
2025-03-11 00:00:00+05:30,Bowenpally,Bowenpally,Green Onion,27.0,1500.0,3000.0,2500.0
2025-03-11 00:00:00+05:30,Hyderabad,Madannapeta,French Beans,9.0,4000.0,5000.0,4500.0
2025-03-11 00:00:00+05:30,Gaddiannaram,L.B Nagar,Green Chillies,251.0,2500.0,3500.0,3000.0
2025-03-11 00:00:00+05:30,Hyderabad,Mahabubmansion,Onions,5680.0,400.0,1600.0,1500.0
2025-03-11 00:00:00+05:30,Bhainsa,Bhainsa,Gingelly,12.8,9979.0,10123.0,10073.0
2025-03-11 00:00:00+05:30,Warangal,Warangal,Jowar,1.96,2022.0,2022.0,2022.0
2025-03-11 00:00:00+05:30,Karimnagar,Karimnagar,Red Gram,7.0,6211.0,6500.0,6455.0
2025-03-11 00:00:00+05:30,Choppadandi,Choppadandi,Maize,874.0,2177.0,2351.0,2244.0
2025-03-11 00:00:00+05:30,Suryapet,Suryapet,Red Gram,267.0,4656.0,7267.0,6539.0
2025-03-11 00:00:00+05:30,Siddipet,Siddipet,Maize,834.23,2201.0,2281.0,2252.0
2025-03-11 00:00:00+05:30,Badepally,Badepally,Black Gram,2.0,7117.0,7117.0,7117.0
2025-03-11 00:00:00+05:30,Narayanpet,Narayanpet,Cowpea,3.43,6933.0,6933.0,6933.0
2025-03-12 00:00:00+05:30,Bowenpally,Bowenpally,Green Onion,26.0,1500.0,3000.0,2500.0
2025-03-12 00:00:00+05:30,Hyderabad,Madannapeta,French Beans,6.0,4000.0,5000.0,4500.0
2025-03-12 00:00:00+05:30,Gaddiannaram,L.B Nagar,Green Chillies,190.0,2500.0,3500.0,3000.0
2025-03-12 00:00:00+05:30,Gaddiannaram,Gaddiannaram,Grapes,772.0,3100.0,7500.0,5000.0
2025-03-11 00:00:00+05:30,Vantimamidi,Vantimamidi,Green Onion,5.0,1000.0,2000.0,1500.0
2025-03-11 00:00:00+05:30,Gudimalkapur,Gudumalkapur,Green Onion,10.0,2000.0,2500.0,2000.0
2025-03-12 00:00:00+05:30,Bhainsa,Bhainsa,Gingelly,3.43,9606.0,10104.0,10104.0
2025-03-12 00:00:00+05:30,Hyderabad,Mahabubmansion,Onions,5423.0,400.0,1700.0,1600.0
2025-03-12 00:00:00+05:30,Tandur,Tandur,Groundnut pods,20.0,6300.0,7057.0,7057.0
2025-03-12 00:00:00+05:30,Suryapet,Suryapet,Red Gram,299.0,4959.0,7309.0,6976.0
2025-03-12 00:00:00+05:30,Choppadandi,Choppadandi,Maize,855.0,2106.0,2269.0,2226.0
2025-03-12 00:00:00+05:30,Karimnagar,Karimnagar,Red Gram,6.0,6402.0,6559.0,6507.0
2025-03-12 00:00:00+05:30,Gudimalkapur,Gudumalkapur,Green Onion,6.0,1500.0,2000.0,1400.0
2025-03-12 00:00:00+05:30,Vantimamidi,Vantimamidi,Green Onion,3.0,1000.0,1800.0,1400.0
2025-03-13 00:00:00+05:30,Gaddiannaram,Gaddiannaram,Grapes,630.0,3100.0,7500.0,5000.0
2025-03-13 00:00:00+05:30,Gaddiannaram,L.B Nagar,Green Chillies,192.0,2500.0,3500.0,3000.0
2025-03-13 00:00:00+05:30,Hyderabad,Mahabubmansion,Onions,6193.0,400.0,1700.0,1600.0
2025-03-13 00:00:00+05:30,Hyderabad,Madannapeta,French Beans,5.0,4000.0,4000.0,4000.0
2025-03-13 00:00:00+05:30,Bowenpally,Bowenpally,Green Onion,16.0,1000.0,3000.0,2500.0
2025-03-13 00:00:00+05:30,Karimnagar,Karimnagar,Red Gram,2.0,6121.0,6451.0,6451.0
2025-03-13 00:00:00+05:30,Tandur,Tandur,Groundnut pods,45.0,6139.0,6626.0,6450.0
2025-03-13 00:00:00+05:30,Suryapet,Suryapet,Red Gram,201.0,4179.0,7173.0,6714.0
2025-03-13 00:00:00+05:30,Chevella,Chevella,Green Chillies,6.0,6000.0,6000.0,6000.0
2025-03-13 00:00:00+05:30,Bhainsa,Bhainsa,Gingelly,16.28,10111.0,10263.0,10263.0
2025-03-14 00:00:00+05:30,Gaddiannaram,Gaddiannaram,Grapes,128.0,3100.0,7500.0,5000.0
2025-03-14 00:00:00+05:30,Gaddiannaram,L.B Nagar,Green Chillies,170.0,2500.0,3500.0,3000.0
2025-03-13 00:00:00+05:30,Gudimalkapur,Gudumalkapur,Green Onion,11.0,1500.0,2500.0,2000.0
2025-03-13 00:00:00+05:30,Vantimamidi,Vantimamidi,Green Onion,6.0,2000.0,2000.0,2000.0
2025-03-14 00:00:00+05:30,Bowenpally,Bowenpally,Green Onion,16.0,1000.0,3000.0,2500.0
2025-03-14 00:00:00+05:30,Hyderabad,Madannapeta,French Beans,6.0,4000.0,5000.0,4500.0
2025-03-13 00:00:00+05:30,Choppadandi,Choppadandi,Maize,727.0,2163.0,2236.0,2206.0
2025-03-13 00:00:00+05:30,Narayanpet,Narayanpet,Cowpea,29.89,6982.0,7072.0,7052.0
2025-03-15 00:00:00+05:30,Gaddiannaram,Gaddiannaram,Grapes,486.0,3100.0,7500.0,5000.0
2025-03-15 00:00:00+05:30,Gaddiannaram,L.B Nagar,Green Chillies,160.0,2500.0,3500.0,3000.0
2025-03-15 00:00:00+05:30,Hyderabad,Madannapeta,French Beans,6.0,4000.0,5000.0,4500.0
2025-03-15 00:00:00+05:30,Bowenpally,Bowenpally,Green Onion,17.0,1500.0,3000.0,2500.0
2025-03-15 00:00:00+05:30,Siddipet,Siddipet,Maize,797.58,2159.0,2265.0,2225.0
2025-03-15 00:00:00+05:30,Narayanpet,Narayanpet,Cowpea,11.76,7050.0,7113.0,7113.0
2025-03-15 00:00:00+05:30,Suryapet,Suryapet,Red Gram,62.0,4793.0,6795.0,6444.0
2025-03-15 00:00:00+05:30,Choppadandi,Choppadandi,Maize,307.0,1977.0,2255.0,2172.0
2025-03-15 00:00:00+05:30,Bhainsa,Bhainsa,Gingelly,4.75,10262.0,10262.0,10262.0
2025-03-16 00:00:00+05:30,Gaddiannaram,L.B Nagar,Green Chillies,178.0,2500.0,3500.0,3000.0
2025-03-15 00:00:00+05:30,Gudimalkapur,Gudumalkapur,Green Onion,2.0,1500.0,1500.0,1500.0
2025-03-15 00:00:00+05:30,Vantimamidi,Vantimamidi,Green Onion,2.0,1000.0,1500.0,1250.0
2025-03-16 00:00:00+05:30,Gaddiannaram,Gaddiannaram,Grapes,394.0,3100.0,7500.0,5000.0
2025-03-16 00:00:00+05:30,Hyderabad,Madannapeta,French Beans,8.0,3000.0,4000.0,3500.0
2025-03-17 00:00:00+05:30,Gaddiannaram,Gaddiannaram,Grapes,723.0,3100.0,7500.0,5000.0
2025-03-17 00:00:00+05:30,Gaddiannaram,L.B Nagar,Green Chillies,239.0,3000.0,4000.0,3500.0
2025-03-16 00:00:00+05:30,Gudimalkapur,Gudumalkapur,Green Onion,8.0,2000.0,2500.0,2000.0
2025-03-16 00:00:00+05:30,Vantimamidi,Vantimamidi,Green Onion,15.0,1000.0,1500.0,1250.0
2025-03-17 00:00:00+05:30,Bowenpally,Bowenpally,Green Onion,18.0,1000.0,3000.0,2500.0
2025-03-17 00:00:00+05:30,Hyderabad,Mahabubmansion,Onions,7285.0,400.0,1500.0,1200.0
2025-03-17 00:00:00+05:30,Hyderabad,Madannapeta,French Beans,6.0,4000.0,5000.0,4500.0
2025-03-17 00:00:00+05:30,Vikarabad,Vikarabad,Tumeric,1414.0,7051.0,10051.0,8551.0
2025-03-17 00:00:00+05:30,Tandur,Tandur,Groundnut pods,17.0,6400.0,6400.0,6400.0
2025-03-17 00:00:00+05:30,Bhainsa,Bhainsa,Gingelly,13.62,9906.0,10311.0,9906.0
2025-03-17 00:00:00+05:30,Karimnagar,Karimnagar,Red Gram,4.0,6221.0,6325.0,6250.0
2025-03-17 00:00:00+05:30,Choppadandi,Choppadandi,Maize,1090.0,2160.0,2268.0,2184.0
2025-03-17 00:00:00+05:30,Nizamabad,Nizamabad,Jowar,4.0,1801.0,1801.0,1801.0
2025-03-17 00:00:00+05:30,Suryapet,Suryapet,Red Gram,385.0,4064.0,6882.0,6572.0
2025-03-17 00:00:00+05:30,Siddipet,Siddipet,Maize,439.0,2170.0,2257.0,2225.0
2025-03-17 00:00:00+05:30,Narayanpet,Narayanpet,Cowpea,26.95,6666.0,7129.0,7129.0
2025-03-18 00:00:00+05:30,Hyderabad,Madannapeta,French Beans,6.0,4000.0,5000.0,4500.0
2025-03-18 00:00:00+05:30,Hyderabad,Mahabubmansion,Onions,2852.0,300.0,1500.0,1200.0
2025-03-18 00:00:00+05:30,Bowenpally,Bowenpally,Green Onion,18.0,1000.0,3000.0,2500.0
2025-03-18 00:00:00+05:30,Gaddiannaram,Gaddiannaram,Grapes,498.0,3100.0,7500.0,5000.0
2025-03-18 00:00:00+05:30,Gaddiannaram,L.B Nagar,Green Chillies,252.0,3000.0,3500.0,3200.0
2025-03-17 00:00:00+05:30,Gudimalkapur,Gudumalkapur,Green Onion,8.0,2000.0,2500.0,2000.0
2025-03-17 00:00:00+05:30,Vantimamidi,Vantimamidi,Green Onion,5.0,600.0,1400.0,1000.0
2025-03-18 00:00:00+05:30,Suryapet,Suryapet,Red Gram,159.0,4244.0,7052.0,6543.0
2025-03-18 00:00:00+05:30,Tandur,Tandur,Groundnut pods,30.0,5535.0,6469.0,5535.0
2025-03-18 00:00:00+05:30,Bhainsa,Bhainsa,Gingelly,24.04,10181.0,10323.0,10323.0
2025-03-18 00:00:00+05:30,Siddipet,Siddipet,Maize,547.12,2171.0,2248.0,2201.0
2025-03-18 00:00:00+05:30,Jagtial,Jagtial,Green Gram,1.0,5559.0,5559.0,5559.0
2025-03-18 00:00:00+05:30,Choppadandi,Choppadandi,Maize,792.0,2160.0,2313.0,2205.0
2025-03-18 00:00:00+05:30,Narayanpet,Narayanpet,Cowpea,43.61,7073.0,7156.0,7109.0
2025-03-18 00:00:00+05:30,Gudimalkapur,Gudumalkapur,Green Onion,7.0,2000.0,2500.0,2000.0
2025-03-19 00:00:00+05:30,Gaddiannaram,Gaddiannaram,Grapes,584.0,3100.0,7500.0,5000.0
2025-03-18 00:00:00+05:30,Vantimamidi,Vantimamidi,Green Onion,7.0,1500.0,1500.0,1500.0
2025-03-19 00:00:00+05:30,Bowenpally,Bowenpally,Green Onion,13.0,1000.0,3000.0,2400.0
2025-03-19 00:00:00+05:30,Hyderabad,Madannapeta,French Beans,11.0,3500.0,5000.0,4500.0
2025-03-19 00:00:00+05:30,Gaddiannaram,L.B Nagar,Green Chillies,297.0,3000.0,3500.0,3200.0
2025-03-19 00:00:00+05:30,Hyderabad,Mahabubmansion,Onions,4186.0,400.0,1500.0,800.0
2025-03-19 00:00:00+05:30,Tandur,Tandur,Groundnut pods,26.0,4950.0,6255.0,6003.0
2025-03-19 00:00:00+05:30,Bhainsa,Bhainsa,Gingelly,13.44,9836.0,10288.0,10288.0
2025-03-19 00:00:00+05:30,Karimnagar,Karimnagar,Red Gram,5.0,6000.0,6559.0,6369.0
2025-03-19 00:00:00+05:30,Suryapet,Suryapet,Red Gram,193.0,4256.0,7083.0,6810.0
2025-03-20 00:00:00+05:30,Gaddiannaram,Gaddiannaram,Grapes,613.0,3100.0,7500.0,5000.0
2025-03-19 00:00:00+05:30,Vantimamidi,Vantimamidi,Green Onion,7.0,1400.0,1800.0,1600.0
2025-03-19 00:00:00+05:30,Gudimalkapur,Gudumalkapur,Green Onion,4.0,1000.0,1500.0,1000.0
2025-03-19 00:00:00+05:30,Choppadandi,Choppadandi,Maize,622.0,2174.0,2235.0,2216.0
2025-03-20 00:00:00+05:30,Bowenpally,Bowenpally,Green Onion,12.0,1000.0,3000.0,2400.0
2025-03-20 00:00:00+05:30,Hyderabad,Mahabubmansion,Onions,4006.0,400.0,1400.0,1000.0
2025-03-19 00:00:00+05:30,Narayanpet,Narayanpet,Cowpea,26.95,5109.0,7176.0,7176.0
2025-03-20 00:00:00+05:30,Gaddiannaram,L.B Nagar,Green Chillies,235.0,2500.0,3500.0,3000.0
2025-03-20 00:00:00+05:30,Hyderabad,Madannapeta,French Beans,4.0,4000.0,4000.0,4000.0
2025-03-20 00:00:00+05:30,Bhainsa,Bhainsa,Gingelly,1.21,9811.0,10123.0,9811.0
2025-03-20 00:00:00+05:30,Karimnagar,Karimnagar,Red Gram,11.0,6175.0,6606.0,6309.0
2025-03-20 00:00:00+05:30,Nizamabad,Nizamabad,Jowar,6.0,975.0,1135.0,1110.0
2025-03-20 00:00:00+05:30,Suryapet,Suryapet,Red Gram,331.0,5263.0,7083.0,6638.0
2025-03-20 00:00:00+05:30,Chevella,Chevella,Green Chillies,6.0,6000.0,6000.0,6000.0
2025-03-20 00:00:00+05:30,Tandur,Tandur,Groundnut pods,56.0,4550.0,6500.0,6400.0
2025-03-20 00:00:00+05:30,Choppadandi,Choppadandi,Maize,860.0,2066.0,2255.0,2229.0
2025-03-20 00:00:00+05:30,Siddipet,Siddipet,Maize,1173.42,2150.0,2249.0,2215.0
2025-03-20 00:00:00+05:30,Gudimalkapur,Gudumalkapur,Green Onion,10.0,1000.0,1500.0,1000.0
2025-03-20 00:00:00+05:30,Vantimamidi,Vantimamidi,Green Onion,6.0,1400.0,1800.0,1600.0
2025-03-21 00:00:00+05:30,Gaddiannaram,Gaddiannaram,Grapes,671.0,3100.0,7500.0,5000.0
2025-03-21 00:00:00+05:30,Gaddiannaram,L.B Nagar,Green Chillies,229.0,2000.0,3000.0,2500.0
2025-03-21 00:00:00+05:30,Hyderabad,Mahabubmansion,Onions,4869.0,400.0,1400.0,1200.0
2025-03-20 00:00:00+05:30,Narayanpet,Narayanpet,Cowpea,44.1,5212.0,7186.0,7186.0
2025-03-21 00:00:00+05:30,Hyderabad,Madannapeta,French Beans,4.0,3500.0,3500.0,3500.0
2025-03-21 00:00:00+05:30,Bowenpally,Bowenpally,Green Onion,21.0,1000.0,3000.0,2300.0
2025-03-21 00:00:00+05:30,Tandur,Tandur,Groundnut pods,23.0,5400.0,6400.0,6400.0
2025-03-21 00:00:00+05:30,Bhainsa,Bhainsa,Gingelly,10.04,10215.0,10258.0,10258.0
2025-03-21 00:00:00+05:30,Suryapet,Suryapet,Red Gram,171.0,4266.0,7043.0,6828.0
2025-03-21 00:00:00+05:30,Siddipet,Siddipet,Maize,473.51,2181.0,2245.0,2221.0
2025-03-21 00:00:00+05:30,Karimnagar,Karimnagar,Red Gram,1.0,6262.0,6500.0,6500.0
2025-03-21 00:00:00+05:30,Narayanpet,Narayanpet,Cowpea,44.1,7106.0,7219.0,7219.0
2025-03-21 00:00:00+05:30,Gudimalkapur,Gudumalkapur,Green Onion,5.0,1000.0,1500.0,1000.0
2025-03-22 00:00:00+05:30,Gaddiannaram,Gaddiannaram,Grapes,532.0,3100.0,7500.0,5000.0
2025-03-21 00:00:00+05:30,Vantimamidi,Vantimamidi,Green Onion,1.0,1500.0,1500.0,1500.0
2025-03-22 00:00:00+05:30,Bowenpally,Bowenpally,Green Onion,18.0,1000.0,2000.0,1600.0
2025-03-22 00:00:00+05:30,Hyderabad,Madannapeta,French Beans,6.0,3000.0,4000.0,3500.0
2025-03-22 00:00:00+05:30,Gaddiannaram,L.B Nagar,Green Chillies,230.0,2000.0,3000.0,2500.0
2025-03-22 00:00:00+05:30,Hyderabad,Mahabubmansion,Onions,6102.0,300.0,1500.0,1200.0
2025-03-22 00:00:00+05:30,Choppadandi,Choppadandi,Maize,144.0,1752.0,2183.0,2126.0
2025-03-22 00:00:00+05:30,Suryapet,Suryapet,Red Gram,116.0,5076.0,6872.0,6395.0
2025-03-22 00:00:00+05:30,Siddipet,Siddipet,Maize,474.1,2181.0,2241.0,2211.0
2025-03-22 00:00:00+05:30,Narayanpet,Narayanpet,Cowpea,24.99,7009.0,7229.0,7229.0
2025-03-23 00:00:00+05:30,Gaddiannaram,Gaddiannaram,Grapes,239.0,3100.0,7500.0,5000.0
2025-03-23 00:00:00+05:30,Gaddiannaram,L.B Nagar,Green Chillies,237.0,2000.0,3000.0,2500.0
2025-03-22 00:00:00+05:30,Gudimalkapur,Gudumalkapur,Green Onion,8.0,500.0,2000.0,1200.0
2025-03-22 00:00:00+05:30,Vantimamidi,Vantimamidi,Green Onion,2.0,1000.0,1400.0,1200.0
2025-03-23 00:00:00+05:30,Hyderabad,Madannapeta,French Beans,6.0,3000.0,3000.0,3000.0
2025-03-23 00:00:00+05:30,Bowenpally,Bowenpally,Green Onion,15.0,1000.0,3000.0,2200.0
2025-03-23 00:00:00+05:30,Gudimalkapur,Gudumalkapur,Green Onion,10.0,1500.0,2000.0,1500.0
2025-03-23 00:00:00+05:30,Vantimamidi,Vantimamidi,Green Onion,3.0,500.0,1500.0,1000.0
2025-03-24 00:00:00+05:30,Gaddiannaram,Gaddiannaram,Grapes,709.0,3100.0,7500.0,5000.0
2025-03-24 00:00:00+05:30,Gaddiannaram,L.B Nagar,Green Chillies,261.0,2000.0,3000.0,2500.0
2025-03-24 00:00:00+05:30,Bowenpally,Bowenpally,Green Onion,16.0,1000.0,3000.0,2500.0
2025-03-24 00:00:00+05:30,Hyderabad,Mahabubmansion,Onions,7077.0,300.0,1200.0,10000.0
2025-03-24 00:00:00+05:30,Hyderabad,Madannapeta,French Beans,4.0,3000.0,3500.0,3250.0
2025-03-24 00:00:00+05:30,Tandur,Tandur,Groundnut pods,15.0,5202.0,6075.0,6003.0
2025-03-24 00:00:00+05:30,Bhainsa,Bhainsa,Gingelly,10.99,10016.0,10114.0,10016.0
2025-03-24 00:00:00+05:30,Karimnagar,Karimnagar,Red Gram,2.0,6229.0,6275.0,6275.0
2025-03-24 00:00:00+05:30,Choppadandi,Choppadandi,Maize,146.0,2051.0,2211.0,2189.0
2025-03-24 00:00:00+05:30,Suryapet,Suryapet,Red Gram,151.0,4793.0,7034.0,6894.0
2025-03-24 00:00:00+05:30,Gudimalkapur,Gudumalkapur,Green Onion,4.0,1000.0,2000.0,1500.0
2025-03-24 00:00:00+05:30,Badepally,Badepally,Black Gram,11.0,7236.0,7286.0,7236.0
2025-03-24 00:00:00+05:30,Siddipet,Siddipet,Maize,401.17,2165.0,2235.0,2221.0
2025-03-25 00:00:00+05:30,Gaddiannaram,Gaddiannaram,Grapes,610.0,3100.0,7500.0,5000.0
2025-03-24 00:00:00+05:30,Vantimamidi,Vantimamidi,Green Onion,7.0,1000.0,1400.0,1200.0
2025-03-25 00:00:00+05:30,Bowenpally,Bowenpally,Green Onion,31.0,1000.0,2500.0,2000.0
2025-03-25 00:00:00+05:30,Tandur,Tandur,Groundnut pods,40.0,6003.0,6200.0,6200.0
2025-03-25 00:00:00+05:30,Suryapet,Suryapet,Red Gram,146.0,4166.0,6935.0,5659.0
2025-03-25 00:00:00+05:30,Nizamabad,Nizamabad,Jowar,5.0,1515.0,1515.0,1515.0
2025-03-25 00:00:00+05:30,Hyderabad,Mahabubmansion,Onions,4339.0,300.0,1400.0,1200.0
2025-03-24 00:00:00+05:30,Narayanpet,Narayanpet,Cowpea,90.65,5359.0,7229.0,7216.0
2025-03-25 00:00:00+05:30,Gaddiannaram,L.B Nagar,Green Chillies,259.0,2000.0,3000.0,2500.0
2025-03-25 00:00:00+05:30,Hyderabad,Madannapeta,French Beans,10.0,3000.0,4000.0,3500.0
2025-03-25 00:00:00+05:30,Bhainsa,Bhainsa,Gingelly,19.56,10052.0,10111.0,10111.0
2025-03-25 00:00:00+05:30,Karimnagar,Karimnagar,Red Gram,1.0,6001.0,6001.0,6001.0
2025-03-25 00:00:00+05:30,Choppadandi,Choppadandi,Maize,356.0,2155.0,2235.0,2205.0
2025-03-25 00:00:00+05:30,Badepally,Badepally,Black Gram,2.0,7260.0,7260.0,7260.0
2025-03-25 00:00:00+05:30,Gudimalkapur,Gudumalkapur,Green Onion,9.0,1600.0,2000.0,1800.0
2025-03-26 00:00:00+05:30,Gaddiannaram,Gaddiannaram,Grapes,501.0,3100.0,7500.0,5000.0
2025-03-26 00:00:00+05:30,Gaddiannaram,L.B Nagar,Green Chillies,195.0,2000.0,3000.0,2500.0
2025-03-26 00:00:00+05:30,Bowenpally,Bowenpally,Green Onion,28.0,1000.0,2500.0,2000.0
2025-03-26 00:00:00+05:30,Hyderabad,Madannapeta,French Beans,8.0,4000.0,4000.0,4000.0
2025-03-26 00:00:00+05:30,Hyderabad,Mahabubmansion,Onions,3476.0,300.0,1400.0,1200.0
2025-03-25 00:00:00+05:30,Siddipet,Siddipet,Maize,431.97,2186.0,2235.0,2222.0
2025-03-25 00:00:00+05:30,Narayanpet,Narayanpet,Cowpea,68.11,5325.0,7069.0,7059.0
2025-03-26 00:00:00+05:30,Bhainsa,Bhainsa,Gingelly,28.44,9813.0,10113.0,9973.0
2025-03-26 00:00:00+05:30,Choppadandi,Choppadandi,Maize,645.0,2112.0,2259.0,2247.0
2025-03-26 00:00:00+05:30,Suryapet,Suryapet,Red Gram,202.0,5094.0,6833.0,6462.0
2025-03-26 00:00:00+05:30,Badepally,Badepally,Black Gram,5.0,7286.0,7286.0,7286.0
2025-03-26 00:00:00+05:30,Siddipet,Siddipet,Maize,313.22,2156.0,2232.0,2191.0
2025-03-26 00:00:00+05:30,Narayanpet,Narayanpet,Cowpea,48.02,6621.0,7131.0,7131.0
2025-03-26 00:00:00+05:30,Vantimamidi,Vantimamidi,Green Onion,11.0,1000.0,2000.0,1500.0
2025-03-26 00:00:00+05:30,Gudimalkapur,Gudumalkapur,Green Onion,5.0,1000.0,1500.0,1000.0
2025-03-27 00:00:00+05:30,Bowenpally,Bowenpally,Green Onion,12.0,1000.0,2000.0,1800.0
2025-03-27 00:00:00+05:30,Gaddiannaram,Gaddiannaram,Grapes,460.0,3100.0,7500.0,5000.0
2025-03-27 00:00:00+05:30,Gaddiannaram,L.B Nagar,Green Chillies,167.0,2000.0,3000.0,2500.0
2025-03-27 00:00:00+05:30,Hyderabad,Mahabubmansion,Onions,4570.0,300.0,1400.0,1200.0
2025-03-27 00:00:00+05:30,Hyderabad,Madannapeta,French Beans,10.0,3000.0,3000.0,3000.0
2025-03-27 00:00:00+05:30,Siddipet,Siddipet,Maize,428.49,2151.0,2235.0,2201.0
2025-03-27 00:00:00+05:30,Karimnagar,Karimnagar,Red Gram,1.0,6216.0,6216.0,6216.0
2025-03-27 00:00:00+05:30,Choppadandi,Choppadandi,Maize,336.0,2156.0,2248.0,2222.0
2025-03-27 00:00:00+05:30,Nizamabad,Nizamabad,Jowar,1.0,855.0,855.0,855.0
2025-03-27 00:00:00+05:30,Chevella,Chevella,Green Chillies,5.0,6000.0,6000.0,6000.0
2025-03-27 00:00:00+05:30,Bhainsa,Bhainsa,Gingelly,10.33,9606.0,9989.0,9953.0
2025-03-28 00:00:00+05:30,Gaddiannaram,Gaddiannaram,Grapes,527.0,3100.0,7500.0,5000.0
2025-03-28 00:00:00+05:30,Gaddiannaram,L.B Nagar,Green Chillies,187.0,2000.0,3000.0,2500.0
2025-03-27 00:00:00+05:30,Gudimalkapur,Gudumalkapur,Green Onion,5.0,2000.0,2500.0,2000.0
2025-03-27 00:00:00+05:30,Vantimamidi,Vantimamidi,Green Onion,11.0,1500.0,1500.0,1500.0
2025-03-28 00:00:00+05:30,Hyderabad,Madannapeta,French Beans,7.0,3000.0,4000.0,3500.0
2025-03-27 00:00:00+05:30,Badepally,Badepally,Black Gram,2.0,7316.0,7316.0,7316.0
2025-03-27 00:00:00+05:30,Narayanpet,Narayanpet,Cowpea,27.44,7030.0,7080.0,7080.0
2025-03-28 00:00:00+05:30,Bowenpally,Bowenpally,Green Onion,29.0,600.0,2000.0,1600.0
2025-03-28 00:00:00+05:30,Karimnagar,Karimnagar,Red Gram,1.0,5455.0,6275.0,6275.0
2025-03-28 00:00:00+05:30,Suryapet,Suryapet,Red Gram,111.0,4293.0,7043.0,6392.0
2025-03-28 00:00:00+05:30,Bhainsa,Bhainsa,Gingelly,2.45,9606.0,9609.0,9606.0
2025-03-29 00:00:00+05:30,Gaddiannaram,Gaddiannaram,Grapes,682.0,3100.0,7500.0,5000.0
2025-03-28 00:00:00+05:30,Vantimamidi,Vantimamidi,Green Onion,3.0,500.0,1500.0,1000.0
2025-03-28 00:00:00+05:30,Siddipet,Siddipet,Maize,618.75,2165.0,2241.0,2195.0
2025-03-28 00:00:00+05:30,Gudimalkapur,Gudumalkapur,Green Onion,7.0,1000.0,2000.0,1500.0
2025-03-29 00:00:00+05:30,Hyderabad,Madannapeta,French Beans,6.0,3000.0,4000.0,3500.0
2025-03-29 00:00:00+05:30,Gaddiannaram,L.B Nagar,Green Chillies,263.0,2000.0,2500.0,2200.0
2025-03-29 00:00:00+05:30,Bowenpally,Bowenpally,Green Onion,31.0,1000.0,2000.0,1800.0
2025-03-29 00:00:00+05:30,Gudimalkapur,Gudumalkapur,Green Onion,3.0,1000.0,2000.0,1500.0
2025-03-28 00:00:00+05:30,Narayanpet,Narayanpet,Cowpea,19.6,6769.0,6851.0,6851.0
2025-03-30 00:00:00+05:30,Gaddiannaram,Gaddiannaram,Grapes,264.0,3100.0,7500.0,5000.0
2025-03-31 00:00:00+05:30,Bowenpally,Bowenpally,Green Onion,20.0,1500.0,2500.0,2200.0
2025-03-31 00:00:00+05:30,Hyderabad,Madannapeta,French Beans,2.0,3000.0,3000.0,3000.0
2025-03-30 00:00:00+05:30,Vantimamidi,Vantimamidi,Green Onion,3.0,1500.0,1500.0,1500.0
2025-03-31 00:00:00+05:30,Gaddiannaram,L.B Nagar,Green Chillies,154.0,2000.0,3000.0,2500.0
2025-03-31 00:00:00+05:30,Vantimamidi,Vantimamidi,Green Onion,5.0,1000.0,1800.0,1400.0
2025-03-24 00:00:00+05:30,Gaddiannaram,L.B Nagar,Tomato,611.0,300.0,400.0,350.0
2025-03-23 00:00:00+05:30,Chevella,Chevella,Tomato,87.0,1000.0,1000.0,1000.0
2025-03-24 00:00:00+05:30,Gaddiannaram,Gaddiannaram,Pomegrenates,1451.0,1000.0,16000.0,2500.0
2025-03-23 00:00:00+05:30,Vantimamidi,Vantimamidi,Brinjal,30.0,500.0,500.0,500.0
2025-03-23 00:00:00+05:30,Gudimalkapur,Gudumalkapur,Brinjal,282.0,300.0,1000.0,600.0
2025-03-23 00:00:00+05:30,Navabpet(MBNR),Navabpet,Tamarind Seed,38.0,3501.0,3512.0,3501.0
2025-03-23 00:00:00+05:30,Bowenpally,Bowenpally,Brinjal,200.0,800.0,1500.0,1300.0
2025-03-23 00:00:00+05:30,Hyderabad,Madannapeta,Cluster Beans,11.0,3000.0,4000.0,3500.0
2025-03-22 00:00:00+05:30,Vantimamidi,Vantimamidi,Brinjal,32.0,500.0,1000.0,750.0
2025-03-22 00:00:00+05:30,Gudimalkapur,Gudumalkapur,Brinjal,193.0,400.0,1000.0,600.0
2025-03-23 00:00:00+05:30,Gaddiannaram,L.B Nagar,Tomato,581.0,400.0,800.0,600.0
2025-03-23 00:00:00+05:30,Gaddiannaram,Gaddiannaram,Pomegrenates,264.0,1000.0,16000.0,2500.0
2025-03-22 00:00:00+05:30,Mahbubnagar,Mahaboobnagar,Tamarind,25.0,8120.0,11200.0,10511.0
2025-03-22 00:00:00+05:30,Suryapet,Suryapet,Green Gram,195.0,4572.0,7159.0,6947.0
2025-03-22 00:00:00+05:30,Chevella,Chevella,Tomato,77.0,1000.0,1000.0,1000.0
2025-03-22 00:00:00+05:30,Hyderabad,Mahabubmansion,Garlic,20.0,2500.0,6000.0,4000.0
2025-03-22 00:00:00+05:30,Thirumalagiri,Tirmalagiri,Maize,64.0,1989.0,2089.0,2089.0
2025-03-22 00:00:00+05:30,Gaddiannaram,L.B Nagar,Tomato,610.0,400.0,800.0,600.0
2025-03-22 00:00:00+05:30,Hyderabad,Madannapeta,Cluster Beans,6.0,4000.0,5000.0,4500.0
2025-03-22 00:00:00+05:30,Bowenpally,Bowenpally,Brinjal,450.0,500.0,1500.0,1200.0
2025-03-21 00:00:00+05:30,Vantimamidi,Vantimamidi,Brinjal,31.0,500.0,500.0,500.0
2025-03-22 00:00:00+05:30,Gaddiannaram,Gaddiannaram,Pomegrenates,1364.0,1000.0,16000.0,2500.0
2025-03-21 00:00:00+05:30,Gudimalkapur,Gudumalkapur,Brinjal,162.0,300.0,1000.0,500.0
2025-03-21 00:00:00+05:30,Mahbubnagar,Mahaboobnagar,Tamarind,2.0,9511.0,11200.0,11050.0
2025-03-21 00:00:00+05:30,Suryapet,Suryapet,Green Gram,94.0,5379.0,7439.0,6987.0
2025-03-21 00:00:00+05:30,Chevella,Chevella,Tomato,65.0,1000.0,1000.0,1000.0
2025-03-21 00:00:00+05:30,Thirumalagiri,Tirmalagiri,Maize,70.0,2069.0,2146.0,2131.0
2025-03-21 00:00:00+05:30,Bowenpally,Bowenpally,Brinjal,350.0,300.0,1500.0,1000.0
2025-03-21 00:00:00+05:30,Hyderabad,Madannapeta,Cluster Beans,8.0,2000.0,3000.0,2500.0
2025-03-21 00:00:00+05:30,Hyderabad,Mahabubmansion,Garlic,80.0,2500.0,6000.0,4000.0
2025-03-21 00:00:00+05:30,Gaddiannaram,L.B Nagar,Tomato,513.0,400.0,800.0,600.0
2025-03-21 00:00:00+05:30,Gaddiannaram,Gaddiannaram,Pomegrenates,1430.0,1000.0,16000.0,2500.0
2025-03-20 00:00:00+05:30,Vantimamidi,Vantimamidi,Brinjal,35.0,500.0,1000.0,750.0
2025-03-20 00:00:00+05:30,Gudimalkapur,Gudumalkapur,Brinjal,245.0,300.0,1000.0,500.0
2025-03-20 00:00:00+05:30,Mahbubnagar,Mahaboobnagar,Tamarind,3.0,9511.0,9689.0,9650.0
2025-03-20 00:00:00+05:30,Thirumalagiri,Tirmalagiri,Maize,105.0,2019.0,2143.0,2132.0
2025-03-20 00:00:00+05:30,Chevella,Chevella,Tomato,88.0,1000.0,1000.0,1000.0
2025-03-20 00:00:00+05:30,Suryapet,Suryapet,Green Gram,185.0,4752.0,7437.0,7164.0
2025-03-20 00:00:00+05:30,Hyderabad,Madannapeta,Cluster Beans,10.0,1500.0,1500.0,1500.0
2025-03-20 00:00:00+05:30,Warangal,Warangal,Bengal Gram,21.96,5312.0,5512.0,5312.0
2025-03-20 00:00:00+05:30,Gaddiannaram,L.B Nagar,Tomato,505.0,400.0,800.0,600.0
2025-03-20 00:00:00+05:30,Bowenpally,Bowenpally,Brinjal,500.0,500.0,1500.0,1200.0
2025-03-19 00:00:00+05:30,Gudimalkapur,Gudumalkapur,Brinjal,24.0,300.0,700.0,500.0
2025-03-19 00:00:00+05:30,Vantimamidi,Vantimamidi,Brinjal,64.0,500.0,1000.0,750.0
2025-03-20 00:00:00+05:30,Gaddiannaram,Gaddiannaram,Pomegrenates,872.0,1000.0,16000.0,2500.0
2025-03-19 00:00:00+05:30,Suryapet,Suryapet,Green Gram,125.0,3656.0,7362.0,6894.0
2025-03-19 00:00:00+05:30,Nizamabad,Nizamabad,Bengal Gram,3.0,5128.0,5128.0,5128.0
2025-03-19 00:00:00+05:30,Chevella,Chevella,Tomato,88.0,1000.0,1000.0,1000.0
2025-03-19 00:00:00+05:30,Thirumalagiri,Tirmalagiri,Maize,128.0,1889.0,2119.0,1909.0
2025-03-19 00:00:00+05:30,Hyderabad,Mahabubmansion,Garlic,85.0,2500.0,6000.0,9000.0
2025-03-19 00:00:00+05:30,Gaddiannaram,L.B Nagar,Tomato,564.0,400.0,800.0,600.0
2025-03-19 00:00:00+05:30,Hyderabad,Madannapeta,Cluster Beans,19.0,3000.0,3000.0,3000.0
2025-03-19 00:00:00+05:30,Bowenpally,Bowenpally,Brinjal,500.0,400.0,1500.0,1100.0
2025-03-18 00:00:00+05:30,Vantimamidi,Vantimamidi,Brinjal,44.0,500.0,500.0,500.0
2025-03-19 00:00:00+05:30,Gaddiannaram,Gaddiannaram,Pomegrenates,1179.0,1000.0,16000.0,2500.0
2025-03-18 00:00:00+05:30,Gudimalkapur,Gudumalkapur,Brinjal,269.0,300.0,1000.0,500.0
2025-03-18 00:00:00+05:30,Badepally,Badepally,Horse Gram,1.0,5059.0,5059.0,5059.0
2025-03-18 00:00:00+05:30,Chevella,Chevella,Tomato,74.0,1000.0,1000.0,1000.0
2025-03-18 00:00:00+05:30,Mahbubnagar,Mahaboobnagar,Tamarind,204.0,6690.0,15012.0,9690.0
2025-03-18 00:00:00+05:30,Thirumalagiri,Tirmalagiri,Maize,66.0,1789.0,2129.0,2129.0
2025-03-18 00:00:00+05:30,Suryapet,Suryapet,Green Gram,210.0,3548.0,7443.0,6462.0
2025-03-18 00:00:00+05:30,Warangal,Warangal,Bengal Gram,17.69,5222.0,5521.0,5521.0
2025-03-17 00:00:00+05:30,Vantimamidi,Vantimamidi,Brinjal,58.0,1000.0,1000.0,1000.0
2025-03-17 00:00:00+05:30,Gudimalkapur,Gudumalkapur,Brinjal,154.0,300.0,900.0,700.0
2025-03-18 00:00:00+05:30,Gaddiannaram,L.B Nagar,Tomato,455.0,400.0,800.0,600.0
2025-03-18 00:00:00+05:30,Gaddiannaram,Gaddiannaram,Pomegrenates,837.0,1000.0,16000.0,2500.0
2025-03-18 00:00:00+05:30,Bowenpally,Bowenpally,Brinjal,200.0,1000.0,1500.0,1300.0
2025-03-18 00:00:00+05:30,Hyderabad,Mahabubmansion,Garlic,60.0,2500.0,6000.0,4000.0
2025-03-18 00:00:00+05:30,Hyderabad,Madannapeta,Cluster Beans,8.0,3000.0,3500.0,3250.0
2025-03-17 00:00:00+05:30,Mahbubnagar,Mahaboobnagar,Tamarind,3.0,7199.0,10099.0,9199.0
2025-03-17 00:00:00+05:30,Suryapet,Suryapet,Green Gram,161.0,4095.0,7443.0,6987.0
2025-03-17 00:00:00+05:30,Jagtial,Jagtial,Black Gram,1.0,7000.0,7000.0,7000.0
2025-03-17 00:00:00+05:30,Chevella,Chevella,Tomato,99.0,1000.0,1000.0,1000.0
2025-03-17 00:00:00+05:30,Thirumalagiri,Tirmalagiri,Maize,41.0,2088.0,2118.0,2118.0
2025-03-17 00:00:00+05:30,Warangal,Warangal,Bengal Gram,13.92,5382.0,5501.0,5382.0
2025-03-17 00:00:00+05:30,Hyderabad,Madannapeta,Cluster Beans,8.0,3000.0,4000.0,3500.0
2025-03-17 00:00:00+05:30,Hyderabad,Mahabubmansion,Garlic,372.0,25000.0,7000.0,4000.0
2025-03-16 00:00:00+05:30,Navabpet(MBNR),Navabpet,Tamarind Seed,35.0,3570.0,3570.0,3570.0
2025-03-17 00:00:00+05:30,Bowenpally,Bowenpally,Brinjal,100.0,1000.0,1500.0,1300.0
2025-03-16 00:00:00+05:30,Vantimamidi,Vantimamidi,Brinjal,47.0,1000.0,1000.0,1000.0
2025-03-16 00:00:00+05:30,Gudimalkapur,Gudumalkapur,Brinjal,182.0,400.0,1000.0,600.0
2025-03-17 00:00:00+05:30,Gaddiannaram,L.B Nagar,Tomato,541.0,400.0,800.0,600.0
2025-03-17 00:00:00+05:30,Gaddiannaram,Gaddiannaram,Pomegrenates,935.0,1000.0,16000.0,2500.0
2025-03-16 00:00:00+05:30,Hyderabad,Madannapeta,Cluster Beans,3.0,3000.0,3000.0,3000.0
2025-03-16 00:00:00+05:30,Gaddiannaram,Gaddiannaram,Pomegrenates,134.0,1000.0,16000.0,2500.0
2025-03-16 00:00:00+05:30,Chevella,Chevella,Tomato,49.0,1000.0,1000.0,1000.0
2025-03-15 00:00:00+05:30,Vantimamidi,Vantimamidi,Brinjal,24.0,1000.0,1000.0,1000.0
2025-03-15 00:00:00+05:30,Gudimalkapur,Gudumalkapur,Brinjal,193.0,600.0,1500.0,800.0
2025-03-16 00:00:00+05:30,Gaddiannaram,L.B Nagar,Tomato,560.0,400.0,800.0,600.0
2025-03-15 00:00:00+05:30,Chevella,Chevella,Tomato,88.0,1000.0,1000.0,1000.0
2025-03-15 00:00:00+05:30,Suryapet,Suryapet,Green Gram,53.0,6323.0,7400.0,7369.0
2025-03-15 00:00:00+05:30,Mahbubnagar,Mahaboobnagar,Tamarind,57.0,8092.0,11800.0,8511.0
2025-03-15 00:00:00+05:30,Bowenpally,Bowenpally,Brinjal,100.0,500.0,1500.0,1200.0
2025-03-15 00:00:00+05:30,Thirumalagiri,Tirmalagiri,Maize,70.0,1969.0,2039.0,1989.0
2025-03-15 00:00:00+05:30,Gaddiannaram,L.B Nagar,Tomato,484.0,400.0,800.0,600.0
2025-03-15 00:00:00+05:30,Gaddiannaram,Gaddiannaram,Pomegrenates,1161.0,1000.0,16000.0,2500.0
2025-03-14 00:00:00+05:30,Vantimamidi,Vantimamidi,Brinjal,7.0,1000.0,1000.0,1000.0
2025-03-14 00:00:00+05:30,Chevella,Chevella,Tomato,66.0,1000.0,1000.0,1000.0
2025-03-14 00:00:00+05:30,Gudimalkapur,Gudumalkapur,Brinjal,87.0,300.0,700.0,500.0
2025-03-14 00:00:00+05:30,Bowenpally,Bowenpally,Brinjal,400.0,500.0,1500.0,1200.0
2025-03-13 00:00:00+05:30,Vantimamidi,Vantimamidi,Brinjal,24.0,500.0,1000.0,750.0
2025-03-13 00:00:00+05:30,Gudimalkapur,Gudumalkapur,Brinjal,213.0,600.0,1000.0,800.0
2025-03-14 00:00:00+05:30,Gaddiannaram,L.B Nagar,Tomato,312.0,400.0,800.0,600.0
2025-03-14 00:00:00+05:30,Gaddiannaram,Gaddiannaram,Pomegrenates,768.0,1000.0,16000.0,2500.0
2025-03-13 00:00:00+05:30,Thirumalagiri,Tirmalagiri,Maize,62.0,1839.0,1971.0,1971.0
2025-03-13 00:00:00+05:30,Chevella,Chevella,Tomato,102.0,1000.0,1000.0,1000.0
2025-03-13 00:00:00+05:30,Suryapet,Suryapet,Green Gram,19.0,6143.0,7344.0,6993.0
2025-03-13 00:00:00+05:30,Mahbubnagar,Mahaboobnagar,Tamarind,20.0,7017.0,11501.0,10511.0
2025-03-13 00:00:00+05:30,Bowenpally,Bowenpally,Brinjal,550.0,400.0,2000.0,1400.0
2025-03-13 00:00:00+05:30,Hyderabad,Madannapeta,Cluster Beans,17.0,3000.0,3500.0,3250.0
2025-03-13 00:00:00+05:30,Gaddiannaram,L.B Nagar,Tomato,590.0,400.0,800.0,600.0
2025-03-13 00:00:00+05:30,Gaddiannaram,Gaddiannaram,Pomegrenates,568.0,1000.0,16000.0,2500.0
2025-03-12 00:00:00+05:30,Vantimamidi,Vantimamidi,Brinjal,26.0,500.0,500.0,500.0
2025-03-12 00:00:00+05:30,Mahbubnagar,Mahaboobnagar,Tamarind,1.0,10811.0,11111.0,10811.0
2025-03-12 00:00:00+05:30,Gudimalkapur,Gudumalkapur,Brinjal,218.0,300.0,800.0,600.0
2025-03-12 00:00:00+05:30,Suryapet,Suryapet,Green Gram,117.0,4268.0,7373.0,6651.0
2025-03-12 00:00:00+05:30,Chevella,Chevella,Tomato,78.0,1000.0,1000.0,1000.0
2025-03-12 00:00:00+05:30,Hyderabad,Mahabubmansion,Garlic,67.0,2500.0,7000.0,4000.0
2025-03-12 00:00:00+05:30,Thirumalagiri,Tirmalagiri,Maize,54.0,1989.0,1989.0,1989.0
2025-03-12 00:00:00+05:30,Warangal,Warangal,Bengal Gram,22.93,5359.0,5583.0,5359.0
2025-03-11 00:00:00+05:30,Gudimalkapur,Gudumalkapur,Brinjal,214.0,400.0,1000.0,600.0
2025-03-11 00:00:00+05:30,Vantimamidi,Vantimamidi,Brinjal,53.0,500.0,1000.0,750.0
2025-03-12 00:00:00+05:30,Gaddiannaram,Gaddiannaram,Pomegrenates,1062.0,1000.0,16000.0,2500.0
2025-03-12 00:00:00+05:30,Gaddiannaram,L.B Nagar,Tomato,616.0,400.0,1000.0,700.0
2025-03-12 00:00:00+05:30,Bowenpally,Bowenpally,Brinjal,141.0,500.0,2000.0,1500.0
2025-03-11 00:00:00+05:30,Mahbubnagar,Mahaboobnagar,Tamarind,74.0,7013.0,15012.0,9680.0
2025-03-11 00:00:00+05:30,Suryapet,Suryapet,Green Gram,118.0,5552.0,7366.0,7092.0
2025-03-11 00:00:00+05:30,Chevella,Chevella,Tomato,86.0,1000.0,1000.0,1000.0
2025-03-11 00:00:00+05:30,Nizamabad,Nizamabad,Bengal Gram,19.0,4000.0,5411.0,5015.0
2025-03-11 00:00:00+05:30,Warangal,Warangal,Bengal Gram,21.77,5412.0,5592.0,5592.0
2025-03-11 00:00:00+05:30,Thirumalagiri,Tirmalagiri,Maize,49.0,1801.0,1801.0,1801.0
2025-03-11 00:00:00+05:30,Hyderabad,Mahabubmansion,Garlic,60.0,2500.0,7000.0,4000.0
2025-03-11 00:00:00+05:30,Gaddiannaram,L.B Nagar,Tomato,482.0,400.0,1000.0,700.0
2025-03-11 00:00:00+05:30,Bowenpally,Bowenpally,Brinjal,100.0,1000.0,2000.0,1600.0
2025-03-10 00:00:00+05:30,Gudimalkapur,Gudumalkapur,Brinjal,117.0,600.0,1200.0,800.0
2025-03-11 00:00:00+05:30,Gaddiannaram,Gaddiannaram,Pomegrenates,1141.0,1000.0,16000.0,2500.0
2025-03-10 00:00:00+05:30,Vantimamidi,Vantimamidi,Brinjal,32.0,500.0,1000.0,750.0
2025-03-10 00:00:00+05:30,Thirumalagiri,Tirmalagiri,Maize,84.0,2169.0,2219.0,2189.0
2025-03-10 00:00:00+05:30,Chevella,Chevella,Tomato,79.0,1000.0,1000.0,1000.0
2025-03-10 00:00:00+05:30,Suryapet,Suryapet,Green Gram,70.0,3479.0,7359.0,7259.0
2025-03-10 00:00:00+05:30,Mahbubnagar,Mahaboobnagar,Tamarind,40.0,7122.0,11009.0,11009.0
2025-03-10 00:00:00+05:30,Choppadandi,Choppadandi,Bengal Gram,2.0,7211.0,6003.0,7211.0
2025-03-10 00:00:00+05:30,Warangal,Warangal,Bengal Gram,23.89,5522.0,5583.0,5583.0
2025-03-10 00:00:00+05:30,Gaddiannaram,L.B Nagar,Tomato,355.0,400.0,1000.0,700.0
2025-03-10 00:00:00+05:30,Gaddiannaram,Gaddiannaram,Pomegrenates,1424.0,1000.0,16000.0,2500.0
2025-03-10 00:00:00+05:30,Bowenpally,Bowenpally,Brinjal,100.0,400.0,1500.0,1100.0
2025-03-09 00:00:00+05:30,Gudimalkapur,Gudumalkapur,Brinjal,240.0,600.0,1000.0,800.0
2025-03-09 00:00:00+05:30,Venkateshwar Nagar,V Nagar,Potato,5.0,20.0,20.0,20.0
2025-03-09 00:00:00+05:30,Chevella,Chevella,Tomato,88.0,1000.0,1000.0,1000.0
2025-03-09 00:00:00+05:30,Navabpet(MBNR),Navabpet,Tamarind Seed,25.0,3475.0,3525.0,3525.0
2025-03-09 00:00:00+05:30,Bowenpally,Bowenpally,Brinjal,450.0,400.0,1500.0,1100.0
2025-03-09 00:00:00+05:30,Gaddiannaram,L.B Nagar,Tomato,515.0,400.0,800.0,600.0
2025-03-09 00:00:00+05:30,Gaddiannaram,Gaddiannaram,Pomegrenates,2.0,1000.0,16000.0,2500.0
2025-03-08 00:00:00+05:30,Gudimalkapur,Gudumalkapur,Brinjal,218.0,600.0,1500.0,800.0
2025-03-08 00:00:00+05:30,Vantimamidi,Vantimamidi,Brinjal,33.0,500.0,1000.0,750.0
2025-03-08 00:00:00+05:30,Thirumalagiri,Tirmalagiri,Maize,22.0,2089.0,2089.0,2089.0
2025-03-08 00:00:00+05:30,Suryapet,Suryapet,Green Gram,37.0,6197.0,7434.0,6422.0
2025-03-08 00:00:00+05:30,Choppadandi,Choppadandi,Bengal Gram,5.0,6203.0,6203.0,6203.0
2025-03-08 00:00:00+05:30,Chevella,Chevella,Tomato,89.0,1000.0,1000.0,1000.0
2025-03-08 00:00:00+05:30,Hyderabad,Madannapeta,Cluster Beans,8.0,3000.0,3000.0,3000.0
2025-03-07 00:00:00+05:30,Vantimamidi,Vantimamidi,Brinjal,25.0,500.0,1000.0,750.0
2025-03-07 00:00:00+05:30,Gudimalkapur,Gudumalkapur,Brinjal,146.0,600.0,1500.0,800.0
2025-03-08 00:00:00+05:30,Gaddiannaram,L.B Nagar,Tomato,572.0,400.0,800.0,600.0
2025-03-08 00:00:00+05:30,Gaddiannaram,Gaddiannaram,Pomegrenates,1181.0,1000.0,16000.0,2500.0
2025-03-08 00:00:00+05:30,Bowenpally,Bowenpally,Brinjal,100.0,500.0,1500.0,1200.0
2025-03-07 00:00:00+05:30,Chevella,Chevella,Tomato,78.0,1000.0,1000.0,1000.0
2025-03-07 00:00:00+05:30,Warangal,Warangal,Bengal Gram,4.96,5785.0,5785.0,5785.0
2025-03-07 00:00:00+05:30,Bowenpally,Bowenpally,Brinjal,400.0,500.0,1500.0,1200.0
2025-03-07 00:00:00+05:30,Hyderabad,Mahabubmansion,Garlic,40.0,2500.0,7000.0,4000.0
2025-03-07 00:00:00+05:30,Hyderabad,Madannapeta,Cluster Beans,15.0,2500.0,3000.0,2750.0
2025-03-06 00:00:00+05:30,Badepally,Badepally,Horse Gram,1.0,5500.0,5500.0,5500.0
2025-03-06 00:00:00+05:30,Vantimamidi,Vantimamidi,Brinjal,37.0,500.0,1000.0,750.0
2025-03-07 00:00:00+05:30,Gaddiannaram,L.B Nagar,Tomato,500.0,400.0,800.0,600.0
2025-03-07 00:00:00+05:30,Gaddiannaram,Gaddiannaram,Pomegrenates,1040.0,1000.0,16000.0,2500.0
2025-03-06 00:00:00+05:30,Gudimalkapur,Gudumalkapur,Brinjal,202.0,300.0,1000.0,500.0
2025-03-06 00:00:00+05:30,Choppadandi,Choppadandi,Bengal Gram,2.0,5555.0,5555.0,5555.0
2025-03-06 00:00:00+05:30,Mahbubnagar,Mahaboobnagar,Tamarind,2.0,9011.0,9011.0,9011.0
2025-03-06 00:00:00+05:30,Suryapet,Suryapet,Green Gram,18.0,6228.0,6831.0,6712.0
2025-03-06 00:00:00+05:30,Chevella,Chevella,Tomato,120.0,1000.0,1000.0,1000.0
2025-03-06 00:00:00+05:30,Hyderabad,Madannapeta,Cluster Beans,13.0,3000.0,3000.0,3000.0
2025-03-06 00:00:00+05:30,Thirumalagiri,Tirmalagiri,Maize,31.0,2189.0,2219.0,2219.0
2025-03-06 00:00:00+05:30,Gaddiannaram,L.B Nagar,Tomato,460.0,400.0,800.0,600.0
2025-03-06 00:00:00+05:30,Hyderabad,Mahabubmansion,Garlic,123.0,2500.0,7000.0,4000.0
2025-03-06 00:00:00+05:30,Bowenpally,Bowenpally,Brinjal,100.0,1000.0,1500.0,1300.0
2025-03-05 00:00:00+05:30,Vantimamidi,Vantimamidi,Brinjal,29.0,500.0,500.0,500.0
2025-03-06 00:00:00+05:30,Gaddiannaram,Gaddiannaram,Pomegrenates,688.0,1000.0,16000.0,2500.0
2025-03-05 00:00:00+05:30,Gudimalkapur,Gudumalkapur,Brinjal,228.0,500.0,100.0,800.0
2025-03-05 00:00:00+05:30,Suryapet,Suryapet,Green Gram,55.0,6134.0,7409.0,7213.0
2025-03-05 00:00:00+05:30,Mahbubnagar,Mahaboobnagar,Tamarind,3.0,8311.0,8311.0,8311.0
2025-03-05 00:00:00+05:30,Chevella,Chevella,Tomato,98.0,1000.0,1000.0,1000.0
2025-03-05 00:00:00+05:30,Thirumalagiri,Tirmalagiri,Maize,1.0,2209.0,2209.0,2209.0
2025-03-05 00:00:00+05:30,Warangal,Warangal,Bengal Gram,22.45,5259.0,5702.0,5702.0
2025-03-05 00:00:00+05:30,Hyderabad,Madannapeta,Cluster Beans,10.0,3500.0,3500.0,3500.0
2025-03-04 00:00:00+05:30,Badepally,Badepally,Horse Gram,1.0,5610.0,5610.0,5610.0
2025-03-05 00:00:00+05:30,Bowenpally,Bowenpally,Brinjal,500.0,500.0,1500.0,1200.0
2025-03-05 00:00:00+05:30,Gaddiannaram,L.B Nagar,Tomato,575.0,400.0,800.0,600.0
2025-03-05 00:00:00+05:30,Gaddiannaram,Gaddiannaram,Pomegrenates,1321.0,1000.0,16000.0,2500.0
2025-03-04 00:00:00+05:30,Vantimamidi,Vantimamidi,Brinjal,44.0,500.0,500.0,500.0
2025-03-04 00:00:00+05:30,Mahbubnagar,Mahaboobnagar,Tamarind,86.0,5590.0,11590.0,8270.0
2025-03-04 00:00:00+05:30,Gudimalkapur,Gudumalkapur,Brinjal,169.0,300.0,1000.0,400.0
2025-03-04 00:00:00+05:30,Chevella,Chevella,Tomato,88.0,1000.0,1000.0,1000.0
2025-03-04 00:00:00+05:30,Suryapet,Suryapet,Green Gram,50.0,6071.0,7359.0,6336.0
2025-03-04 00:00:00+05:30,Warangal,Warangal,Bengal Gram,45.05,5569.0,5706.0,5683.0
2025-03-04 00:00:00+05:30,Bowenpally,Bowenpally,Brinjal,427.0,400.0,1500.0,1100.0
2025-03-04 00:00:00+05:30,Hyderabad,Madannapeta,Cluster Beans,10.0,3000.0,3000.0,3000.0
2025-03-04 00:00:00+05:30,Hyderabad,Mahabubmansion,Garlic,151.0,2500.0,7000.0,4000.0
2025-03-03 00:00:00+05:30,Gudimalkapur,Gudumalkapur,Brinjal,151.0,600.0,1000.0,800.0
2025-03-03 00:00:00+05:30,Vantimamidi,Vantimamidi,Brinjal,64.0,500.0,500.0,500.0
2025-03-04 00:00:00+05:30,Gaddiannaram,L.B Nagar,Tomato,472.0,400.0,800.0,600.0
2025-03-04 00:00:00+05:30,Gaddiannaram,Gaddiannaram,Pomegrenates,926.0,1000.0,18000.0,2500.0
2025-03-03 00:00:00+05:30,Chevella,Chevella,Tomato,86.0,1000.0,1000.0,1000.0
2025-03-03 00:00:00+05:30,Suryapet,Suryapet,Green Gram,75.0,5088.0,7659.0,6872.0
2025-03-03 00:00:00+05:30,Mahbubnagar,Mahaboobnagar,Tamarind,1.0,9011.0,10511.0,9011.0
2025-03-03 00:00:00+05:30,Thirumalagiri,Tirmalagiri,Maize,124.0,1890.0,2232.0,2222.0
2025-03-03 00:00:00+05:30,Hyderabad,Madannapeta,Cluster Beans,5.0,3000.0,3000.0,3000.0
2025-03-03 00:00:00+05:30,Warangal,Warangal,Bengal Gram,25.15,5663.0,5821.0,5663.0
2025-03-03 00:00:00+05:30,Bowenpally,Bowenpally,Brinjal,400.0,500.0,1500.0,1200.0
2025-03-03 00:00:00+05:30,Gaddiannaram,L.B Nagar,Tomato,430.0,400.0,800.0,600.0
2025-03-02 00:00:00+05:30,Navabpet(MBNR),Navabpet,Tamarind Seed,10.0,2955.0,2955.0,2955.0
2025-03-02 00:00:00+05:30,Gudimalkapur,Gudumalkapur,Brinjal,300.0,300.0,700.0,400.0
2025-03-02 00:00:00+05:30,Vantimamidi,Vantimamidi,Brinjal,35.0,500.0,1000.0,750.0
2025-03-03 00:00:00+05:30,Gaddiannaram,Gaddiannaram,Pomegrenates,1815.0,1000.0,18000.0,2500.0
2025-03-02 00:00:00+05:30,Gaddiannaram,Gaddiannaram,Pomegrenates,449.0,1000.0,14500.0,3000.0
2025-03-02 00:00:00+05:30,Chevella,Chevella,Tomato,77.0,1000.0,1000.0,1000.0
2025-03-01 00:00:00+05:30,Vantimamidi,Vantimamidi,Brinjal,38.0,500.0,1000.0,750.0
2025-03-02 00:00:00+05:30,Gaddiannaram,L.B Nagar,Tomato,578.0,400.0,800.0,600.0
2025-03-02 00:00:00+05:30,Bowenpally,Bowenpally,Brinjal,200.0,600.0,1500.0,1200.0
2025-03-01 00:00:00+05:30,Gudimalkapur,Gudumalkapur,Brinjal,245.0,300.0,900.0,500.0
2025-03-01 00:00:00+05:30,Chevella,Chevella,Tomato,84.0,1000.0,1000.0,1000.0
2025-03-01 00:00:00+05:30,Suryapet,Suryapet,Green Gram,19.0,3393.0,7592.0,6468.0
2025-03-01 00:00:00+05:30,Hyderabad,Madannapeta,Cluster Beans,8.0,3000.0,3000.0,3000.0
2025-03-01 00:00:00+05:30,Gaddiannaram,L.B Nagar,Tomato,630.0,400.0,800.0,600.0
2025-03-01 00:00:00+05:30,Gaddiannaram,Gaddiannaram,Pomegrenates,1182.0,1000.0,14500.0,3000.0
2025-03-01 00:00:00+05:30,Bowenpally,Bowenpally,Brinjal,600.0,400.0,1500.0,1200.0
2025-03-31 00:00:00+05:30,Vantimamidi,Vantimamidi,Brinjal,39.0,1000.0,1000.0,1000.0
2025-03-30 00:00:00+05:30,Chevella,Chevella,Tomato,88.0,1000.0,1000.0,1000.0
2025-03-31 00:00:00+05:30,Gaddiannaram,L.B Nagar,Tomato,212.0,400.0,800.0,600.0
2025-03-30 00:00:00+05:30,Vantimamidi,Vantimamidi,Brinjal,8.0,500.0,1000.0,750.0
2025-03-31 00:00:00+05:30,Chevella,Chevella,Tomato,76.0,1000.0,1000.0,1000.0
2025-03-31 00:00:00+05:30,Gudimalkapur,Gudumalkapur,Brinjal,52.0,800.0,1200.0,1000.0
2025-03-31 00:00:00+05:30,Bowenpally,Bowenpally,Brinjal,195.0,700.0,2000.0,1600.0
2025-03-29 00:00:00+05:30,Gudimalkapur,Gudumalkapur,Brinjal,162.0,400.0,1000.0,600.0
2025-03-28 00:00:00+05:30,Kollapur,Kollapur,Groundnut pods,90.0,4440.0,4440.0,4440.0
2025-03-29 00:00:00+05:30,Chevella,Chevella,Tomato,79.0,1000.0,1000.0,1000.0
2025-03-29 00:00:00+05:30,Bowenpally,Bowenpally,Brinjal,600.0,400.0,1500.0,1200.0
2025-03-29 00:00:00+05:30,Gaddiannaram,L.B Nagar,Tomato,601.0,300.0,500.0,400.0
2025-03-29 00:00:00+05:30,Hyderabad,Madannapeta,Cluster Beans,10.0,3000.0,3000.0,3000.0
2025-03-28 00:00:00+05:30,Gudimalkapur,Gudumalkapur,Brinjal,222.0,300.0,500.0,400.0
2025-03-28 00:00:00+05:30,Mahbubnagar,Mahaboobnagar,Tamarind,4.0,7950.0,9612.0,7950.0
2025-03-28 00:00:00+05:30,Vantimamidi,Vantimamidi,Brinjal,34.0,500.0,500.0,500.0
2025-03-29 00:00:00+05:30,Gaddiannaram,Gaddiannaram,Pomegrenates,423.0,1000.0,16000.0,2500.0
2025-03-28 00:00:00+05:30,Thirumalagiri,Tirmalagiri,Maize,229.0,1909.0,2161.0,2143.0
2025-03-28 00:00:00+05:30,Chevella,Chevella,Tomato,69.0,1000.0,1000.0,1000.0
2025-03-28 00:00:00+05:30,Suryapet,Suryapet,Green Gram,152.0,5059.0,7142.0,6492.0
2025-03-28 00:00:00+05:30,Bowenpally,Bowenpally,Brinjal,500.0,500.0,1500.0,1200.0
2025-03-28 00:00:00+05:30,Hyderabad,Madannapeta,Cluster Beans,14.0,2500.0,3000.0,2750.0
2025-03-27 00:00:00+05:30,Vantimamidi,Vantimamidi,Brinjal,30.0,1000.0,1000.0,1000.0
2025-03-27 00:00:00+05:30,Gudimalkapur,Gudumalkapur,Brinjal,206.0,400.0,1000.0,600.0
2025-03-28 00:00:00+05:30,Gaddiannaram,L.B Nagar,Tomato,531.0,200.0,300.0,250.0
2025-03-28 00:00:00+05:30,Gaddiannaram,Gaddiannaram,Pomegrenates,1264.0,1000.0,16000.0,2500.0
2025-03-27 00:00:00+05:30,Thirumalagiri,Tirmalagiri,Maize,271.0,2009.0,2156.0,2146.0
2025-03-27 00:00:00+05:30,Chevella,Chevella,Tomato,65.0,1000.0,1000.0,1000.0
2025-03-27 00:00:00+05:30,Mahbubnagar,Mahaboobnagar,Tamarind,22.0,5466.0,10090.0,6690.0
2025-03-27 00:00:00+05:30,Hyderabad,Madannapeta,Cluster Beans,6.0,3000.0,3000.0,3000.0
2025-03-27 00:00:00+05:30,Warangal,Warangal,Bengal Gram,22.19,4552.0,5658.0,5658.0
2025-03-27 00:00:00+05:30,Gaddiannaram,L.B Nagar,Tomato,490.0,200.0,300.0,250.0
2025-03-27 00:00:00+05:30,Gaddiannaram,Gaddiannaram,Pomegrenates,306.0,1000.0,16000.0,2500.0
2025-03-27 00:00:00+05:30,Bowenpally,Bowenpally,Brinjal,350.0,400.0,1500.0,1200.0
2025-03-26 00:00:00+05:30,Gudimalkapur,Gudumalkapur,Brinjal,195.0,300.0,700.0,400.0
2025-03-26 00:00:00+05:30,Vantimamidi,Vantimamidi,Brinjal,25.0,500.0,800.0,650.0
2025-03-26 00:00:00+05:30,Mahbubnagar,Mahaboobnagar,Tamarind,10.0,6551.0,9720.0,7080.0
2025-03-26 00:00:00+05:30,Suryapet,Suryapet,Green Gram,211.0,4892.0,7212.0,6849.0
2025-03-26 00:00:00+05:30,Thirumalagiri,Tirmalagiri,Maize,380.0,1909.0,2153.0,2109.0
2025-03-26 00:00:00+05:30,Chevella,Chevella,Tomato,59.0,1000.0,1000.0,1000.0
2025-03-26 00:00:00+05:30,Hyderabad,Madannapeta,Cluster Beans,10.0,3000.0,3000.0,3000.0
2025-03-26 00:00:00+05:30,Warangal,Warangal,Bengal Gram,4.64,5352.0,5421.0,5352.0
2025-03-26 00:00:00+05:30,Bowenpally,Bowenpally,Brinjal,450.0,500.0,2000.0,1600.0
2025-03-26 00:00:00+05:30,Gaddiannaram,L.B Nagar,Tomato,533.0,300.0,400.0,350.0
2025-03-26 00:00:00+05:30,Gaddiannaram,Gaddiannaram,Pomegrenates,1008.0,1000.0,16000.0,2500.0
2025-03-25 00:00:00+05:30,Gudimalkapur,Gudumalkapur,Brinjal,226.0,300.0,500.0,400.0
2025-03-25 00:00:00+05:30,Vantimamidi,Vantimamidi,Brinjal,37.0,1000.0,1000.0,1000.0
2025-03-25 00:00:00+05:30,Badepally,Badepally,Horse Gram,1.0,3550.0,3550.0,3550.0
2025-03-25 00:00:00+05:30,Mahbubnagar,Mahaboobnagar,Tamarind,138.0,4212.0,11812.0,8890.0
2025-03-25 00:00:00+05:30,Chevella,Chevella,Tomato,89.0,1000.0,1000.0,1000.0
2025-03-25 00:00:00+05:30,Hyderabad,Madannapeta,Cluster Beans,3.0,2500.0,2500.0,2500.0
2025-03-25 00:00:00+05:30,Gaddiannaram,L.B Nagar,Tomato,678.0,300.0,400.0,350.0
2025-03-25 00:00:00+05:30,Suryapet,Suryapet,Green Gram,343.0,4692.0,7173.0,6836.0
2025-03-25 00:00:00+05:30,Thirumalagiri,Tirmalagiri,Maize,108.0,2116.0,2134.0,2119.0
2025-03-25 00:00:00+05:30,Warangal,Warangal,Bengal Gram,37.93,4659.0,5602.0,4659.0
2025-03-25 00:00:00+05:30,Bowenpally,Bowenpally,Brinjal,450.0,500.0,1500.0,1200.0
2025-03-24 00:00:00+05:30,Vantimamidi,Vantimamidi,Brinjal,32.0,500.0,1000.0,750.0
2025-03-25 00:00:00+05:30,Gaddiannaram,Gaddiannaram,Pomegrenates,991.0,1000.0,16000.0,2500.0
2025-03-24 00:00:00+05:30,Gudimalkapur,Gudumalkapur,Brinjal,193.0,300.0,700.0,500.0
2025-03-24 00:00:00+05:30,Suryapet,Suryapet,Green Gram,279.0,4592.0,7213.0,6974.0
2025-03-24 00:00:00+05:30,Mahbubnagar,Mahaboobnagar,Tamarind,1.0,9692.0,9692.0,9692.0
2025-03-24 00:00:00+05:30,Thirumalagiri,Tirmalagiri,Maize,246.0,1810.0,2059.0,1869.0
2025-03-24 00:00:00+05:30,Chevella,Chevella,Tomato,87.0,1000.0,1000.0,1000.0
2025-03-24 00:00:00+05:30,Warangal,Warangal,Bengal Gram,25.03,5252.0,5566.0,5533.0
2025-03-24 00:00:00+05:30,Hyderabad,Madannapeta,Cluster Beans,2.0,4000.0,4000.0,4000.0
2025-03-24 00:00:00+05:30,Bowenpally,Bowenpally,Brinjal,500.0,500.0,1500.0,1200.0
2025-03-01 00:00:00+05:30,Bowenpally,Bowenpally,Brinjal,600.0,400.0,1500.0,1200.0
2025-03-01 00:00:00+05:30,Gaddiannaram,Gaddiannaram,Sapota,1074.0,800.0,2200.0,1200.0
2025-03-01 00:00:00+05:30,Gaddiannaram,L.B Nagar,French Beans,10.0,2500.0,3000.0,2700.0
2025-03-01 00:00:00+05:30,Hyderabad,Madannapeta,Field Beans,4.0,3000.0,4000.0,3500.0
2025-03-01 00:00:00+05:30,Hyderabad,Mahabubmansion,Tumeric,46.0,12000.0,17000.0,14000.0
2025-03-01 00:00:00+05:30,Suryapet,Suryapet,Black Gram,3.0,6048.0,6048.0,6048.0
2025-03-01 00:00:00+05:30,Choppadandi,Choppadandi,Red Gram,44.0,5670.0,7162.0,7052.0
2025-03-01 00:00:00+05:30,Badepally,Badepally,Cowpea,3.0,3001.0,5810.0,5521.0
2025-03-01 00:00:00+05:30,Narayanpet,Narayanpet,Groundnut pods,104.7,3920.0,6160.0,4770.0
2025-03-01 00:00:00+05:30,Gudimalkapur,Gudumalkapur,Ladys Finger,347.0,1500.0,3500.0,2100.0
2025-03-02 00:00:00+05:30,Bowenpally,Bowenpally,Brinjal,1300.0,400.0,1500.0,1100.0
2025-03-02 00:00:00+05:30,Gaddiannaram,L.B Nagar,French Beans,16.0,2500.0,3000.0,2700.0
2025-03-01 00:00:00+05:30,Vantimamidi,Vantimamidi,Ladys Finger,11.0,1000.0,2000.0,1500.0
2025-03-02 00:00:00+05:30,Shadnagar,Shadnagar,Cabbage,25.0,2000.0,2600.0,2300.0
2025-03-02 00:00:00+05:30,Gaddiannaram,Gaddiannaram,Sapota,142.0,800.0,1600.0,1000.0
2025-03-02 00:00:00+05:30,Hyderabad,Madannapeta,Field Beans,4.0,3000.0,4000.0,3500.0
2025-03-03 00:00:00+05:30,Gaddiannaram,Gaddiannaram,Sapota,917.0,800.0,2000.0,1200.0
2025-03-02 00:00:00+05:30,Vantimamidi,Vantimamidi,Ladys Finger,9.0,1000.0,2500.0,1750.0
2025-03-02 00:00:00+05:30,Gudimalkapur,Gudumalkapur,Ladys Finger,481.0,1200.0,3500.0,2000.0
2025-03-02 00:00:00+05:30,Navabpet(MBNR),Navabpet,Tamarind,27.0,6090.0,10702.0,9290.0
2025-03-03 00:00:00+05:30,Hyderabad,Mahabubmansion,Tumeric,81.0,14000.0,17000.0,15000.0
2025-03-03 00:00:00+05:30,Gaddiannaram,L.B Nagar,French Beans,25.0,2500.0,3000.0,2700.0
2025-03-03 00:00:00+05:30,Bowenpally,Bowenpally,Brinjal,400.0,500.0,1500.0,1200.0
2025-03-03 00:00:00+05:30,Warangal,Warangal,Red Gram,95.31,5522.0,7060.0,6822.0
2025-03-03 00:00:00+05:30,Shadnagar,Shadnagar,Cabbage,25.0,2000.0,2800.0,2500.0
2025-03-03 00:00:00+05:30,Jangoan,Jangaon,Groundnut pods,21.6,4355.0,6351.0,5301.0
2025-03-03 00:00:00+05:30,Choppadandi,Choppadandi,Red Gram,48.0,5805.0,7158.0,6903.0
2025-03-03 00:00:00+05:30,Nizamabad,Nizamabad,Red Gram,30.0,6026.0,6489.0,6428.0
2025-03-03 00:00:00+05:30,Khammam,Khammam,Chillies(Dry),32742.0,5500.0,14100.0,13800.0
2025-03-04 00:00:00+05:30,Gaddiannaram,Gaddiannaram,Sapota,1223.0,800.0,2000.0,1400.0
2025-03-04 00:00:00+05:30,Gaddiannaram,L.B Nagar,French Beans,19.0,2500.0,3500.0,3000.0
2025-03-03 00:00:00+05:30,Vantimamidi,Vantimamidi,Ladys Finger,9.0,1500.0,2500.0,2000.0
2025-03-03 00:00:00+05:30,Gudimalkapur,Gudumalkapur,Ladys Finger,283.0,1500.0,3500.0,2500.0
2025-03-03 00:00:00+05:30,Narayanpet,Narayanpet,Groundnut pods,74.1,3900.0,6080.0,5080.0
2025-03-04 00:00:00+05:30,Hyderabad,Madannapeta,Field Beans,6.0,2800.0,3000.0,2900.0
2025-03-04 00:00:00+05:30,Bowenpally,Bowenpally,Brinjal,428.0,400.0,1500.0,1100.0
2025-03-04 00:00:00+05:30,Warangal,Warangal,Red Gram,86.21,4469.0,6889.0,6789.0
2025-03-04 00:00:00+05:30,Khammam,Khammam,Chillies(Dry),23594.0,6000.0,14000.0,13700.0
2025-03-04 00:00:00+05:30,Suryapet,Suryapet,Black Gram,4.0,4059.0,6759.0,6759.0
2025-03-04 00:00:00+05:30,Nizamabad,Nizamabad,Red Gram,28.0,6189.0,6436.0,6409.0
2025-03-04 00:00:00+05:30,Jangoan,Jangaon,Groundnut pods,16.2,5111.0,7000.0,6311.0
2025-03-04 00:00:00+05:30,Gudimalkapur,Gudumalkapur,Ladys Finger,461.0,1200.0,2500.0,1700.0
2025-03-04 00:00:00+05:30,Shadnagar,Shadnagar,Cabbage,25.0,1800.0,2600.0,2000.0
2025-03-04 00:00:00+05:30,Vantimamidi,Vantimamidi,Ladys Finger,6.0,1000.0,3000.0,2000.0
2025-03-05 00:00:00+05:30,Gaddiannaram,Gaddiannaram,Sapota,890.0,800.0,2200.0,1300.0
2025-03-05 00:00:00+05:30,Gaddiannaram,L.B Nagar,French Beans,17.0,3000.0,4000.0,2500.0
2025-03-05 00:00:00+05:30,Bowenpally,Bowenpally,Brinjal,500.0,500.0,1800.0,1400.0
2025-03-04 00:00:00+05:30,Narayanpet,Narayanpet,Groundnut pods,84.6,4930.0,6120.0,5540.0
2025-03-05 00:00:00+05:30,Hyderabad,Madannapeta,Field Beans,6.0,3500.0,4000.0,3750.0
2025-03-05 00:00:00+05:30,Warangal,Warangal,Red Gram,149.93,3122.0,6840.0,6985.0
2025-03-05 00:00:00+05:30,Nizamabad,Nizamabad,Red Gram,18.0,6059.0,6621.0,6359.0
2025-03-05 00:00:00+05:30,Khammam,Khammam,Chillies(Dry),28683.0,11000.0,14100.0,13700.0
2025-03-05 00:00:00+05:30,Jangoan,Jangaon,Groundnut pods,19.8,5401.0,6899.0,6351.0
2025-03-05 00:00:00+05:30,Suryapet,Suryapet,Black Gram,1.0,6593.0,6593.0,6593.0
2025-03-05 00:00:00+05:30,Choppadandi,Choppadandi,Red Gram,52.0,6411.0,7116.0,6951.0
2025-03-05 00:00:00+05:30,Gudimalkapur,Gudumalkapur,Ladys Finger,338.0,2000.0,3500.0,2500.0
2025-03-05 00:00:00+05:30,Badepally,Badepally,Cowpea,2.0,6910.0,6910.0,6910.0
2025-03-05 00:00:00+05:30,Shadnagar,Shadnagar,Cabbage,18.0,2000.0,2600.0,2300.0
2025-03-06 00:00:00+05:30,Gaddiannaram,Gaddiannaram,Sapota,476.0,800.0,2200.0,1300.0
2025-03-05 00:00:00+05:30,Vantimamidi,Vantimamidi,Ladys Finger,23.0,1000.0,3000.0,2000.0
2025-03-06 00:00:00+05:30,Bowenpally,Bowenpally,Brinjal,900.0,500.0,1500.0,1200.0
2025-03-06 00:00:00+05:30,Hyderabad,Mahabubmansion,Tumeric,30.0,14000.0,17000.0,15000.0
2025-03-05 00:00:00+05:30,Narayanpet,Narayanpet,Groundnut pods,68.1,4340.0,6131.0,5989.0
2025-03-06 00:00:00+05:30,Gaddiannaram,L.B Nagar,French Beans,9.0,3000.0,4000.0,3500.0
2025-03-06 00:00:00+05:30,Hyderabad,Madannapeta,Field Beans,5.0,4000.0,4000.0,4000.0
2025-03-06 00:00:00+05:30,Khammam,Khammam,Chillies(Dry),24678.0,11000.0,14050.0,13600.0
2025-03-06 00:00:00+05:30,Warangal,Warangal,Red Gram,117.82,3859.0,7010.0,6956.0
2025-03-06 00:00:00+05:30,Jangoan,Jangaon,Groundnut pods,34.8,5401.0,6651.0,6421.0
2025-03-06 00:00:00+05:30,Choppadandi,Choppadandi,Red Gram,22.0,5856.0,6951.0,6648.0
2025-03-06 00:00:00+05:30,Marpally,Marpally,Ajwan,10.0,9000.0,12000.0,10500.0
2025-03-06 00:00:00+05:30,Nizamabad,Nizamabad,Red Gram,18.0,6059.0,6621.0,6359.0
2025-03-06 00:00:00+05:30,Gudimalkapur,Gudumalkapur,Ladys Finger,394.0,1200.0,3200.0,2000.0
2025-03-07 00:00:00+05:30,Gaddiannaram,Gaddiannaram,Sapota,555.0,800.0,2000.0,1200.0
2025-03-07 00:00:00+05:30,Gaddiannaram,L.B Nagar,French Beans,15.0,3000.0,4000.0,3500.0
2025-03-06 00:00:00+05:30,Vantimamidi,Vantimamidi,Ladys Finger,6.0,2000.0,3000.0,2500.0
2025-03-06 00:00:00+05:30,Badepally,Badepally,Cowpea,8.0,5551.0,5721.0,5551.0
2025-03-06 00:00:00+05:30,Narayanpet,Narayanpet,Groundnut pods,58.5,4155.0,6119.0,5569.0
2025-03-06 00:00:00+05:30,Shadnagar,Shadnagar,Cabbage,30.0,1800.0,2600.0,2000.0
2025-03-07 00:00:00+05:30,Hyderabad,Madannapeta,Field Beans,5.0,3000.0,4000.0,3500.0
2025-03-07 00:00:00+05:30,Hyderabad,Mahabubmansion,Tumeric,25.0,14000.0,17000.0,15000.0
2025-03-07 00:00:00+05:30,Bowenpally,Bowenpally,Brinjal,400.0,400.0,1500.0,1100.0
2025-03-07 00:00:00+05:30,Warangal,Warangal,Red Gram,94.46,1529.0,6868.0,6852.0
2025-03-07 00:00:00+05:30,Choppadandi,Choppadandi,Red Gram,54.0,6606.0,7102.0,6921.0
2025-03-07 00:00:00+05:30,Khammam,Khammam,Chillies(Dry),18614.0,11000.0,14000.0,13500.0
2025-03-08 00:00:00+05:30,Bowenpally,Bowenpally,Brinjal,800.0,500.0,1500.0,1200.0
2025-03-08 00:00:00+05:30,Gaddiannaram,Gaddiannaram,Sapota,721.0,600.0,1800.0,1000.0
2025-03-08 00:00:00+05:30,Gaddiannaram,L.B Nagar,French Beans,9.0,3000.0,4000.0,3500.0
2025-03-07 00:00:00+05:30,Gudimalkapur,Gudumalkapur,Ladys Finger,302.0,1500.0,3200.0,2000.0
2025-03-07 00:00:00+05:30,Vantimamidi,Vantimamidi,Ladys Finger,10.0,1500.0,2500.0,2000.0
2025-03-07 00:00:00+05:30,Jangoan,Jangaon,Groundnut pods,15.0,6651.0,6651.0,6651.0
2025-03-07 00:00:00+05:30,Badepally,Badepally,Cowpea,1.0,5501.0,5501.0,5501.0
2025-03-07 00:00:00+05:30,Shadnagar,Shadnagar,Cabbage,30.0,2000.0,2600.0,2300.0
2025-03-08 00:00:00+05:30,Hyderabad,Madannapeta,Field Beans,9.0,3000.0,4000.0,3500.0
2025-03-08 00:00:00+05:30,Hyderabad,Mahabubmansion,Tumeric,7.0,14000.0,17000.0,15000.0
2025-03-07 00:00:00+05:30,Narayanpet,Narayanpet,Groundnut pods,13.8,4140.0,6070.0,6070.0
2025-03-08 00:00:00+05:30,Choppadandi,Choppadandi,Red Gram,17.0,4545.0,6962.0,6962.0
2025-03-08 00:00:00+05:30,Suryapet,Suryapet,Black Gram,6.0,6011.0,6759.0,6011.0
2025-03-08 00:00:00+05:30,Narayanpet,Narayanpet,Groundnut pods,41.7,3910.0,5420.0,4940.0
2025-03-08 00:00:00+05:30,Shadnagar,Shadnagar,Cabbage,30.0,1600.0,2300.0,1800.0
2025-03-08 00:00:00+05:30,Badepally,Badepally,Cowpea,9.0,5551.0,6100.0,6100.0
2025-03-08 00:00:00+05:30,Jangoan,Jangaon,Groundnut pods,6.3,4100.0,5789.0,4100.0
2025-03-08 00:00:00+05:30,Vantimamidi,Vantimamidi,Ladys Finger,19.0,1500.0,3000.0,2250.0
2025-03-08 00:00:00+05:30,Gudimalkapur,Gudumalkapur,Ladys Finger,335.0,1500.0,3200.0,2500.0
2025-03-09 00:00:00+05:30,Gaddiannaram,Gaddiannaram,Sapota,76.0,600.0,1800.0,1000.0
2025-03-09 00:00:00+05:30,Gaddiannaram,L.B Nagar,French Beans,12.0,3000.0,4000.0,3500.0
2025-03-09 00:00:00+05:30,Bowenpally,Bowenpally,Brinjal,450.0,500.0,2000.0,1400.0
2025-03-09 00:00:00+05:30,Hyderabad,Madannapeta,Field Beans,9.0,4500.0,6000.0,5000.0
2025-03-09 00:00:00+05:30,Navabpet(MBNR),Navabpet,Tamarind,52.0,6190.0,12090.0,10890.0
2025-03-09 00:00:00+05:30,Shadnagar,Shadnagar,Cabbage,12.0,1800.0,2300.0,2000.0
2025-03-09 00:00:00+05:30,Venkateshwar Nagar,V Nagar,Brinjal,10.0,10.0,10.0,10.0
2025-03-09 00:00:00+05:30,Gudimalkapur,Gudumalkapur,Ladys Finger,273.0,2000.0,3500.0,2500.0
2025-03-10 00:00:00+05:30,Bowenpally,Bowenpally,Brinjal,200.0,400.0,1500.0,1200.0
2025-03-10 00:00:00+05:30,Gaddiannaram,Gaddiannaram,Sapota,523.0,800.0,1800.0,1200.0
2025-03-10 00:00:00+05:30,Gaddiannaram,L.B Nagar,French Beans,28.0,3000.0,3500.0,3200.0
2025-03-10 00:00:00+05:30,Warangal,Warangal,Red Gram,147.43,2273.0,6890.0,6726.0
2025-03-10 00:00:00+05:30,Hyderabad,Madannapeta,Field Beans,5.0,4850.0,4850.0,4850.0
2025-03-10 00:00:00+05:30,Hyderabad,Mahabubmansion,Tumeric,68.0,14000.0,17000.0,15000.0
2025-03-10 00:00:00+05:30,Choppadandi,Choppadandi,Red Gram,22.0,5553.0,6966.0,6903.0
2025-03-10 00:00:00+05:30,Badepally,Badepally,Cowpea,1.0,6500.0,6500.0,6500.0
2025-03-10 00:00:00+05:30,Siddipet,Siddipet,Bengal Gram,3.45,5552.0,5552.0,5552.0
2025-03-10 00:00:00+05:30,Suryapet,Suryapet,Black Gram,4.0,6079.0,6079.0,6079.0
2025-03-10 00:00:00+05:30,Khammam,Khammam,Chillies(Dry),30232.0,11500.0,14000.0,13300.0
2025-03-10 00:00:00+05:30,Vantimamidi,Vantimamidi,Ladys Finger,8.0,1000.0,2500.0,1750.0
2025-03-11 00:00:00+05:30,Gaddiannaram,Gaddiannaram,Sapota,446.0,600.0,1600.0,1000.0
2025-03-10 00:00:00+05:30,Gudimalkapur,Gudumalkapur,Ladys Finger,346.0,2000.0,4000.0,2500.0
2025-03-10 00:00:00+05:30,Narayanpet,Narayanpet,Groundnut pods,48.9,4330.0,5950.0,5669.0
2025-03-10 00:00:00+05:30,Shadnagar,Shadnagar,Cabbage,20.0,1500.0,2500.0,2000.0
2025-03-11 00:00:00+05:30,Bowenpally,Bowenpally,Brinjal,900.0,1000.0,2000.0,1600.0
2025-03-11 00:00:00+05:30,Gaddiannaram,L.B Nagar,French Beans,18.0,4000.0,6000.0,5000.0
2025-03-11 00:00:00+05:30,Hyderabad,Madannapeta,Field Beans,5.0,4000.0,5000.0,4500.0
2025-03-11 00:00:00+05:30,Hyderabad,Mahabubmansion,Tumeric,45.0,12000.0,17000.0,14000.0
2025-03-11 00:00:00+05:30,Warangal,Warangal,Red Gram,52.54,1359.0,6722.0,6722.0
2025-03-11 00:00:00+05:30,Nizamabad,Nizamabad,Red Gram,48.0,5826.0,6444.0,6378.0
2025-03-11 00:00:00+05:30,Khammam,Khammam,Chillies(Dry),15585.0,6000.0,14000.0,13300.0
2025-03-11 00:00:00+05:30,Choppadandi,Choppadandi,Red Gram,6.0,5706.0,6966.0,6701.0
2025-03-11 00:00:00+05:30,Suryapet,Suryapet,Black Gram,1.0,7159.0,7159.0,7159.0
2025-03-11 00:00:00+05:30,Jangoan,Jangaon,Groundnut pods,44.1,4651.0,6701.0,6551.0
2025-03-11 00:00:00+05:30,Narayanpet,Narayanpet,Groundnut pods,11.7,4320.0,5770.0,5770.0
2025-03-11 00:00:00+05:30,Shadnagar,Shadnagar,Cabbage,26.0,2000.0,2800.0,2400.0
2025-03-12 00:00:00+05:30,Bowenpally,Bowenpally,Brinjal,300.0,400.0,2000.0,1600.0
2025-03-12 00:00:00+05:30,Gaddiannaram,L.B Nagar,French Beans,14.0,4000.0,6000.0,5000.0
2025-03-12 00:00:00+05:30,Hyderabad,Madannapeta,Field Beans,11.0,3500.0,5000.0,4000.0
2025-03-12 00:00:00+05:30,Gaddiannaram,Gaddiannaram,Sapota,824.0,700.0,1600.0,1100.0
2025-03-11 00:00:00+05:30,Vantimamidi,Vantimamidi,Ladys Finger,54.0,1000.0,3000.0,2000.0
2025-03-11 00:00:00+05:30,Gudimalkapur,Gudumalkapur,Ladys Finger,328.0,1500.0,3500.0,2000.0
2025-03-12 00:00:00+05:30,Warangal,Warangal,Red Gram,54.63,5252.0,6612.0,6412.0
2025-03-12 00:00:00+05:30,Hyderabad,Mahabubmansion,Tumeric,45.0,12000.0,17000.0,14000.0
2025-03-12 00:00:00+05:30,Khammam,Khammam,Chillies(Dry),20075.0,6000.0,13800.0,12500.0
2025-03-12 00:00:00+05:30,Suryapet,Suryapet,Black Gram,13.0,6375.0,6375.0,6375.0
2025-03-12 00:00:00+05:30,Jangoan,Jangaon,Groundnut pods,0.9,6251.0,6251.0,6251.0
2025-03-12 00:00:00+05:30,Choppadandi,Choppadandi,Red Gram,46.0,6219.0,6933.0,6871.0
2025-03-12 00:00:00+05:30,Gudimalkapur,Gudumalkapur,Ladys Finger,395.0,1500.0,3500.0,2500.0
2025-03-12 00:00:00+05:30,Shadnagar,Shadnagar,Cabbage,30.0,2000.0,2600.0,2300.0
2025-03-12 00:00:00+05:30,Vantimamidi,Vantimamidi,Ladys Finger,28.0,2000.0,3000.0,2500.0
2025-03-13 00:00:00+05:30,Gaddiannaram,Gaddiannaram,Sapota,797.0,600.0,1600.0,1000.0
2025-03-13 00:00:00+05:30,Gaddiannaram,L.B Nagar,French Beans,10.0,4000.0,6000.0,5000.0
2025-03-13 00:00:00+05:30,Hyderabad,Mahabubmansion,Tumeric,25.0,12000.0,15000.0,14000.0
2025-03-12 00:00:00+05:30,Narayanpet,Narayanpet,Groundnut pods,24.0,5420.0,6080.0,5640.0
2025-03-13 00:00:00+05:30,Bowenpally,Bowenpally,Brinjal,550.0,500.0,2000.0,1400.0
2025-03-13 00:00:00+05:30,Shadnagar,Shadnagar,Cabbage,25.0,2200.0,2800.0,2500.0
2025-03-13 00:00:00+05:30,Nizamabad,Nizamabad,Red Gram,6.0,6161.0,6300.0,6161.0
2025-03-13 00:00:00+05:30,Suryapet,Suryapet,Black Gram,2.0,6029.0,6029.0,6029.0
2025-03-13 00:00:00+05:30,Khammam,Khammam,Chillies(Dry),7084.0,5000.0,13900.0,1200.0
2025-03-14 00:00:00+05:30,Gaddiannaram,Gaddiannaram,Sapota,179.0,600.0,1600.0,1000.0
2025-03-14 00:00:00+05:30,Gaddiannaram,L.B Nagar,French Beans,8.0,4000.0,5000.0,4500.0
2025-03-13 00:00:00+05:30,Gudimalkapur,Gudumalkapur,Ladys Finger,260.0,1500.0,4000.0,2200.0
2025-03-13 00:00:00+05:30,Vantimamidi,Vantimamidi,Ladys Finger,27.0,2000.0,3000.0,2500.0
2025-03-14 00:00:00+05:30,Bowenpally,Bowenpally,Brinjal,400.0,500.0,1500.0,1200.0
2025-03-13 00:00:00+05:30,Narayanpet,Narayanpet,Groundnut pods,39.0,4110.0,6020.0,5070.0
2025-03-13 00:00:00+05:30,Jangoan,Jangaon,Groundnut pods,39.3,5651.0,6701.0,6411.0
2025-03-14 00:00:00+05:30,Hyderabad,Madannapeta,Field Beans,44.0,3500.0,5000.0,4000.0
2025-03-14 00:00:00+05:30,Gudimalkapur,Gudumalkapur,Ladys Finger,376.0,1000.0,2200.0,1500.0
2025-03-14 00:00:00+05:30,Vantimamidi,Vantimamidi,Ladys Finger,5.0,2000.0,3000.0,2500.0
2025-03-15 00:00:00+05:30,Gaddiannaram,Gaddiannaram,Sapota,786.0,600.0,1400.0,1000.0
2025-03-15 00:00:00+05:30,Gaddiannaram,L.B Nagar,French Beans,12.0,4000.0,5000.0,4500.0
2025-03-15 00:00:00+05:30,Hyderabad,Madannapeta,Field Beans,2.0,4000.0,4000.0,4000.0
2025-03-15 00:00:00+05:30,Bowenpally,Bowenpally,Brinjal,507.0,500.0,1500.0,1200.0
2025-03-15 00:00:00+05:30,Jangoan,Jangaon,Groundnut pods,3.6,6601.0,6601.0,6601.0
2025-03-15 00:00:00+05:30,Narayanpet,Narayanpet,Groundnut pods,45.3,4150.0,6239.0,4309.0
2025-03-15 00:00:00+05:30,Shadnagar,Shadnagar,Cabbage,12.0,2000.0,2600.0,2300.0
2025-03-15 00:00:00+05:30,Choppadandi,Choppadandi,Red Gram,2.0,1977.0,6911.0,6911.0
2025-03-16 00:00:00+05:30,Gaddiannaram,L.B Nagar,French Beans,10.0,4000.0,5000.0,4500.0
2025-03-15 00:00:00+05:30,Gudimalkapur,Gudumalkapur,Ladys Finger,314.0,1000.0,2500.0,1800.0
2025-03-15 00:00:00+05:30,Vantimamidi,Vantimamidi,Ladys Finger,41.0,1500.0,2500.0,2000.0
2025-03-16 00:00:00+05:30,Shadnagar,Shadnagar,Cabbage,15.0,1200.0,1800.0,1500.0
2025-03-16 00:00:00+05:30,Gaddiannaram,Gaddiannaram,Sapota,157.0,600.0,1400.0,1000.0
2025-03-16 00:00:00+05:30,Hyderabad,Madannapeta,Field Beans,2.0,4000.0,4000.0,4000.0
2025-03-17 00:00:00+05:30,Gaddiannaram,Gaddiannaram,Sapota,818.0,600.0,1600.0,1200.0
2025-03-17 00:00:00+05:30,Gaddiannaram,L.B Nagar,French Beans,12.0,4000.0,6000.0,5000.0
2025-03-16 00:00:00+05:30,Gudimalkapur,Gudumalkapur,Ladys Finger,392.0,1000.0,2500.0,1500.0
2025-03-16 00:00:00+05:30,Vantimamidi,Vantimamidi,Ladys Finger,15.0,1500.0,2500.0,2000.0
2025-03-17 00:00:00+05:30,Bowenpally,Bowenpally,Brinjal,1000.0,600.0,1500.0,1300.0
2025-03-16 00:00:00+05:30,Navabpet(MBNR),Navabpet,Tamarind,100.0,7080.0,14090.0,9690.0
2025-03-17 00:00:00+05:30,Hyderabad,Madannapeta,Field Beans,5.0,3000.0,4000.0,3500.0
2025-03-17 00:00:00+05:30,Warangal,Warangal,Red Gram,34.38,4855.0,6422.0,4855.0
2025-03-17 00:00:00+05:30,Khammam,Khammam,Chillies(Dry),18771.0,5900.0,13700.0,12500.0
2025-03-17 00:00:00+05:30,Choppadandi,Choppadandi,Red Gram,31.0,6201.0,6811.0,6759.0
2025-03-17 00:00:00+05:30,Suryapet,Suryapet,Black Gram,8.0,6273.0,7242.0,7242.0
2025-03-17 00:00:00+05:30,Nizamabad,Nizamabad,Red Gram,18.0,6058.0,6358.0,6289.0
2025-03-17 00:00:00+05:30,Jangoan,Jangaon,Groundnut pods,20.4,4800.0,6651.0,6351.0
2025-03-17 00:00:00+05:30,Narayanpet,Narayanpet,Groundnut pods,49.2,4200.0,6000.0,5180.0
2025-03-17 00:00:00+05:30,Shadnagar,Shadnagar,Cabbage,15.0,1200.0,1800.0,1500.0
2025-03-18 00:00:00+05:30,Hyderabad,Madannapeta,Field Beans,3.0,4000.0,4000.0,4000.0
2025-03-18 00:00:00+05:30,Bowenpally,Bowenpally,Brinjal,200.0,600.0,1500.0,1200.0
2025-03-18 00:00:00+05:30,Gaddiannaram,Gaddiannaram,Sapota,631.0,600.0,1600.0,1000.0
2025-03-18 00:00:00+05:30,Gaddiannaram,L.B Nagar,French Beans,15.0,4000.0,6000.0,5000.0
2025-03-17 00:00:00+05:30,Gudimalkapur,Gudumalkapur,Ladys Finger,246.0,1500.0,3500.0,2500.0
2025-03-17 00:00:00+05:30,Vantimamidi,Vantimamidi,Ladys Finger,31.0,1500.0,2500.0,2000.0
2025-03-18 00:00:00+05:30,Warangal,Warangal,Red Gram,83.75,5222.0,6860.0,6352.0
2025-03-18 00:00:00+05:30,Khammam,Khammam,Chillies(Dry),18110.0,6000.0,13700.0,12000.0
2025-03-18 00:00:00+05:30,Marpally,Marpally,Ajwan,35.0,8000.0,11100.0,9550.0
2025-03-18 00:00:00+05:30,Siddipet,Siddipet,Bengal Gram,9.0,5456.0,5456.0,5456.0
2025-03-18 00:00:00+05:30,Jangoan,Jangaon,Groundnut pods,1.5,5555.0,5555.0,5555.0
2025-03-18 00:00:00+05:30,Nizamabad,Nizamabad,Red Gram,15.0,5620.0,6384.0,6344.0
2025-03-18 00:00:00+05:30,Badepally,Badepally,Cowpea,2.0,5159.0,5510.0,5159.0
2025-03-18 00:00:00+05:30,Narayanpet,Narayanpet,Groundnut pods,13.2,4524.0,5200.0,5200.0
2025-03-18 00:00:00+05:30,Shadnagar,Shadnagar,Cabbage,15.0,2200.0,2600.0,2300.0
2025-03-18 00:00:00+05:30,Gudimalkapur,Gudumalkapur,Ladys Finger,350.0,1200.0,3000.0,2000.0
2025-03-19 00:00:00+05:30,Gaddiannaram,Gaddiannaram,Sapota,722.0,600.0,1500.0,1100.0
2025-03-18 00:00:00+05:30,Vantimamidi,Vantimamidi,Ladys Finger,23.0,1000.0,2000.0,1500.0
2025-03-19 00:00:00+05:30,Bowenpally,Bowenpally,Brinjal,500.0,400.0,1500.0,1100.0
2025-03-19 00:00:00+05:30,Gaddiannaram,L.B Nagar,French Beans,17.0,4000.0,6000.0,5000.0
2025-03-19 00:00:00+05:30,Nizamabad,Nizamabad,Red Gram,12.0,6208.0,6418.0,6408.0
2025-03-19 00:00:00+05:30,Khammam,Khammam,Chillies(Dry),23088.0,6100.0,13500.0,11500.0
2025-03-19 00:00:00+05:30,Suryapet,Suryapet,Black Gram,3.0,6606.0,6606.0,6606.0
2025-03-19 00:00:00+05:30,Jangoan,Jangaon,Groundnut pods,18.9,6050.0,6701.0,6050.0
2025-03-19 00:00:00+05:30,Warangal,Warangal,Red Gram,37.23,4512.0,6905.0,6520.0
2025-03-20 00:00:00+05:30,Gaddiannaram,Gaddiannaram,Sapota,736.0,600.0,1400.0,1000.0
2025-03-19 00:00:00+05:30,Vantimamidi,Vantimamidi,Ladys Finger,22.0,1000.0,2500.0,1750.0
2025-03-19 00:00:00+05:30,Gudimalkapur,Gudumalkapur,Ladys Finger,329.0,1400.0,3200.0,2000.0
2025-03-19 00:00:00+05:30,Choppadandi,Choppadandi,Red Gram,23.0,6352.0,6911.0,6888.0
2025-03-19 00:00:00+05:30,Shadnagar,Shadnagar,Cabbage,20.0,2000.0,2800.0,2500.0
2025-03-20 00:00:00+05:30,Bowenpally,Bowenpally,Brinjal,500.0,500.0,1500.0,1200.0
2025-03-20 00:00:00+05:30,Gaddiannaram,L.B Nagar,French Beans,17.0,4000.0,5000.0,4500.0
2025-03-19 00:00:00+05:30,Narayanpet,Narayanpet,Groundnut pods,7.5,5020.0,5449.0,5020.0
2025-03-20 00:00:00+05:30,Hyderabad,Mahabubmansion,Tumeric,47.0,12000.0,16000.0,14000.0
2025-03-20 00:00:00+05:30,Warangal,Warangal,Red Gram,40.84,5259.0,6909.0,6909.0
2025-03-20 00:00:00+05:30,Nizamabad,Nizamabad,Red Gram,18.0,5226.0,6346.0,6346.0
2025-03-20 00:00:00+05:30,Khammam,Khammam,Chillies(Dry),20951.0,6100.0,13850.0,11500.0
2025-03-20 00:00:00+05:30,Shadnagar,Shadnagar,Cabbage,15.0,2000.0,2800.0,2500.0
2025-03-20 00:00:00+05:30,Siddipet,Siddipet,Bengal Gram,1.57,5511.0,5511.0,5511.0
2025-03-20 00:00:00+05:30,Jangoan,Jangaon,Groundnut pods,2.7,5301.0,6301.0,5301.0
2025-03-20 00:00:00+05:30,Choppadandi,Choppadandi,Red Gram,18.0,6201.0,6903.0,6705.0
2025-03-20 00:00:00+05:30,Gudimalkapur,Gudumalkapur,Ladys Finger,323.0,1000.0,2500.0,1500.0
2025-03-20 00:00:00+05:30,Vantimamidi,Vantimamidi,Ladys Finger,24.0,1000.0,2500.0,1750.0
2025-03-21 00:00:00+05:30,Gaddiannaram,Gaddiannaram,Sapota,823.0,600.0,1500.0,900.0
2025-03-21 00:00:00+05:30,Gaddiannaram,L.B Nagar,French Beans,10.0,4000.0,5000.0,4500.0
2025-03-21 00:00:00+05:30,Hyderabad,Mahabubmansion,Tumeric,20.0,12000.0,16000.0,14000.0
2025-03-20 00:00:00+05:30,Badepally,Badepally,Cowpea,4.0,5050.0,5723.0,5723.0
2025-03-21 00:00:00+05:30,Hyderabad,Madannapeta,Field Beans,3.0,4000.0,6000.0,5000.0
2025-03-21 00:00:00+05:30,Bowenpally,Bowenpally,Brinjal,350.0,300.0,1500.0,1000.0
2025-03-21 00:00:00+05:30,Warangal,Warangal,Red Gram,32.21,5822.0,6789.0,6722.0
2025-03-21 00:00:00+05:30,Suryapet,Suryapet,Black Gram,1.0,4059.0,4059.0,4059.0
2025-03-21 00:00:00+05:30,Khammam,Khammam,Chillies(Dry),21217.0,5800.0,13450.0,11500.0
2025-03-21 00:00:00+05:30,Nizamabad,Nizamabad,Red Gram,10.0,6100.0,6300.0,6200.0
2025-03-21 00:00:00+05:30,Gudimalkapur,Gudumalkapur,Ladys Finger,313.0,800.0,2000.0,1500.0
2025-03-21 00:00:00+05:30,Narayanpet,Narayanpet,Groundnut pods,1.2,4350.0,4350.0,4350.0
2025-03-21 00:00:00+05:30,Shadnagar,Shadnagar,Cabbage,20.0,2000.0,2800.0,2300.0
2025-03-22 00:00:00+05:30,Gaddiannaram,Gaddiannaram,Sapota,430.0,600.0,1400.0,1000.0
2025-03-21 00:00:00+05:30,Vantimamidi,Vantimamidi,Ladys Finger,51.0,1000.0,2200.0,1600.0
2025-03-22 00:00:00+05:30,Bowenpally,Bowenpally,Brinjal,450.0,500.0,1500.0,1200.0
2025-03-22 00:00:00+05:30,Hyderabad,Madannapeta,Field Beans,6.0,4000.0,4000.0,4000.0
2025-03-22 00:00:00+05:30,Gaddiannaram,L.B Nagar,French Beans,10.0,4000.0,5000.0,4500.0
2025-03-22 00:00:00+05:30,Hyderabad,Mahabubmansion,Tumeric,22.0,12000.0,16000.0,14000.0
2025-03-22 00:00:00+05:30,Jangoan,Jangaon,Groundnut pods,12.0,5101.0,5101.0,5101.0
2025-03-22 00:00:00+05:30,Narayanpet,Narayanpet,Groundnut pods,9.0,4640.0,5740.0,5740.0
2025-03-22 00:00:00+05:30,Shadnagar,Shadnagar,Cabbage,35.0,2300.0,2800.0,2600.0
2025-03-23 00:00:00+05:30,Gaddiannaram,Gaddiannaram,Sapota,84.0,600.0,1400.0,1000.0
2025-03-23 00:00:00+05:30,Gaddiannaram,L.B Nagar,French Beans,10.0,4000.0,5000.0,4500.0
2025-03-22 00:00:00+05:30,Gudimalkapur,Gudumalkapur,Ladys Finger,467.0,600.0,2000.0,1000.0
2025-03-22 00:00:00+05:30,Vantimamidi,Vantimamidi,Ladys Finger,36.0,1000.0,2000.0,1500.0
2025-03-23 00:00:00+05:30,Hyderabad,Madannapeta,Field Beans,5.0,4000.0,6000.0,5000.0
2025-03-23 00:00:00+05:30,Bowenpally,Bowenpally,Brinjal,1000.0,600.0,1500.0,1200.0
2025-03-23 00:00:00+05:30,Navabpet(MBNR),Navabpet,Tamarind,113.0,4612.0,15601.0,12012.0
2025-03-23 00:00:00+05:30,Shadnagar,Shadnagar,Cabbage,15.0,2300.0,2600.0,2500.0
2025-03-23 00:00:00+05:30,Gudimalkapur,Gudumalkapur,Ladys Finger,351.0,800.0,2000.0,1500.0
2025-03-23 00:00:00+05:30,Vantimamidi,Vantimamidi,Ladys Finger,55.0,500.0,1500.0,1000.0
2025-03-24 00:00:00+05:30,Gaddiannaram,Gaddiannaram,Sapota,532.0,600.0,1400.0,1000.0
2025-03-24 00:00:00+05:30,Gaddiannaram,L.B Nagar,French Beans,8.0,4000.0,4500.0,4200.0
2025-03-24 00:00:00+05:30,Bowenpally,Bowenpally,Brinjal,500.0,500.0,1500.0,1200.0
2025-03-24 00:00:00+05:30,Warangal,Warangal,Red Gram,52.19,5222.0,6768.0,6352.0
2025-03-24 00:00:00+05:30,Khammam,Khammam,Chillies(Dry),26694.0,6000.0,13350.0,11000.0
2025-03-24 00:00:00+05:30,Nizamabad,Nizamabad,Red Gram,25.0,5800.0,6410.0,6320.0
2025-03-24 00:00:00+05:30,Jangoan,Jangaon,Groundnut pods,5.4,5101.0,6721.0,5101.0
2025-03-24 00:00:00+05:30,Suryapet,Suryapet,Black Gram,2.0,7259.0,7259.0,7259.0
2025-03-24 00:00:00+05:30,Choppadandi,Choppadandi,Red Gram,28.0,6305.0,6865.0,6705.0
2025-03-24 00:00:00+05:30,Gudimalkapur,Gudumalkapur,Ladys Finger,337.0,800.0,2000.0,1200.0
2025-03-24 00:00:00+05:30,Badepally,Badepally,Cowpea,1.0,5050.0,5050.0,5050.0
2025-03-24 00:00:00+05:30,Shadnagar,Shadnagar,Cabbage,25.0,2000.0,2800.0,2500.0
2025-03-25 00:00:00+05:30,Gaddiannaram,Gaddiannaram,Sapota,833.0,600.0,1200.0,1100.0
2025-03-24 00:00:00+05:30,Vantimamidi,Vantimamidi,Ladys Finger,46.0,1000.0,2000.0,1500.0
2025-03-25 00:00:00+05:30,Bowenpally,Bowenpally,Brinjal,450.0,500.0,1500.0,1200.0
2025-03-25 00:00:00+05:30,Warangal,Warangal,Red Gram,62.57,5622.0,6825.0,6825.0
2025-03-25 00:00:00+05:30,Khammam,Khammam,Chillies(Dry),17599.0,6000.0,13350.0,11500.0
2025-03-25 00:00:00+05:30,Marpally,Marpally,Ajwan,22.0,7000.0,10700.0,8850.0
2025-03-25 00:00:00+05:30,Suryapet,Suryapet,Black Gram,1.0,5558.0,5558.0,5558.0
2025-03-25 00:00:00+05:30,Nizamabad,Nizamabad,Red Gram,18.0,4600.0,6200.0,6200.0
2025-03-25 00:00:00+05:30,Gaddiannaram,L.B Nagar,French Beans,14.0,4000.0,4500.0,4200.0
2025-03-24 00:00:00+05:30,Narayanpet,Narayanpet,Groundnut pods,30.0,4720.0,5240.0,4970.0
2025-03-25 00:00:00+05:30,Choppadandi,Choppadandi,Red Gram,9.0,5912.0,6723.0,6606.0
2025-03-25 00:00:00+05:30,Jangoan,Jangaon,Groundnut pods,11.1,5200.0,6001.0,6000.0
2025-03-25 00:00:00+05:30,Shadnagar,Shadnagar,Cabbage,30.0,2000.0,2800.0,2500.0
2025-03-25 00:00:00+05:30,Vantimamidi,Vantimamidi,Ladys Finger,50.0,1000.0,2500.0,1750.0
2025-03-25 00:00:00+05:30,Gudimalkapur,Gudumalkapur,Ladys Finger,271.0,800.0,2000.0,1400.0
2025-03-26 00:00:00+05:30,Gaddiannaram,Gaddiannaram,Sapota,598.0,600.0,1400.0,1000.0
2025-03-26 00:00:00+05:30,Gaddiannaram,L.B Nagar,French Beans,10.0,4000.0,4500.0,4200.0
2025-03-26 00:00:00+05:30,Bowenpally,Bowenpally,Brinjal,450.0,500.0,2000.0,1600.0
2025-03-26 00:00:00+05:30,Warangal,Warangal,Red Gram,91.03,3022.0,6921.0,6906.0
2025-03-26 00:00:00+05:30,Hyderabad,Madannapeta,Field Beans,2.0,4800.0,5000.0,4900.0
2025-03-25 00:00:00+05:30,Narayanpet,Narayanpet,Groundnut pods,31.2,4420.0,5810.0,4970.0
2025-03-26 00:00:00+05:30,Hyderabad,Mahabubmansion,Tumeric,75.0,12000.0,16000.0,14000.0
2025-03-26 00:00:00+05:30,Khammam,Khammam,Chillies(Dry),20204.0,6000.0,13500.0,11500.0
2025-03-26 00:00:00+05:30,Nizamabad,Nizamabad,Red Gram,15.0,4254.0,6258.0,6128.0
2025-03-26 00:00:00+05:30,Choppadandi,Choppadandi,Red Gram,29.0,5802.0,6852.0,6766.0
2025-03-26 00:00:00+05:30,Jangoan,Jangaon,Groundnut pods,6.9,3100.0,6101.0,5150.0
2025-03-26 00:00:00+05:30,Badepally,Badepally,Cowpea,1.0,5050.0,5050.0,5050.0
2025-03-26 00:00:00+05:30,Narayanpet,Narayanpet,Groundnut pods,15.0,4350.0,5600.0,4850.0
2025-03-26 00:00:00+05:30,Shadnagar,Shadnagar,Cabbage,20.0,2000.0,2800.0,2500.0
2025-03-26 00:00:00+05:30,Vantimamidi,Vantimamidi,Ladys Finger,48.0,1200.0,2600.0,1900.0
2025-03-26 00:00:00+05:30,Gudimalkapur,Gudumalkapur,Ladys Finger,337.0,800.0,2500.0,1500.0
2025-03-27 00:00:00+05:30,Bowenpally,Bowenpally,Brinjal,350.0,400.0,1500.0,1200.0
2025-03-27 00:00:00+05:30,Gaddiannaram,Gaddiannaram,Sapota,450.0,800.0,1500.0,1100.0
2025-03-27 00:00:00+05:30,Gaddiannaram,L.B Nagar,French Beans,10.0,4000.0,4500.0,4200.0
2025-03-27 00:00:00+05:30,Warangal,Warangal,Red Gram,43.03,4122.0,6802.0,6512.0
2025-03-27 00:00:00+05:30,Hyderabad,Mahabubmansion,Tumeric,20.0,10000.0,14000.0,12000.0
2025-03-27 00:00:00+05:30,Shadnagar,Shadnagar,Cabbage,18.0,1200.0,1600.0,1300.0
2025-03-27 00:00:00+05:30,Choppadandi,Choppadandi,Red Gram,14.0,5706.0,6957.0,6804.0
2025-03-27 00:00:00+05:30,Jangoan,Jangaon,Groundnut pods,3.6,5651.0,5651.0,5651.0
2025-03-27 00:00:00+05:30,Nizamabad,Nizamabad,Red Gram,8.0,4612.0,6156.0,6124.0
2025-03-27 00:00:00+05:30,Khammam,Khammam,Chillies(Dry),19624.0,6100.0,13400.0,12000.0
2025-03-28 00:00:00+05:30,Gaddiannaram,Gaddiannaram,Sapota,114.0,1000.0,1600.0,1200.0
2025-03-28 00:00:00+05:30,Gaddiannaram,L.B Nagar,French Beans,5.0,4000.0,4500.0,4200.0
2025-03-27 00:00:00+05:30,Gudimalkapur,Gudumalkapur,Ladys Finger,282.0,1200.0,2500.0,2000.0
2025-03-27 00:00:00+05:30,Vantimamidi,Vantimamidi,Ladys Finger,21.0,1000.0,2000.0,1500.0
2025-03-28 00:00:00+05:30,Hyderabad,Madannapeta,Field Beans,3.0,6000.0,6000.0,6000.0
2025-03-27 00:00:00+05:30,Narayanpet,Narayanpet,Groundnut pods,30.9,4300.0,5010.0,4300.0
2025-03-28 00:00:00+05:30,Bowenpally,Bowenpally,Brinjal,500.0,500.0,1500.0,1200.0
2025-03-28 00:00:00+05:30,Suryapet,Suryapet,Black Gram,1.0,3559.0,3559.0,3559.0
2025-03-28 00:00:00+05:30,Khammam,Khammam,Chillies(Dry),19209.0,6000.0,13550.0,12000.0
2025-03-29 00:00:00+05:30,Gaddiannaram,Gaddiannaram,Sapota,47.0,800.0,1400.0,1000.0
2025-03-28 00:00:00+05:30,Vantimamidi,Vantimamidi,Ladys Finger,38.0,1200.0,1800.0,1500.0
2025-03-28 00:00:00+05:30,Gudimalkapur,Gudumalkapur,Ladys Finger,380.0,1000.0,2500.0,1500.0
2025-03-29 00:00:00+05:30,Hyderabad,Madannapeta,Field Beans,3.0,6000.0,6000.0,6000.0
2025-03-29 00:00:00+05:30,Gaddiannaram,L.B Nagar,French Beans,7.0,4000.0,4500.0,4200.0
2025-03-29 00:00:00+05:30,Bowenpally,Bowenpally,Brinjal,600.0,400.0,1500.0,1000.0
2025-03-29 00:00:00+05:30,Shadnagar,Shadnagar,Cabbage,28.0,1800.0,2600.0,2300.0
2025-03-29 00:00:00+05:30,Gudimalkapur,Gudumalkapur,Ladys Finger,378.0,1500.0,2500.0,2000.0
2025-03-28 00:00:00+05:30,Narayanpet,Narayanpet,Groundnut pods,66.3,4550.0,5520.0,4870.0
2025-03-31 00:00:00+05:30,Bowenpally,Bowenpally,Brinjal,150.0,700.0,2000.0,1000.0
2025-03-30 00:00:00+05:30,Gaddiannaram,Gaddiannaram,Sapota,23.0,800.0,1400.0,1000.0
2025-03-30 00:00:00+05:30,Shadnagar,Shadnagar,Cabbage,15.0,1200.0,1800.0,1500.0
2025-03-31 00:00:00+05:30,Gudimalkapur,Gudumalkapur,Ladys Finger,336.0,800.0,2000.0,1200.0
2025-03-30 00:00:00+05:30,Vantimamidi,Vantimamidi,Ladys Finger,19.0,1000.0,2000.0,1500.0
2025-03-31 00:00:00+05:30,Gaddiannaram,L.B Nagar,French Beans,5.0,4000.0,4500.0,4200.0
2025-03-31 00:00:00+05:30,Shadnagar,Shadnagar,Cabbage,16.0,1200.0,1600.0,1500.0
2025-03-31 00:00:00+05:30,Vantimamidi,Vantimamidi,Ladys Finger,41.0,800.0,2200.0,1500.0
2025-03-24 00:00:00+05:30,Gaddiannaram,L.B Nagar,Cluster Beans,22.0,2000.0,3000.0,2500.0
2025-03-24 00:00:00+05:30,Gaddiannaram,Gaddiannaram,Musk Melon,1330.0,500.0,1800.0,800.0
2025-03-23 00:00:00+05:30,Vantimamidi,Vantimamidi,Green Chillies,45.0,500.0,1500.0,1000.0
2025-03-23 00:00:00+05:30,Gudimalkapur,Gudumalkapur,Green Chillies,751.0,1500.0,2500.0,2000.0
2025-03-23 00:00:00+05:30,Shadnagar,Shadnagar,Carrot,10.0,2800.0,3200.0,3000.0
2025-03-23 00:00:00+05:30,Bowenpally,Bowenpally,Ladys Finger,662.0,1000.0,1500.0,1300.0
2025-03-23 00:00:00+05:30,Hyderabad,Madannapeta,Bottle Gourd,130.0,200.0,400.0,300.0
2025-03-23 00:00:00+05:30,Hyderabad,Meeralamandi,Bottle Gourd,12.0,300.0,400.0,350.0
2025-03-22 00:00:00+05:30,Vantimamidi,Vantimamidi,Green Chillies,31.0,600.0,1800.0,1200.0
2025-03-22 00:00:00+05:30,Gudimalkapur,Gudumalkapur,Green Chillies,666.0,1000.0,3000.0,2200.0
2025-03-23 00:00:00+05:30,Gaddiannaram,L.B Nagar,Cluster Beans,35.0,2000.0,3000.0,2500.0
2025-03-23 00:00:00+05:30,Gaddiannaram,Gaddiannaram,Musk Melon,1438.0,700.0,1800.0,1000.0
2025-03-22 00:00:00+05:30,Shadnagar,Shadnagar,Carrot,18.0,2500.0,3000.0,2600.0
2025-03-22 00:00:00+05:30,Siddipet,Siddipet,Red Gram,3.18,6100.0,6249.0,6102.0
2025-03-22 00:00:00+05:30,Hyderabad,Meeralamandi,Bottle Gourd,6.0,300.0,500.0,400.0
2025-03-22 00:00:00+05:30,Bhainsa,Bhainsa,Tumeric,201.1,6506.0,12399.0,10999.0
2025-03-22 00:00:00+05:30,Gaddiannaram,L.B Nagar,Cluster Beans,22.0,2000.0,3000.0,2500.0
2025-03-22 00:00:00+05:30,Hyderabad,Madannapeta,Bottle Gourd,150.0,200.0,400.0,300.0
2025-03-22 00:00:00+05:30,Bowenpally,Bowenpally,Ladys Finger,711.0,1500.0,3500.0,2800.0
2025-03-21 00:00:00+05:30,Vantimamidi,Vantimamidi,Green Chillies,30.0,500.0,1500.0,1000.0
2025-03-22 00:00:00+05:30,Gaddiannaram,Gaddiannaram,Musk Melon,2860.0,700.0,1800.0,1000.0
2025-03-21 00:00:00+05:30,Shadnagar,Shadnagar,Carrot,18.0,2200.0,2800.0,2500.0
2025-03-21 00:00:00+05:30,Gudimalkapur,Gudumalkapur,Green Chillies,627.0,1500.0,3000.0,2000.0
2025-03-21 00:00:00+05:30,Siddipet,Siddipet,Red Gram,9.64,6151.0,6482.0,6311.0
2025-03-21 00:00:00+05:30,Warangal,Warangal,Green Gram,14.92,6212.0,7703.0,7052.0
2025-03-21 00:00:00+05:30,Hyderabad,Meeralamandi,Bottle Gourd,6.0,500.0,500.0,500.0
2025-03-21 00:00:00+05:30,Bhainsa,Bhainsa,Tumeric,368.14,5566.0,12166.0,10012.0
2025-03-21 00:00:00+05:30,Bowenpally,Bowenpally,Ladys Finger,558.0,800.0,2000.0,1600.0
2025-03-21 00:00:00+05:30,Hyderabad,Madannapeta,Bottle Gourd,125.0,200.0,400.0,300.0
2025-03-21 00:00:00+05:30,Gaddiannaram,L.B Nagar,Cluster Beans,22.0,2000.0,3000.0,2500.0
2025-03-21 00:00:00+05:30,Gaddiannaram,Gaddiannaram,Musk Melon,2010.0,700.0,1800.0,1000.0
2025-03-20 00:00:00+05:30,Vantimamidi,Vantimamidi,Green Chillies,13.0,500.0,1200.0,850.0
2025-03-20 00:00:00+05:30,Gudimalkapur,Gudumalkapur,Green Chillies,567.0,1500.0,3000.0,2200.0
2025-03-20 00:00:00+05:30,Siddipet,Siddipet,Red Gram,27.8,6119.0,6390.0,6165.0
2025-03-20 00:00:00+05:30,Shadnagar,Shadnagar,Carrot,10.0,2500.0,3500.0,3000.0
2025-03-20 00:00:00+05:30,Shankerpally,Shankerpally,Green Chillies,2.1,4000.0,4500.0,4250.0
2025-03-20 00:00:00+05:30,Warangal,Warangal,Green Gram,16.06,5852.0,7622.0,7209.0
2025-03-20 00:00:00+05:30,Hyderabad,Madannapeta,Bottle Gourd,95.0,200.0,300.0,250.0
2025-03-20 00:00:00+05:30,Bhainsa,Bhainsa,Tumeric,201.69,4056.0,11599.0,9566.0
2025-03-20 00:00:00+05:30,Hyderabad,Meeralamandi,Bottle Gourd,7.0,600.0,600.0,600.0
2025-03-20 00:00:00+05:30,Gaddiannaram,L.B Nagar,Cluster Beans,31.0,2500.0,3000.0,2700.0
2025-03-20 00:00:00+05:30,Bowenpally,Bowenpally,Ladys Finger,679.0,1000.0,2000.0,1700.0
2025-03-19 00:00:00+05:30,Shadnagar,Shadnagar,Carrot,10.0,2500.0,3000.0,2800.0
2025-03-19 00:00:00+05:30,Gudimalkapur,Gudumalkapur,Green Chillies,768.0,1200.0,2500.0,2000.0
2025-03-19 00:00:00+05:30,Vantimamidi,Vantimamidi,Green Chillies,31.0,500.0,1200.0,850.0
2025-03-20 00:00:00+05:30,Gaddiannaram,Gaddiannaram,Musk Melon,1740.0,700.0,1800.0,1000.0
2025-03-19 00:00:00+05:30,Warangal,Warangal,Green Gram,52.77,5522.0,7209.0,6606.0
2025-03-19 00:00:00+05:30,Suryapet,Suryapet,Horse Gram,10.0,3866.0,4166.0,4166.0
2025-03-19 00:00:00+05:30,Gaddiannaram,L.B Nagar,Cluster Beans,40.0,2000.0,3000.0,2500.0
2025-03-19 00:00:00+05:30,Hyderabad,Madannapeta,Bottle Gourd,35.0,400.0,600.0,500.0
2025-03-19 00:00:00+05:30,Hyderabad,Meeralamandi,Bottle Gourd,5.0,400.0,400.0,400.0
2025-03-19 00:00:00+05:30,Bhainsa,Bhainsa,Tumeric,262.84,3287.0,11211.0,9489.0
2025-03-19 00:00:00+05:30,Bowenpally,Bowenpally,Ladys Finger,563.0,1000.0,2000.0,1700.0
2025-03-18 00:00:00+05:30,Vantimamidi,Vantimamidi,Green Chillies,38.0,500.0,1200.0,850.0
2025-03-19 00:00:00+05:30,Gaddiannaram,Gaddiannaram,Musk Melon,1023.0,700.0,1800.0,1000.0
2025-03-18 00:00:00+05:30,Gudimalkapur,Gudumalkapur,Green Chillies,674.0,1500.0,3500.0,2500.0
2025-03-18 00:00:00+05:30,Shadnagar,Shadnagar,Carrot,10.0,2500.0,3500.0,3000.0
2025-03-18 00:00:00+05:30,Siddipet,Siddipet,Red Gram,62.67,6311.0,6521.0,6422.0
2025-03-18 00:00:00+05:30,Pargi,Pargi,Groundnut pods,28.0,6161.0,6359.0,6300.0
2025-03-18 00:00:00+05:30,Suryapet,Suryapet,Horse Gram,1.0,4512.0,4512.0,4512.0
2025-03-18 00:00:00+05:30,Bhainsa,Bhainsa,Tumeric,193.02,4567.0,10798.0,9446.0
2025-03-18 00:00:00+05:30,Warangal,Warangal,Green Gram,4.03,7407.0,7801.0,7407.0
2025-03-17 00:00:00+05:30,Vantimamidi,Vantimamidi,Green Chillies,43.0,500.0,1500.0,1000.0
2025-03-17 00:00:00+05:30,Gudimalkapur,Gudumalkapur,Green Chillies,597.0,2000.0,4000.0,2500.0
2025-03-18 00:00:00+05:30,Gaddiannaram,L.B Nagar,Cluster Beans,30.0,2000.0,3000.0,2500.0
2025-03-18 00:00:00+05:30,Gaddiannaram,Gaddiannaram,Musk Melon,1910.0,500.0,2000.0,800.0
2025-03-18 00:00:00+05:30,Bowenpally,Bowenpally,Ladys Finger,365.0,1000.0,2000.0,1700.0
2025-03-18 00:00:00+05:30,Hyderabad,Madannapeta,Bottle Gourd,60.0,400.0,600.0,500.0
2025-03-18 00:00:00+05:30,Hyderabad,Meeralamandi,Bottle Gourd,5.0,400.0,400.0,400.0
2025-03-17 00:00:00+05:30,Shadnagar,Shadnagar,Carrot,10.0,2500.0,3500.0,3000.0
2025-03-17 00:00:00+05:30,Siddipet,Siddipet,Red Gram,17.15,6111.0,6433.0,6322.0
2025-03-17 00:00:00+05:30,Suryapet,Suryapet,Horse Gram,4.0,6209.0,6209.0,6209.0
2025-03-17 00:00:00+05:30,Bhainsa,Bhainsa,Tumeric,251.54,6004.0,10616.0,9069.0
2025-03-17 00:00:00+05:30,Hyderabad,Meeralamandi,Bottle Gourd,9.0,300.0,400.0,350.0
2025-03-17 00:00:00+05:30,Warangal,Warangal,Green Gram,15.37,6002.0,7407.0,7407.0
2025-03-17 00:00:00+05:30,Hyderabad,Madannapeta,Bottle Gourd,70.0,200.0,400.0,300.0
2025-03-17 00:00:00+05:30,Bowenpally,Bowenpally,Ladys Finger,399.0,1000.0,2000.0,1700.0
2025-03-16 00:00:00+05:30,Vantimamidi,Vantimamidi,Green Chillies,39.0,1000.0,1800.0,1400.0
2025-03-16 00:00:00+05:30,Gudimalkapur,Gudumalkapur,Green Chillies,620.0,1000.0,2500.0,1600.0
2025-03-17 00:00:00+05:30,Gaddiannaram,L.B Nagar,Cluster Beans,35.0,2000.0,3000.0,2500.0
2025-03-17 00:00:00+05:30,Gaddiannaram,Gaddiannaram,Musk Melon,1670.0,500.0,2000.0,800.0
2025-03-16 00:00:00+05:30,Hyderabad,Madannapeta,Bottle Gourd,45.0,300.0,400.0,350.0
2025-03-16 00:00:00+05:30,Gaddiannaram,Gaddiannaram,Musk Melon,1585.0,500.0,2000.0,800.0
2025-03-16 00:00:00+05:30,Hyderabad,Meeralamandi,Bottle Gourd,4.0,400.0,400.0,400.0
2025-03-16 00:00:00+05:30,Shadnagar,Shadnagar,Carrot,10.0,2500.0,3000.0,2800.0
2025-03-15 00:00:00+05:30,Vantimamidi,Vantimamidi,Green Chillies,32.0,1000.0,1800.0,1400.0
2025-03-15 00:00:00+05:30,Gudimalkapur,Gudumalkapur,Green Chillies,437.0,1800.0,3500.0,2500.0
2025-03-16 00:00:00+05:30,Gaddiannaram,L.B Nagar,Cluster Beans,24.0,3000.0,3500.0,3200.0
2025-03-15 00:00:00+05:30,Bhainsa,Bhainsa,Tumeric,106.13,7313.0,10268.0,9359.0
2025-03-15 00:00:00+05:30,Shadnagar,Shadnagar,Carrot,10.0,2500.0,3500.0,3000.0
2025-03-15 00:00:00+05:30,Badepally,Badepally,Cotton,2.0,5300.0,5300.0,5300.0
2025-03-15 00:00:00+05:30,Siddipet,Siddipet,Red Gram,7.38,6003.0,6452.0,6372.0
2025-03-15 00:00:00+05:30,Bowenpally,Bowenpally,Ladys Finger,716.0,1000.0,1700.0,1400.0
2025-03-15 00:00:00+05:30,Hyderabad,Madannapeta,Bottle Gourd,65.0,300.0,400.0,350.0
2025-03-15 00:00:00+05:30,Hyderabad,Meeralamandi,Bottle Gourd,6.0,300.0,400.0,350.0
2025-03-15 00:00:00+05:30,Gaddiannaram,L.B Nagar,Cluster Beans,21.0,3000.0,3500.0,3200.0
2025-03-15 00:00:00+05:30,Gaddiannaram,Gaddiannaram,Musk Melon,970.0,500.0,2000.0,800.0
2025-03-14 00:00:00+05:30,Vantimamidi,Vantimamidi,Green Chillies,5.0,1500.0,1500.0,1500.0
2025-03-14 00:00:00+05:30,Gudimalkapur,Gudumalkapur,Green Chillies,435.0,1000.0,2000.0,1500.0
2025-03-14 00:00:00+05:30,Hyderabad,Madannapeta,Bottle Gourd,30.0,600.0,600.0,600.0
2025-03-14 00:00:00+05:30,Bowenpally,Bowenpally,Ladys Finger,690.0,800.0,1500.0,1300.0
2025-03-13 00:00:00+05:30,Vantimamidi,Vantimamidi,Green Chillies,54.0,1000.0,2000.0,1500.0
2025-03-13 00:00:00+05:30,Gudimalkapur,Gudumalkapur,Green Chillies,654.0,1000.0,2800.0,1600.0
2025-03-14 00:00:00+05:30,Gaddiannaram,L.B Nagar,Cluster Beans,33.0,3000.0,3500.0,3200.0
2025-03-14 00:00:00+05:30,Gaddiannaram,Gaddiannaram,Musk Melon,875.0,500.0,2000.0,800.0
2025-03-13 00:00:00+05:30,Shadnagar,Shadnagar,Carrot,20.0,2400.0,2800.0,2600.0
2025-03-13 00:00:00+05:30,Bhainsa,Bhainsa,Tumeric,79.23,7206.0,10158.0,9318.0
2025-03-13 00:00:00+05:30,Bowenpally,Bowenpally,Ladys Finger,634.0,800.0,2200.0,1800.0
2025-03-13 00:00:00+05:30,Hyderabad,Meeralamandi,Bottle Gourd,10.0,500.0,600.0,550.0
2025-03-13 00:00:00+05:30,Hyderabad,Madannapeta,Bottle Gourd,45.0,200.0,400.0,300.0
2025-03-13 00:00:00+05:30,Gaddiannaram,L.B Nagar,Cluster Beans,44.0,3000.0,3500.0,3200.0
2025-03-13 00:00:00+05:30,Gaddiannaram,Gaddiannaram,Musk Melon,1110.0,500.0,2000.0,800.0
2025-03-12 00:00:00+05:30,Vantimamidi,Vantimamidi,Green Chillies,33.0,1000.0,1500.0,1250.0
2025-03-12 00:00:00+05:30,Shadnagar,Shadnagar,Carrot,15.0,2500.0,3000.0,2800.0
2025-03-12 00:00:00+05:30,Gudimalkapur,Gudumalkapur,Green Chillies,672.0,1500.0,3500.0,2500.0
2025-03-12 00:00:00+05:30,Suryapet,Suryapet,Horse Gram,22.0,4609.0,6659.0,4609.0
2025-03-12 00:00:00+05:30,Hyderabad,Meeralamandi,Bottle Gourd,10.0,200.0,400.0,300.0
2025-03-12 00:00:00+05:30,Bhainsa,Bhainsa,Tumeric,48.48,8518.0,10154.0,9208.0
2025-03-12 00:00:00+05:30,Warangal,Warangal,Green Gram,38.2,8555.0,9400.0,9306.0
2025-03-11 00:00:00+05:30,Gudimalkapur,Gudumalkapur,Green Chillies,594.0,1000.0,3500.0,2500.0
2025-03-11 00:00:00+05:30,Vantimamidi,Vantimamidi,Green Chillies,19.0,1000.0,2000.0,1500.0
2025-03-12 00:00:00+05:30,Gaddiannaram,Gaddiannaram,Musk Melon,1425.0,500.0,2000.0,800.0
2025-03-12 00:00:00+05:30,Hyderabad,Madannapeta,Bottle Gourd,25.0,600.0,600.0,600.0
2025-03-12 00:00:00+05:30,Gaddiannaram,L.B Nagar,Cluster Beans,33.0,3000.0,3500.0,3200.0
2025-03-12 00:00:00+05:30,Bowenpally,Bowenpally,Ladys Finger,427.0,800.0,2200.0,1700.0
2025-03-11 00:00:00+05:30,Shadnagar,Shadnagar,Carrot,20.0,2200.0,2800.0,2500.0
2025-03-11 00:00:00+05:30,Siddipet,Siddipet,Red Gram,39.27,6011.0,6505.0,6351.0
2025-03-11 00:00:00+05:30,Suryapet,Suryapet,Horse Gram,7.0,4559.0,7159.0,4559.0
2025-03-11 00:00:00+05:30,Karimnagar,Karimnagar,Cowpea,2.0,6609.0,6609.0,6609.0
2025-03-11 00:00:00+05:30,Shankerpally,Shankerpally,Green Chillies,3.9,3700.0,4500.0,4100.0
2025-03-11 00:00:00+05:30,Pargi,Pargi,Groundnut pods,18.0,6020.0,6419.0,6359.0
2025-03-11 00:00:00+05:30,Warangal,Warangal,Green Gram,1.8,7152.0,7152.0,7152.0
2025-03-11 00:00:00+05:30,Hyderabad,Meeralamandi,Bottle Gourd,5.0,300.0,400.0,350.0
2025-03-11 00:00:00+05:30,Bhainsa,Bhainsa,Tumeric,73.18,6006.0,10214.0,9506.0
2025-03-11 00:00:00+05:30,Hyderabad,Madannapeta,Bottle Gourd,40.0,200.0,400.0,300.0
2025-03-11 00:00:00+05:30,Gaddiannaram,L.B Nagar,Cluster Beans,30.0,3000.0,3500.0,3200.0
2025-03-11 00:00:00+05:30,Bowenpally,Bowenpally,Ladys Finger,458.0,1000.0,2200.0,1800.0
2025-03-10 00:00:00+05:30,Shadnagar,Shadnagar,Carrot,15.0,2000.0,2800.0,2500.0
2025-03-10 00:00:00+05:30,Gudimalkapur,Gudumalkapur,Green Chillies,598.0,1200.0,4000.0,3000.0
2025-03-11 00:00:00+05:30,Gaddiannaram,Gaddiannaram,Musk Melon,1480.0,500.0,2000.0,800.0
2025-03-10 00:00:00+05:30,Vantimamidi,Vantimamidi,Green Chillies,19.0,1000.0,1500.0,1250.0
2025-03-10 00:00:00+05:30,Khammam,Khammam,Chillies(Dry),992.0,4900.0,5500.0,5000.0
2025-03-10 00:00:00+05:30,Bhainsa,Bhainsa,Tumeric,274.83,7555.0,10289.0,9444.0
2025-03-10 00:00:00+05:30,Siddipet,Siddipet,Red Gram,37.92,6320.0,6606.0,6501.0
2025-03-10 00:00:00+05:30,Hyderabad,Meeralamandi,Bottle Gourd,11.0,200.0,400.0,300.0
2025-03-10 00:00:00+05:30,Hyderabad,Madannapeta,Bottle Gourd,70.0,200.0,600.0,400.0
2025-03-10 00:00:00+05:30,Warangal,Warangal,Green Gram,16.69,3212.0,7524.0,6879.0
2025-03-10 00:00:00+05:30,Gaddiannaram,L.B Nagar,Cluster Beans,28.0,3000.0,3500.0,3200.0
2025-03-10 00:00:00+05:30,Gaddiannaram,Gaddiannaram,Musk Melon,1317.0,500.0,2000.0,800.0
2025-03-10 00:00:00+05:30,Bowenpally,Bowenpally,Ladys Finger,338.0,800.0,2200.0,1800.0
2025-03-09 00:00:00+05:30,Gudimalkapur,Gudumalkapur,Green Chillies,649.0,1500.0,3800.0,2500.0
2025-03-09 00:00:00+05:30,Venkateshwar Nagar,V Nagar,Ladys Finger,2.0,40.0,40.0,40.0
2025-03-09 00:00:00+05:30,Shadnagar,Shadnagar,Carrot,10.0,1800.0,2500.0,2000.0
2025-03-09 00:00:00+05:30,Hyderabad,Madannapeta,Bottle Gourd,40.0,200.0,400.0,300.0
2025-03-09 00:00:00+05:30,Bowenpally,Bowenpally,Ladys Finger,294.0,800.0,2200.0,1800.0
2025-03-09 00:00:00+05:30,Gaddiannaram,L.B Nagar,Cluster Beans,15.0,3000.0,4000.0,3500.0
2025-03-09 00:00:00+05:30,Gaddiannaram,Gaddiannaram,Musk Melon,1245.0,500.0,2000.0,800.0
2025-03-08 00:00:00+05:30,Siddipet,Siddipet,Red Gram,11.68,6251.0,6536.0,6433.0
2025-03-08 00:00:00+05:30,Gudimalkapur,Gudumalkapur,Green Chillies,528.0,2000.0,3500.0,2500.0
2025-03-08 00:00:00+05:30,Vantimamidi,Vantimamidi,Green Chillies,48.0,1000.0,2000.0,1500.0
2025-03-08 00:00:00+05:30,Badepally,Badepally,Cotton,15.0,5089.0,5609.0,5609.0
2025-03-08 00:00:00+05:30,Shadnagar,Shadnagar,Carrot,15.0,2000.0,2600.0,2300.0
2025-03-08 00:00:00+05:30,Suryapet,Suryapet,Horse Gram,5.0,5526.0,5526.0,5526.0
2025-03-08 00:00:00+05:30,Bhainsa,Bhainsa,Tumeric,91.75,6004.0,10289.0,9349.0
2025-03-08 00:00:00+05:30,Hyderabad,Meeralamandi,Bottle Gourd,8.0,300.0,400.0,350.0
2025-03-08 00:00:00+05:30,Hyderabad,Madannapeta,Bottle Gourd,55.0,100.0,300.0,200.0
2025-03-07 00:00:00+05:30,Shadnagar,Shadnagar,Carrot,20.0,2200.0,3000.0,2500.0
2025-03-07 00:00:00+05:30,Siddipet,Siddipet,Red Gram,30.91,6231.0,6624.0,6451.0
2025-03-07 00:00:00+05:30,Vantimamidi,Vantimamidi,Green Chillies,7.0,1000.0,1500.0,1250.0
2025-03-07 00:00:00+05:30,Gudimalkapur,Gudumalkapur,Green Chillies,672.0,1500.0,3500.0,2000.0
2025-03-08 00:00:00+05:30,Gaddiannaram,L.B Nagar,Cluster Beans,22.0,3000.0,3500.0,3200.0
2025-03-08 00:00:00+05:30,Gaddiannaram,Gaddiannaram,Musk Melon,1453.0,500.0,2000.0,800.0
2025-03-08 00:00:00+05:30,Bowenpally,Bowenpally,Ladys Finger,445.0,1000.0,2000.0,1600.0
2025-03-07 00:00:00+05:30,Khammam,Khammam,Chillies(Dry),1134.0,5100.0,6500.0,6000.0
2025-03-07 00:00:00+05:30,Pargi,Pargi,Groundnut pods,5.0,6000.0,6300.0,6150.0
2025-03-07 00:00:00+05:30,Bhainsa,Bhainsa,Tumeric,182.13,5013.0,10587.0,7853.0
2025-03-07 00:00:00+05:30,Warangal,Warangal,Green Gram,2.84,3122.0,7002.0,7002.0
2025-03-07 00:00:00+05:30,Bowenpally,Bowenpally,Ladys Finger,493.0,800.0,2000.0,1600.0
2025-03-07 00:00:00+05:30,Hyderabad,Meeralamandi,Bottle Gourd,5.0,400.0,400.0,400.0
2025-03-07 00:00:00+05:30,Hyderabad,Madannapeta,Bottle Gourd,65.0,200.0,400.0,300.0
2025-03-06 00:00:00+05:30,Shadnagar,Shadnagar,Carrot,20.0,1800.0,2600.0,2300.0
2025-03-06 00:00:00+05:30,Vantimamidi,Vantimamidi,Green Chillies,24.0,1000.0,1500.0,1250.0
2025-03-07 00:00:00+05:30,Gaddiannaram,L.B Nagar,Cluster Beans,42.0,3000.0,3500.0,3200.0
2025-03-07 00:00:00+05:30,Gaddiannaram,Gaddiannaram,Musk Melon,1421.0,500.0,2000.0,800.0
2025-03-06 00:00:00+05:30,Gudimalkapur,Gudumalkapur,Green Chillies,641.0,1500.0,2500.0,2000.0
2025-03-06 00:00:00+05:30,Siddipet,Siddipet,Red Gram,44.37,6455.0,6615.0,6550.0
2025-03-06 00:00:00+05:30,Warangal,Warangal,Green Gram,9.04,4212.0,7020.0,6422.0
2025-03-06 00:00:00+05:30,Suryapet,Suryapet,Horse Gram,2.0,3559.0,6012.0,6012.0
2025-03-06 00:00:00+05:30,Bhainsa,Bhainsa,Tumeric,46.84,5508.0,10154.0,8318.0
2025-03-06 00:00:00+05:30,Shankerpally,Shankerpally,Green Chillies,2.7,4300.0,4500.0,4400.0
2025-03-06 00:00:00+05:30,Hyderabad,Madannapeta,Bottle Gourd,25.0,400.0,400.0,400.0
2025-03-06 00:00:00+05:30,Hyderabad,Meeralamandi,Bottle Gourd,6.0,400.0,400.0,400.0
2025-03-06 00:00:00+05:30,Gaddiannaram,L.B Nagar,Cluster Beans,37.0,3000.0,3500.0,3200.0
2025-03-06 00:00:00+05:30,Bowenpally,Bowenpally,Ladys Finger,487.0,1000.0,2000.0,1700.0
2025-03-05 00:00:00+05:30,Vantimamidi,Vantimamidi,Green Chillies,27.0,1500.0,2000.0,1500.0
2025-03-06 00:00:00+05:30,Gaddiannaram,Gaddiannaram,Musk Melon,1170.0,800.0,2000.0,1000.0
2025-03-05 00:00:00+05:30,Shadnagar,Shadnagar,Carrot,10.0,2500.0,3000.0,2800.0
2025-03-05 00:00:00+05:30,Badepally,Badepally,Cotton,8.0,5469.0,6289.0,6531.0
2025-03-05 00:00:00+05:30,Gudimalkapur,Gudumalkapur,Green Chillies,661.0,1500.0,2500.0,2000.0
2025-03-05 00:00:00+05:30,Suryapet,Suryapet,Horse Gram,1.0,5159.0,5159.0,5159.0
2025-03-05 00:00:00+05:30,Siddipet,Siddipet,Red Gram,27.82,6408.0,6641.0,6588.0
2025-03-05 00:00:00+05:30,Khammam,Khammam,Chillies(Dry),782.0,5200.0,6500.0,6000.0
2025-03-05 00:00:00+05:30,Bhainsa,Bhainsa,Tumeric,80.19,8399.0,10611.0,9711.0
2025-03-05 00:00:00+05:30,Hyderabad,Meeralamandi,Bottle Gourd,9.0,300.0,400.0,350.0
2025-03-05 00:00:00+05:30,Warangal,Warangal,Green Gram,149.93,3122.0,6840.0,6840.0
2025-03-05 00:00:00+05:30,Hyderabad,Madannapeta,Bottle Gourd,60.0,400.0,400.0,400.0
2025-03-05 00:00:00+05:30,Bowenpally,Bowenpally,Ladys Finger,378.0,600.0,4500.0,3000.0
2025-03-05 00:00:00+05:30,Gaddiannaram,L.B Nagar,Cluster Beans,25.0,3000.0,3500.0,3200.0
2025-03-05 00:00:00+05:30,Gaddiannaram,Gaddiannaram,Musk Melon,1255.0,800.0,5000.0,1000.0
2025-03-04 00:00:00+05:30,Vantimamidi,Vantimamidi,Green Chillies,36.0,1000.0,1500.0,1250.0
2025-03-04 00:00:00+05:30,Shadnagar,Shadnagar,Carrot,20.0,2000.0,2500.0,2300.0
2025-03-04 00:00:00+05:30,Gudimalkapur,Gudumalkapur,Green Chillies,704.0,1200.0,3200.0,2200.0
2025-03-04 00:00:00+05:30,Siddipet,Siddipet,Red Gram,26.89,6212.0,6615.0,6485.0
2025-03-04 00:00:00+05:30,Suryapet,Suryapet,Horse Gram,2.0,6209.0,6259.0,6209.0
2025-03-04 00:00:00+05:30,Pargi,Pargi,Groundnut pods,51.0,5700.0,6509.0,6239.0
2025-03-04 00:00:00+05:30,Bhainsa,Bhainsa,Tumeric,115.76,5067.0,10611.0,9251.0
2025-03-04 00:00:00+05:30,Hyderabad,Meeralamandi,Bottle Gourd,9.0,400.0,400.0,400.0
2025-03-04 00:00:00+05:30,Warangal,Warangal,Green Gram,13.13,5152.0,7002.0,7002.0
2025-03-04 00:00:00+05:30,Bowenpally,Bowenpally,Ladys Finger,485.0,800.0,2000.0,1600.0
2025-03-04 00:00:00+05:30,Hyderabad,Madannapeta,Bottle Gourd,30.0,200.0,400.0,300.0
2025-03-03 00:00:00+05:30,Gudimalkapur,Gudumalkapur,Green Chillies,722.0,1800.0,3500.0,2500.0
2025-03-03 00:00:00+05:30,Vantimamidi,Vantimamidi,Green Chillies,12.0,1500.0,1500.0,1500.0
2025-03-04 00:00:00+05:30,Gaddiannaram,L.B Nagar,Cluster Beans,30.0,3000.0,3500.0,3200.0
2025-03-04 00:00:00+05:30,Gaddiannaram,Gaddiannaram,Musk Melon,1777.0,800.0,2000.0,1000.0
2025-03-03 00:00:00+05:30,Suryapet,Suryapet,Horse Gram,10.0,4559.0,5059.0,4559.0
2025-03-03 00:00:00+05:30,Bhainsa,Bhainsa,Tumeric,28.8,7004.0,10613.0,9000.0
2025-03-03 00:00:00+05:30,Siddipet,Siddipet,Red Gram,70.36,6455.0,6669.0,6511.0
2025-03-03 00:00:00+05:30,Shadnagar,Shadnagar,Carrot,20.0,2000.0,2600.0,2300.0
2025-03-03 00:00:00+05:30,Warangal,Warangal,Green Gram,7.64,6352.0,6552.0,6352.0
2025-03-03 00:00:00+05:30,Hyderabad,Madannapeta,Bottle Gourd,45.0,400.0,400.0,400.0
2025-03-03 00:00:00+05:30,Hyderabad,Meeralamandi,Bottle Gourd,8.0,400.0,400.0,400.0
2025-03-03 00:00:00+05:30,Bowenpally,Bowenpally,Ladys Finger,439.0,800.0,2000.0,1600.0
2025-03-03 00:00:00+05:30,Gaddiannaram,L.B Nagar,Cluster Beans,30.0,3000.0,3500.0,3200.0
2025-03-02 00:00:00+05:30,Gudimalkapur,Gudumalkapur,Green Chillies,820.0,1500.0,3500.0,2400.0
2025-03-02 00:00:00+05:30,Vantimamidi,Vantimamidi,Green Chillies,23.0,1000.0,2000.0,1500.0
2025-03-03 00:00:00+05:30,Gaddiannaram,Gaddiannaram,Musk Melon,2652.0,800.0,2000.0,1000.0
2025-03-02 00:00:00+05:30,Hyderabad,Madannapeta,Bottle Gourd,35.0,200.0,400.0,300.0
2025-03-02 00:00:00+05:30,Gaddiannaram,Gaddiannaram,Musk Melon,1565.0,800.0,2000.0,1000.0
2025-03-02 00:00:00+05:30,Hyderabad,Meeralamandi,Bottle Gourd,10.0,300.0,500.0,400.0
2025-03-02 00:00:00+05:30,Shadnagar,Shadnagar,Carrot,20.0,2000.0,2500.0,2300.0
2025-03-01 00:00:00+05:30,Vantimamidi,Vantimamidi,Green Chillies,40.0,1000.0,1500.0,1250.0
2025-03-02 00:00:00+05:30,Gaddiannaram,L.B Nagar,Cluster Beans,30.0,3000.0,3500.0,3200.0
2025-03-02 00:00:00+05:30,Bowenpally,Bowenpally,Ladys Finger,442.0,1000.0,1700.0,1500.0
2025-03-01 00:00:00+05:30,Gudimalkapur,Gudumalkapur,Green Chillies,399.0,1800.0,3000.0,2000.0
2025-03-01 00:00:00+05:30,Badepally,Badepally,Cotton,5.0,6289.0,6289.0,6289.0
2025-03-01 00:00:00+05:30,Jagtial,Jagtial,Gingelly,1.0,6589.0,6589.0,6589.0
2025-03-01 00:00:00+05:30,Suryapet,Suryapet,Horse Gram,6.0,6059.0,6459.0,6459.0
2025-03-01 00:00:00+05:30,Hyderabad,Meeralamandi,Bottle Gourd,5.0,300.0,400.0,350.0
2025-03-01 00:00:00+05:30,Hyderabad,Madannapeta,Bottle Gourd,85.0,400.0,400.0,400.0
2025-03-01 00:00:00+05:30,Bhainsa,Bhainsa,Tumeric,152.79,4067.0,10468.0,8968.0
2025-03-01 00:00:00+05:30,Shankerpally,Shankerpally,Green Chillies,4.8,3000.0,4000.0,3500.0
2025-03-01 00:00:00+05:30,Gaddiannaram,L.B Nagar,Cluster Beans,30.0,3000.0,3500.0,3200.0
2025-03-01 00:00:00+05:30,Gaddiannaram,Gaddiannaram,Musk Melon,1558.0,800.0,2000.0,1000.0
2025-03-01 00:00:00+05:30,Bowenpally,Bowenpally,Ladys Finger,483.0,800.0,1700.0,1400.0
2025-03-31 00:00:00+05:30,Vantimamidi,Vantimamidi,Green Chillies,21.0,1000.0,1500.0,1250.0
2025-03-31 00:00:00+05:30,Shadnagar,Shadnagar,Carrot,10.0,2500.0,3500.0,3000.0
2025-03-31 00:00:00+05:30,Gaddiannaram,L.B Nagar,Cluster Beans,7.0,2000.0,3000.0,2500.0
2025-03-30 00:00:00+05:30,Vantimamidi,Vantimamidi,Green Chillies,43.0,1200.0,1800.0,1500.0
2025-03-31 00:00:00+05:30,Hyderabad,Madannapeta,Bottle Gourd,50.0,300.0,400.0,350.0
2025-03-31 00:00:00+05:30,Gudimalkapur,Gudumalkapur,Green Chillies,375.0,2500.0,3500.0,3000.0
2025-03-30 00:00:00+05:30,Shadnagar,Shadnagar,Carrot,20.0,2000.0,2600.0,2300.0
2025-03-30 00:00:00+05:30,Gaddiannaram,Gaddiannaram,Musk Melon,1175.0,600.0,1500.0,800.0
2025-03-31 00:00:00+05:30,Bowenpally,Bowenpally,Ladys Finger,983.0,1000.0,1700.0,1500.0
2025-03-29 00:00:00+05:30,Hyderabad,Meeralamandi,Bottle Gourd,11.0,500.0,500.0,500.0
2025-03-29 00:00:00+05:30,Gudimalkapur,Gudumalkapur,Green Chillies,667.0,2000.0,3500.0,2000.0
2025-03-29 00:00:00+05:30,Shadnagar,Shadnagar,Carrot,15.0,2500.0,3000.0,2800.0
2025-03-29 00:00:00+05:30,Bowenpally,Bowenpally,Ladys Finger,691.0,500.0,1500.0,1200.0
2025-03-29 00:00:00+05:30,Gaddiannaram,L.B Nagar,Cluster Beans,23.0,2000.0,3000.0,2500.0
2025-03-29 00:00:00+05:30,Hyderabad,Madannapeta,Bottle Gourd,30.0,400.0,400.0,400.0
2025-03-28 00:00:00+05:30,Gudimalkapur,Gudumalkapur,Green Chillies,412.0,1000.0,3000.0,1500.0
2025-03-28 00:00:00+05:30,Siddipet,Siddipet,Red Gram,1.76,6156.0,6156.0,6156.0
2025-03-28 00:00:00+05:30,Vantimamidi,Vantimamidi,Green Chillies,27.0,1000.0,1500.0,1250.0
2025-03-29 00:00:00+05:30,Gaddiannaram,Gaddiannaram,Musk Melon,870.0,600.0,1500.0,800.0
2025-03-28 00:00:00+05:30,Bhainsa,Bhainsa,Tumeric,150.43,5027.0,12169.0,11366.0
2025-03-28 00:00:00+05:30,Bowenpally,Bowenpally,Ladys Finger,636.0,600.0,1500.0,1200.0
2025-03-28 00:00:00+05:30,Hyderabad,Meeralamandi,Bottle Gourd,9.0,400.0,600.0,500.0
2025-03-28 00:00:00+05:30,Hyderabad,Madannapeta,Bottle Gourd,45.0,300.0,500.0,400.0
2025-03-27 00:00:00+05:30,Vantimamidi,Vantimamidi,Green Chillies,26.0,1500.0,2500.0,2000.0
2025-03-27 00:00:00+05:30,Gudimalkapur,Gudumalkapur,Green Chillies,613.0,1800.0,3000.0,2200.0
2025-03-28 00:00:00+05:30,Gaddiannaram,L.B Nagar,Cluster Beans,37.0,2000.0,3000.0,2500.0
2025-03-28 00:00:00+05:30,Gaddiannaram,Gaddiannaram,Musk Melon,1770.0,600.0,1500.0,800.0
2025-03-27 00:00:00+05:30,Bhainsa,Bhainsa,Tumeric,271.39,6513.0,11986.0,10569.0
2025-03-27 00:00:00+05:30,Hyderabad,Meeralamandi,Bottle Gourd,6.0,400.0,400.0,400.0
2025-03-27 00:00:00+05:30,Shadnagar,Shadnagar,Carrot,10.0,2200.0,2800.0,2300.0
2025-03-27 00:00:00+05:30,Siddipet,Siddipet,Red Gram,7.77,6001.0,6345.0,6211.0
2025-03-27 00:00:00+05:30,Hyderabad,Madannapeta,Bottle Gourd,60.0,200.0,300.0,250.0
2025-03-27 00:00:00+05:30,Warangal,Warangal,Green Gram,10.65,6569.0,7308.0,6769.0
2025-03-27 00:00:00+05:30,Gaddiannaram,L.B Nagar,Cluster Beans,24.0,2000.0,3000.0,2500.0
2025-03-27 00:00:00+05:30,Gaddiannaram,Gaddiannaram,Musk Melon,1285.0,500.0,1400.0,700.0
2025-03-27 00:00:00+05:30,Bowenpally,Bowenpally,Ladys Finger,588.0,1000.0,1700.0,1500.0
2025-03-26 00:00:00+05:30,Gudimalkapur,Gudumalkapur,Green Chillies,563.0,1500.0,3000.0,2200.0
2025-03-26 00:00:00+05:30,Vantimamidi,Vantimamidi,Green Chillies,54.0,1200.0,1800.0,1500.0
2025-03-26 00:00:00+05:30,Shadnagar,Shadnagar,Carrot,18.0,2500.0,3200.0,2800.0
2025-03-26 00:00:00+05:30,Badepally,Badepally,Cotton,21.0,6167.0,6209.0,6167.0
2025-03-26 00:00:00+05:30,Siddipet,Siddipet,Red Gram,10.75,6081.0,6352.0,6211.0
2025-03-26 00:00:00+05:30,Suryapet,Suryapet,Horse Gram,3.0,6012.0,6116.0,6012.0
2025-03-26 00:00:00+05:30,Bhainsa,Bhainsa,Tumeric,180.23,5013.0,12000.0,9378.0
2025-03-26 00:00:00+05:30,Hyderabad,Meeralamandi,Bottle Gourd,5.0,400.0,400.0,400.0
2025-03-25 00:00:00+05:30,Siddipet,Siddipet,Red Gram,20.29,5778.0,6361.0,6255.0
2025-03-26 00:00:00+05:30,Hyderabad,Madannapeta,Bottle Gourd,30.0,400.0,400.0,400.0
2025-03-26 00:00:00+05:30,Warangal,Warangal,Green Gram,6.55,3022.0,7251.0,3022.0
2025-03-26 00:00:00+05:30,Bowenpally,Bowenpally,Ladys Finger,572.0,500.0,1500.0,1200.0
2025-03-26 00:00:00+05:30,Gaddiannaram,L.B Nagar,Cluster Beans,32.0,2000.0,3000.0,2500.0
2025-03-26 00:00:00+05:30,Gaddiannaram,Gaddiannaram,Musk Melon,1565.0,500.0,1400.0,700.0
2025-03-25 00:00:00+05:30,Gudimalkapur,Gudumalkapur,Green Chillies,510.0,1500.0,3500.0,2300.0
2025-03-25 00:00:00+05:30,Vantimamidi,Vantimamidi,Green Chillies,56.0,1500.0,2000.0,1750.0
2025-03-25 00:00:00+05:30,Shadnagar,Shadnagar,Carrot,18.0,2500.0,3200.0,3000.0
2025-03-25 00:00:00+05:30,Gaddiannaram,L.B Nagar,Cluster Beans,23.0,2000.0,3000.0,2500.0
2025-03-25 00:00:00+05:30,Hyderabad,Madannapeta,Bottle Gourd,65.0,200.0,400.0,300.0
2025-03-25 00:00:00+05:30,Bhainsa,Bhainsa,Tumeric,145.35,5036.0,11536.0,9026.0
2025-03-25 00:00:00+05:30,Hyderabad,Meeralamandi,Bottle Gourd,4.0,400.0,400.0,400.0
2025-03-25 00:00:00+05:30,Khammam,Khammam,Chillies(Dry),3385.0,4000.0,5800.0,5500.0
2025-03-25 00:00:00+05:30,Warangal,Warangal,Green Gram,5.1,6852.0,7422.0,7422.0
2025-03-25 00:00:00+05:30,Bowenpally,Bowenpally,Ladys Finger,561.0,800.0,1500.0,1300.0
2025-03-24 00:00:00+05:30,Vantimamidi,Vantimamidi,Green Chillies,95.0,600.0,1800.0,1200.0
2025-03-25 00:00:00+05:30,Gaddiannaram,Gaddiannaram,Musk Melon,955.0,500.0,1400.0,700.0
2025-03-24 00:00:00+05:30,Shadnagar,Shadnagar,Carrot,20.0,2500.0,3500.0,3000.0
2025-03-24 00:00:00+05:30,Siddipet,Siddipet,Red Gram,15.29,6211.0,6351.0,6251.0
2025-03-24 00:00:00+05:30,Gudimalkapur,Gudumalkapur,Green Chillies,484.0,1500.0,3500.0,2500.0
2025-03-24 00:00:00+05:30,Suryapet,Suryapet,Horse Gram,2.0,2856.0,4208.0,4208.0
2025-03-24 00:00:00+05:30,Bhainsa,Bhainsa,Tumeric,138.95,6511.0,12387.0,12089.0
2025-03-24 00:00:00+05:30,Hyderabad,Meeralamandi,Bottle Gourd,5.0,400.0,400.0,400.0
2025-03-24 00:00:00+05:30,Warangal,Warangal,Green Gram,1.54,6852.0,7012.0,7012.0
2025-03-24 00:00:00+05:30,Bowenpally,Bowenpally,Ladys Finger,867.0,500.0,1500.0,1200.0
2025-03-24 00:00:00+05:30,Hyderabad,Madannapeta,Bottle Gourd,120.0,200.0,400.0,300.0
2025-03-01 00:00:00+05:30,Bowenpally,Bowenpally,Green Chillies,1211.0,800.0,2500.0,1800.0
2025-03-01 00:00:00+05:30,Gaddiannaram,Gaddiannaram,Water Melon,7805.0,400.0,1100.0,500.0
2025-03-01 00:00:00+05:30,Gaddiannaram,L.B Nagar,Field Beans,10.0,2500.0,3000.0,2700.0
2025-03-01 00:00:00+05:30,Shankerpally,Shankerpally,Tomato,25.6,650.0,1000.0,825.0
2025-03-01 00:00:00+05:30,Thirumalagiri,Tirmalagiri,Red Gram,220.0,5682.0,7109.0,6447.0
2025-03-01 00:00:00+05:30,Hyderabad,Madannapeta,Ribbed Gourd,10.0,2500.0,3000.0,2750.0
2025-03-01 00:00:00+05:30,Hyderabad,Meeralamandi,Ribbed Gourd,2.0,3000.0,3000.0,3000.0
2025-03-01 00:00:00+05:30,Suryapet,Suryapet,Cowpea,5.0,6059.0,6459.0,6459.0
2025-03-01 00:00:00+05:30,Badepally,Badepally,Groundnut pods,2039.0,4590.0,6989.0,5767.0
2025-03-01 00:00:00+05:30,Narayanpet,Narayanpet,Gingelly,3.0,5201.0,5201.0,5201.0
2025-03-01 00:00:00+05:30,Gudimalkapur,Gudumalkapur,Tomato,2704.0,300.0,1000.0,600.0
2025-03-02 00:00:00+05:30,Bowenpally,Bowenpally,Green Chillies,1728.0,1000.0,3000.0,2200.0
2025-03-02 00:00:00+05:30,Gaddiannaram,L.B Nagar,Field Beans,19.0,3000.0,4000.0,3500.0
2025-03-01 00:00:00+05:30,Vantimamidi,Vantimamidi,Tomato,15.0,500.0,500.0,500.0
2025-03-02 00:00:00+05:30,Shadnagar,Shadnagar,Brinjal,15.0,800.0,1200.0,1000.0
2025-03-02 00:00:00+05:30,Gaddiannaram,Gaddiannaram,Water Melon,8183.0,400.0,1100.0,500.0
2025-03-02 00:00:00+05:30,Hyderabad,Madannapeta,Ribbed Gourd,6.0,2500.0,3000.0,2750.0
2025-03-03 00:00:00+05:30,Gaddiannaram,Gaddiannaram,Water Melon,8948.0,400.0,900.0,600.0
2025-03-02 00:00:00+05:30,Vantimamidi,Vantimamidi,Tomato,13.0,500.0,500.0,500.0
2025-03-02 00:00:00+05:30,Gudimalkapur,Gudumalkapur,Tomato,2733.0,400.0,1200.0,700.0
2025-03-03 00:00:00+05:30,Gaddiannaram,L.B Nagar,Field Beans,15.0,2500.0,3500.0,3000.0
2025-03-03 00:00:00+05:30,Bowenpally,Bowenpally,Green Chillies,1280.0,1500.0,3000.0,2500.0
2025-03-03 00:00:00+05:30,Hyderabad,Meeralamandi,Ribbed Gourd,2.0,3500.0,3500.0,3500.0
2025-03-03 00:00:00+05:30,Thirumalagiri,Tirmalagiri,Red Gram,369.0,5682.0,7174.0,6588.0
2025-03-03 00:00:00+05:30,Hyderabad,Madannapeta,Ribbed Gourd,10.0,2500.0,3000.0,2750.0
2025-03-03 00:00:00+05:30,Warangal,Warangal,Black Gram,19.41,6822.0,7152.0,7152.0
2025-03-03 00:00:00+05:30,Shadnagar,Shadnagar,Brinjal,15.0,800.0,1200.0,1000.0
2025-03-03 00:00:00+05:30,Badepally,Badepally,Groundnut pods,1822.0,4400.0,6870.0,6089.0
2025-03-03 00:00:00+05:30,Jagtial,Jagtial,Tumeric,2.0,10116.0,10116.0,10116.0
2025-03-03 00:00:00+05:30,Suryapet,Suryapet,Cowpea,10.0,3559.0,6593.0,5859.0
2025-03-03 00:00:00+05:30,Khammam,Khammam,Chillies(Dry),894.0,5000.0,6000.0,5250.0
2025-03-04 00:00:00+05:30,Gaddiannaram,Gaddiannaram,Water Melon,7838.0,400.0,900.0,600.0
2025-03-04 00:00:00+05:30,Gaddiannaram,L.B Nagar,Field Beans,14.0,3000.0,3500.0,3200.0
2025-03-03 00:00:00+05:30,Vantimamidi,Vantimamidi,Tomato,1.0,500.0,500.0,500.0
2025-03-03 00:00:00+05:30,Gudimalkapur,Gudumalkapur,Tomato,2568.0,400.0,1000.0,700.0
2025-03-04 00:00:00+05:30,Hyderabad,Madannapeta,Ribbed Gourd,17.0,2500.0,3000.0,2800.0
2025-03-04 00:00:00+05:30,Bowenpally,Bowenpally,Green Chillies,1412.0,1000.0,3000.0,2400.0
2025-03-04 00:00:00+05:30,Warangal,Warangal,Black Gram,0.59,6500.0,6500.0,6500.0
2025-03-04 00:00:00+05:30,Khammam,Khammam,Chillies(Dry),648.0,5200.0,6500.0,5900.0
2025-03-04 00:00:00+05:30,Thirumalagiri,Tirmalagiri,Red Gram,550.0,5622.0,7119.0,6499.0
2025-03-04 00:00:00+05:30,Suryapet,Suryapet,Cowpea,7.0,3696.0,6514.0,6514.0
2025-03-04 00:00:00+05:30,Karimnagar,Karimnagar,Cotton,52.0,6301.0,6601.0,6467.0
2025-03-04 00:00:00+05:30,Gudimalkapur,Gudumalkapur,Tomato,2881.0,400.0,1200.0,600.0
2025-03-04 00:00:00+05:30,Shadnagar,Shadnagar,Brinjal,15.0,800.0,1500.0,1200.0
2025-03-05 00:00:00+05:30,Gaddiannaram,Gaddiannaram,Water Melon,5010.0,400.0,900.0,500.0
2025-03-05 00:00:00+05:30,Gaddiannaram,L.B Nagar,Field Beans,17.0,3000.0,4000.0,3500.0
2025-03-05 00:00:00+05:30,Bowenpally,Bowenpally,Green Chillies,1352.0,800.0,3000.0,2400.0
2025-03-05 00:00:00+05:30,Hyderabad,Madannapeta,Ribbed Gourd,23.0,2500.0,3000.0,2750.0
2025-03-04 00:00:00+05:30,Narayanpet,Narayanpet,Gingelly,1.8,5259.0,5259.0,5259.0
2025-03-04 00:00:00+05:30,Badepally,Badepally,Groundnut pods,1255.0,5191.0,6620.0,6190.0
2025-03-05 00:00:00+05:30,Warangal,Warangal,Black Gram,5.74,7020.0,7212.0,7212.0
2025-03-05 00:00:00+05:30,Thirumalagiri,Tirmalagiri,Red Gram,449.0,5685.0,7169.0,6490.0
2025-03-05 00:00:00+05:30,Suryapet,Suryapet,Cowpea,1.0,5289.0,5289.0,5289.0
2025-03-05 00:00:00+05:30,Karimnagar,Karimnagar,Cotton,38.0,6429.0,6527.0,6502.0
2025-03-05 00:00:00+05:30,Gudimalkapur,Gudumalkapur,Tomato,3115.0,400.0,1000.0,600.0
2025-03-05 00:00:00+05:30,Badepally,Badepally,Groundnut pods,1246.0,5469.0,6780.0,6531.0
2025-03-05 00:00:00+05:30,Shadnagar,Shadnagar,Brinjal,12.0,1200.0,1800.0,1500.0
2025-03-06 00:00:00+05:30,Gaddiannaram,Gaddiannaram,Water Melon,5488.0,400.0,900.0,500.0
2025-03-06 00:00:00+05:30,Bowenpally,Bowenpally,Green Chillies,1644.0,1000.0,2800.0,2200.0
2025-03-06 00:00:00+05:30,Gaddiannaram,L.B Nagar,Field Beans,17.0,3000.0,4000.0,3500.0
2025-03-05 00:00:00+05:30,Narayanpet,Narayanpet,Gingelly,12.0,5179.0,5179.0,5179.0
2025-03-06 00:00:00+05:30,Thirumalagiri,Tirmalagiri,Red Gram,299.0,5461.0,6969.0,6497.0
2025-03-06 00:00:00+05:30,Hyderabad,Madannapeta,Ribbed Gourd,14.0,2500.0,2500.0,2500.0
2025-03-06 00:00:00+05:30,Shankerpally,Shankerpally,Tomato,7.2,750.0,1000.0,875.0
2025-03-06 00:00:00+05:30,Suryapet,Suryapet,Cowpea,1.0,6219.0,6219.0,6219.0
2025-03-06 00:00:00+05:30,Khammam,Khammam,Chillies(Dry),776.0,5100.0,6500.0,6000.0
2025-03-06 00:00:00+05:30,Warangal,Warangal,Black Gram,0.92,7122.0,7122.0,7122.0
2025-03-06 00:00:00+05:30,Karimnagar,Karimnagar,Cotton,27.0,6305.0,6559.0,6529.0
2025-03-06 00:00:00+05:30,Gudimalkapur,Gudumalkapur,Tomato,2023.0,200.0,1000.0,600.0
2025-03-07 00:00:00+05:30,Gaddiannaram,Gaddiannaram,Water Melon,3845.0,400.0,900.0,500.0
2025-03-07 00:00:00+05:30,Gaddiannaram,L.B Nagar,Field Beans,10.0,3000.0,4000.0,3500.0
2025-03-06 00:00:00+05:30,Vantimamidi,Vantimamidi,Tomato,5.0,500.0,500.0,500.0
2025-03-06 00:00:00+05:30,Shadnagar,Shadnagar,Brinjal,10.0,1200.0,1500.0,1300.0
2025-03-06 00:00:00+05:30,Badepally,Badepally,Groundnut pods,786.0,5011.0,6869.0,5618.0
2025-03-07 00:00:00+05:30,Hyderabad,Madannapeta,Ribbed Gourd,9.0,2500.0,2500.0,2500.0
2025-03-07 00:00:00+05:30,Bowenpally,Bowenpally,Green Chillies,1275.0,800.0,2500.0,2000.0
2025-03-07 00:00:00+05:30,Warangal,Warangal,Black Gram,31.81,6452.0,7250.0,6452.0
2025-03-07 00:00:00+05:30,Thirumalagiri,Tirmalagiri,Red Gram,281.0,5667.0,7019.0,6289.0
2025-03-08 00:00:00+05:30,Bowenpally,Bowenpally,Green Chillies,1601.0,1500.0,2500.0,2200.0
2025-03-08 00:00:00+05:30,Gaddiannaram,Gaddiannaram,Water Melon,6211.0,400.0,900.0,500.0
2025-03-08 00:00:00+05:30,Gaddiannaram,L.B Nagar,Field Beans,11.0,3000.0,4000.0,3500.0
2025-03-07 00:00:00+05:30,Gudimalkapur,Gudumalkapur,Tomato,1908.0,400.0,1000.0,600.0
2025-03-07 00:00:00+05:30,Vantimamidi,Vantimamidi,Tomato,28.0,500.0,500.0,500.0
2025-03-07 00:00:00+05:30,Karimnagar,Karimnagar,Cotton,39.0,6001.0,6659.0,6589.0
2025-03-07 00:00:00+05:30,Shadnagar,Shadnagar,Brinjal,15.0,1200.0,1800.0,1500.0
2025-03-07 00:00:00+05:30,Badepally,Badepally,Groundnut pods,695.0,5420.0,6941.0,6479.0
2025-03-08 00:00:00+05:30,Hyderabad,Madannapeta,Ribbed Gourd,17.0,2000.0,3000.0,2500.0
2025-03-08 00:00:00+05:30,Hyderabad,Meeralamandi,Ribbed Gourd,2.0,2800.0,2800.0,2800.0
2025-03-08 00:00:00+05:30,Thirumalagiri,Tirmalagiri,Red Gram,188.0,5687.0,6802.0,6299.0
2025-03-08 00:00:00+05:30,Suryapet,Suryapet,Cowpea,7.0,3509.0,6183.0,6183.0
2025-03-08 00:00:00+05:30,Shadnagar,Shadnagar,Brinjal,20.0,1000.0,1500.0,1200.0
2025-03-08 00:00:00+05:30,Badepally,Badepally,Groundnut pods,774.0,4411.0,6889.0,6711.0
2025-03-08 00:00:00+05:30,Jagtial,Jagtial,Tumeric,38.0,6050.0,9411.0,7201.0
2025-03-08 00:00:00+05:30,Vantimamidi,Vantimamidi,Tomato,5.0,500.0,500.0,500.0
2025-03-08 00:00:00+05:30,Gudimalkapur,Gudumalkapur,Tomato,2175.0,400.0,1000.0,600.0
2025-03-09 00:00:00+05:30,Gaddiannaram,Gaddiannaram,Water Melon,8509.0,400.0,900.0,500.0
2025-03-09 00:00:00+05:30,Gaddiannaram,L.B Nagar,Field Beans,10.0,3000.0,4000.0,3500.0
2025-03-09 00:00:00+05:30,Bowenpally,Bowenpally,Green Chillies,1365.0,1000.0,3500.0,2500.0
2025-03-09 00:00:00+05:30,Hyderabad,Madannapeta,Ribbed Gourd,12.0,2500.0,3000.0,2800.0
2025-03-09 00:00:00+05:30,Shadnagar,Shadnagar,Brinjal,15.0,800.0,1500.0,1200.0
2025-03-09 00:00:00+05:30,Venkateshwar Nagar,V Nagar,Green Chillies,4.0,25.0,25.0,25.0
2025-03-09 00:00:00+05:30,Gudimalkapur,Gudumalkapur,Tomato,2229.0,400.0,1000.0,600.0
2025-03-10 00:00:00+05:30,Bowenpally,Bowenpally,Green Chillies,1000.0,1000.0,4000.0,3000.0
2025-03-10 00:00:00+05:30,Gaddiannaram,Gaddiannaram,Water Melon,9225.0,400.0,900.0,500.0
2025-03-10 00:00:00+05:30,Gaddiannaram,L.B Nagar,Field Beans,6.0,3000.0,4000.0,3500.0
2025-03-10 00:00:00+05:30,Warangal,Warangal,Black Gram,2.63,7301.0,7452.0,7301.0
2025-03-10 00:00:00+05:30,Hyderabad,Madannapeta,Ribbed Gourd,8.0,2500.0,3000.0,2750.0
2025-03-10 00:00:00+05:30,Jagtial,Jagtial,Tumeric,291.0,5051.0,10200.0,9900.0
2025-03-10 00:00:00+05:30,Badepally,Badepally,Groundnut pods,950.0,4691.0,7061.0,6739.0
2025-03-10 00:00:00+05:30,Thirumalagiri,Tirmalagiri,Red Gram,122.0,5639.0,6739.0,6289.0
2025-03-10 00:00:00+05:30,Karimnagar,Karimnagar,Cotton,97.0,6001.0,6669.0,6639.0
2025-03-10 00:00:00+05:30,Suryapet,Suryapet,Cowpea,23.0,4079.0,6336.0,6209.0
2025-03-10 00:00:00+05:30,Vantimamidi,Vantimamidi,Tomato,9.0,500.0,500.0,500.0
2025-03-11 00:00:00+05:30,Gaddiannaram,Gaddiannaram,Water Melon,7353.0,400.0,900.0,500.0
2025-03-10 00:00:00+05:30,Gudimalkapur,Gudumalkapur,Tomato,2511.0,400.0,1000.0,600.0
2025-03-10 00:00:00+05:30,Shadnagar,Shadnagar,Brinjal,12.0,1200.0,1800.0,1500.0
2025-03-11 00:00:00+05:30,Bowenpally,Bowenpally,Green Chillies,1571.0,1000.0,3500.0,2500.0
2025-03-11 00:00:00+05:30,Gaddiannaram,L.B Nagar,Field Beans,18.0,4000.0,6000.0,5000.0
2025-03-11 00:00:00+05:30,Hyderabad,Madannapeta,Ribbed Gourd,11.0,2500.0,3000.0,2750.0
2025-03-11 00:00:00+05:30,Thirumalagiri,Tirmalagiri,Red Gram,149.0,5529.0,6754.0,6039.0
2025-03-11 00:00:00+05:30,Warangal,Warangal,Black Gram,5.46,6223.0,7062.0,7062.0
2025-03-11 00:00:00+05:30,Shankerpally,Shankerpally,Tomato,19.2,550.0,1100.0,825.0
2025-03-11 00:00:00+05:30,Khammam,Khammam,Chillies(Dry),462.0,4500.0,5000.0,5000.0
2025-03-11 00:00:00+05:30,Karimnagar,Karimnagar,Cotton,71.0,6129.0,6709.0,6403.0
2025-03-11 00:00:00+05:30,Suryapet,Suryapet,Cowpea,30.0,3059.0,6859.0,6209.0
2025-03-11 00:00:00+05:30,Jagtial,Jagtial,Tumeric,307.0,4000.0,10001.0,8000.0
2025-03-11 00:00:00+05:30,Shadnagar,Shadnagar,Brinjal,15.0,1200.0,1800.0,1500.0
2025-03-11 00:00:00+05:30,Badepally,Badepally,Groundnut pods,680.0,5649.0,7061.0,6849.0
2025-03-12 00:00:00+05:30,Bowenpally,Bowenpally,Green Chillies,1087.0,1000.0,3000.0,2500.0
2025-03-12 00:00:00+05:30,Gaddiannaram,L.B Nagar,Field Beans,7.0,3000.0,4000.0,3500.0
2025-03-12 00:00:00+05:30,Hyderabad,Madannapeta,Ribbed Gourd,10.0,2500.0,3000.0,2750.0
2025-03-12 00:00:00+05:30,Gaddiannaram,Gaddiannaram,Water Melon,5890.0,400.0,900.0,500.0
2025-03-11 00:00:00+05:30,Gudimalkapur,Gudumalkapur,Tomato,2192.0,400.0,1000.0,700.0
2025-03-12 00:00:00+05:30,Warangal,Warangal,Black Gram,4.05,9622.0,7102.0,6922.0
2025-03-12 00:00:00+05:30,Thirumalagiri,Tirmalagiri,Red Gram,258.0,5696.0,6569.0,6296.0
2025-03-12 00:00:00+05:30,Suryapet,Suryapet,Cowpea,25.0,3566.0,6233.0,6096.0
2025-03-12 00:00:00+05:30,Khammam,Khammam,Chillies(Dry),672.0,5000.0,5700.0,6100.0
2025-03-12 00:00:00+05:30,Jagtial,Jagtial,Tumeric,183.0,6021.0,10100.0,8611.0
2025-03-12 00:00:00+05:30,Karimnagar,Karimnagar,Cotton,57.0,6011.0,6752.0,6405.0
2025-03-12 00:00:00+05:30,Gudimalkapur,Gudumalkapur,Tomato,2644.0,400.0,1000.0,600.0
2025-03-12 00:00:00+05:30,Shadnagar,Shadnagar,Brinjal,12.0,1200.0,1800.0,1500.0
2025-03-12 00:00:00+05:30,Vantimamidi,Vantimamidi,Tomato,2.0,500.0,500.0,500.0
2025-03-13 00:00:00+05:30,Gaddiannaram,Gaddiannaram,Water Melon,6664.0,400.0,900.0,500.0
2025-03-13 00:00:00+05:30,Gaddiannaram,L.B Nagar,Field Beans,9.0,3000.0,4000.0,3500.0
2025-03-13 00:00:00+05:30,Hyderabad,Madannapeta,Ribbed Gourd,17.0,2000.0,3000.0,2500.0
2025-03-13 00:00:00+05:30,Hyderabad,Meeralamandi,Ribbed Gourd,4.0,3000.0,3500.0,3250.0
2025-03-12 00:00:00+05:30,Narayanpet,Narayanpet,Gingelly,4.2,5809.0,5809.0,5809.0
2025-03-13 00:00:00+05:30,Bowenpally,Bowenpally,Green Chillies,1137.0,1000.0,3000.0,2500.0
2025-03-13 00:00:00+05:30,Thirumalagiri,Tirmalagiri,Red Gram,80.0,5361.0,6640.0,6291.0
2025-03-13 00:00:00+05:30,Shadnagar,Shadnagar,Brinjal,10.0,800.0,1200.0,1000.0
2025-03-13 00:00:00+05:30,Karimnagar,Karimnagar,Cotton,47.0,6191.0,6769.0,6559.0
2025-03-13 00:00:00+05:30,Jagtial,Jagtial,Tumeric,73.0,5001.0,9613.0,9613.0
2025-03-13 00:00:00+05:30,Khammam,Khammam,Chillies(Dry),547.0,5000.0,6000.0,5100.0
2025-03-13 00:00:00+05:30,Suryapet,Suryapet,Cowpea,28.0,5279.0,6809.0,6143.0
2025-03-14 00:00:00+05:30,Gaddiannaram,Gaddiannaram,Water Melon,3775.0,400.0,900.0,500.0
2025-03-14 00:00:00+05:30,Gaddiannaram,L.B Nagar,Field Beans,6.0,3000.0,4000.0,3500.0
2025-03-13 00:00:00+05:30,Gudimalkapur,Gudumalkapur,Tomato,2476.0,200.0,800.0,400.0
2025-03-13 00:00:00+05:30,Vantimamidi,Vantimamidi,Tomato,4.0,1000.0,1000.0,1000.0
2025-03-14 00:00:00+05:30,Bowenpally,Bowenpally,Green Chillies,719.0,1000.0,2500.0,2000.0
2025-03-14 00:00:00+05:30,Hyderabad,Madannapeta,Ribbed Gourd,10.0,2500.0,3000.0,2750.0
2025-03-13 00:00:00+05:30,Choppadandi,Choppadandi,Red Gram,32.0,6309.0,6933.0,6858.0
2025-03-14 00:00:00+05:30,Gudimalkapur,Gudumalkapur,Tomato,1414.0,400.0,1000.0,600.0
2025-03-14 00:00:00+05:30,Vantimamidi,Vantimamidi,Tomato,4.0,500.0,1000.0,750.0
2025-03-15 00:00:00+05:30,Gaddiannaram,Gaddiannaram,Water Melon,2877.0,400.0,900.0,500.0
2025-03-15 00:00:00+05:30,Gaddiannaram,L.B Nagar,Field Beans,5.0,3000.0,4000.0,3500.0
2025-03-15 00:00:00+05:30,Thirumalagiri,Tirmalagiri,Red Gram,4.0,5511.0,6089.0,5869.0
2025-03-15 00:00:00+05:30,Hyderabad,Madannapeta,Ribbed Gourd,15.0,2000.0,2500.0,2250.0
2025-03-15 00:00:00+05:30,Bowenpally,Bowenpally,Green Chillies,714.0,1500.0,3000.0,2500.0
2025-03-15 00:00:00+05:30,Badepally,Badepally,Groundnut pods,392.0,5869.0,6871.0,6561.0
2025-03-15 00:00:00+05:30,Shadnagar,Shadnagar,Brinjal,15.0,1200.0,1800.0,1500.0
2025-03-16 00:00:00+05:30,Gaddiannaram,L.B Nagar,Field Beans,7.0,3000.0,5000.0,4000.0
2025-03-16 00:00:00+05:30,Bowenpally,Bowenpally,Green Chillies,1005.0,2000.0,4500.0,3000.0
2025-03-15 00:00:00+05:30,Gudimalkapur,Gudumalkapur,Tomato,1744.0,400.0,1000.0,600.0
2025-03-15 00:00:00+05:30,Vantimamidi,Vantimamidi,Tomato,12.0,500.0,1500.0,1000.0
2025-03-16 00:00:00+05:30,Shadnagar,Shadnagar,Brinjal,12.0,1200.0,1800.0,1500.0
2025-03-16 00:00:00+05:30,Gaddiannaram,Gaddiannaram,Water Melon,7189.0,400.0,900.0,500.0
2025-03-16 00:00:00+05:30,Hyderabad,Madannapeta,Ribbed Gourd,12.0,2000.0,2500.0,2250.0
2025-03-17 00:00:00+05:30,Gaddiannaram,Gaddiannaram,Water Melon,9468.0,400.0,900.0,500.0
2025-03-17 00:00:00+05:30,Gaddiannaram,L.B Nagar,Field Beans,11.0,4000.0,6000.0,5000.0
2025-03-16 00:00:00+05:30,Gudimalkapur,Gudumalkapur,Tomato,2395.0,200.0,800.0,500.0
2025-03-16 00:00:00+05:30,Vantimamidi,Vantimamidi,Tomato,9.0,1000.0,1500.0,1250.0
2025-03-17 00:00:00+05:30,Bowenpally,Bowenpally,Green Chillies,1594.0,2000.0,4000.0,3500.0
2025-03-17 00:00:00+05:30,Hyderabad,Madannapeta,Ribbed Gourd,11.0,2000.0,2500.0,2250.0
2025-03-17 00:00:00+05:30,Hyderabad,Meeralamandi,Ribbed Gourd,2.0,2500.0,2500.0,2500.0
2025-03-17 00:00:00+05:30,Thirumalagiri,Tirmalagiri,Red Gram,57.0,5231.0,6536.0,6091.0
2025-03-17 00:00:00+05:30,Khammam,Khammam,Chillies(Dry),1432.0,5000.0,6100.0,5000.0
2025-03-17 00:00:00+05:30,Suryapet,Suryapet,Cowpea,9.0,4166.0,6174.0,6111.0
2025-03-17 00:00:00+05:30,Karimnagar,Karimnagar,Cotton,60.0,6551.0,6759.0,6759.0
2025-03-17 00:00:00+05:30,Jagtial,Jagtial,Tumeric,164.0,6000.0,10200.0,9105.0
2025-03-17 00:00:00+05:30,Narayanpet,Narayanpet,Gingelly,1.8,5812.0,5812.0,5812.0
2025-03-17 00:00:00+05:30,Shadnagar,Shadnagar,Brinjal,12.0,1200.0,1800.0,1500.0
2025-03-17 00:00:00+05:30,Badepally,Badepally,Groundnut pods,939.0,5311.0,6959.0,6849.0
2025-03-18 00:00:00+05:30,Hyderabad,Madannapeta,Ribbed Gourd,38.0,2000.0,2500.0,2250.0
2025-03-18 00:00:00+05:30,Bowenpally,Bowenpally,Green Chillies,1200.0,2000.0,4000.0,3500.0
2025-03-18 00:00:00+05:30,Gaddiannaram,Gaddiannaram,Water Melon,8257.0,400.0,900.0,500.0
2025-03-18 00:00:00+05:30,Gaddiannaram,L.B Nagar,Field Beans,11.0,5000.0,6000.0,5500.0
2025-03-17 00:00:00+05:30,Gudimalkapur,Gudumalkapur,Tomato,2292.0,300.0,800.0,500.0
2025-03-17 00:00:00+05:30,Vantimamidi,Vantimamidi,Tomato,21.0,1200.0,1800.0,1500.0
2025-03-18 00:00:00+05:30,Warangal,Warangal,Black Gram,0.46,6852.0,6852.0,6852.0
2025-03-18 00:00:00+05:30,Thirumalagiri,Tirmalagiri,Red Gram,127.0,6011.0,6769.0,6242.0
2025-03-18 00:00:00+05:30,Suryapet,Suryapet,Cowpea,6.0,5359.0,6453.0,6453.0
2025-03-18 00:00:00+05:30,Khammam,Khammam,Chillies(Dry),1633.0,5000.0,6000.0,5000.0
2025-03-18 00:00:00+05:30,Karimnagar,Karimnagar,Cotton,1.0,6559.0,6559.0,6559.0
2025-03-18 00:00:00+05:30,Jagtial,Jagtial,Tumeric,308.0,5000.0,10311.0,9400.0
2025-03-18 00:00:00+05:30,Shadnagar,Shadnagar,Brinjal,12.0,800.0,1200.0,1000.0
2025-03-18 00:00:00+05:30,Badepally,Badepally,Groundnut pods,613.0,5539.0,7031.0,6731.0
2025-03-18 00:00:00+05:30,Gudimalkapur,Gudumalkapur,Tomato,3168.0,300.0,800.0,500.0
2025-03-19 00:00:00+05:30,Gaddiannaram,Gaddiannaram,Water Melon,9747.0,500.0,1100.0,700.0
2025-03-18 00:00:00+05:30,Vantimamidi,Vantimamidi,Tomato,16.0,1000.0,2000.0,1500.0
2025-03-19 00:00:00+05:30,Bowenpally,Bowenpally,Green Chillies,1466.0,1000.0,3300.0,2500.0
2025-03-19 00:00:00+05:30,Thirumalagiri,Tirmalagiri,Red Gram,156.0,5789.0,7029.0,6379.0
2025-03-19 00:00:00+05:30,Hyderabad,Madannapeta,Ribbed Gourd,30.0,2000.0,3000.0,2500.0
2025-03-19 00:00:00+05:30,Gaddiannaram,L.B Nagar,Field Beans,17.0,4000.0,5000.0,4500.0
2025-03-19 00:00:00+05:30,Suryapet,Suryapet,Cowpea,42.0,5259.0,6818.0,6152.0
2025-03-19 00:00:00+05:30,Khammam,Khammam,Chillies(Dry),1964.0,5000.0,6100.0,5000.0
2025-03-19 00:00:00+05:30,Karimnagar,Karimnagar,Cotton,48.0,6151.0,6851.0,6851.0
2025-03-19 00:00:00+05:30,Jagtial,Jagtial,Tumeric,206.0,5000.0,10500.0,9700.0
2025-03-19 00:00:00+05:30,Warangal,Warangal,Black Gram,6.38,7052.0,7052.0,7052.0
2025-03-20 00:00:00+05:30,Gaddiannaram,Gaddiannaram,Water Melon,7107.0,500.0,1100.0,700.0
2025-03-19 00:00:00+05:30,Gudimalkapur,Gudumalkapur,Tomato,2609.0,300.0,800.0,500.0
2025-03-19 00:00:00+05:30,Shadnagar,Shadnagar,Brinjal,12.0,800.0,1500.0,1000.0
2025-03-19 00:00:00+05:30,Badepally,Badepally,Groundnut pods,623.0,4001.0,7050.0,7050.0
2025-03-20 00:00:00+05:30,Bowenpally,Bowenpally,Green Chillies,1203.0,1500.0,3500.0,2800.0
2025-03-20 00:00:00+05:30,Gaddiannaram,L.B Nagar,Field Beans,20.0,4000.0,4500.0,4200.0
2025-03-20 00:00:00+05:30,Bhainsa,Bhainsa,Coriander,0.35,6500.0,6500.0,6500.0
2025-03-20 00:00:00+05:30,Hyderabad,Madannapeta,Ribbed Gourd,8.0,2000.0,2000.0,2000.0
2025-03-20 00:00:00+05:30,Warangal,Warangal,Black Gram,6.46,6852.0,7022.0,7022.0
2025-03-20 00:00:00+05:30,Shankerpally,Shankerpally,Tomato,5.6,600.0,750.0,675.0
2025-03-20 00:00:00+05:30,Karimnagar,Karimnagar,Cotton,2.0,6201.0,6555.0,6555.0
2025-03-20 00:00:00+05:30,Suryapet,Suryapet,Cowpea,39.0,3456.0,6122.0,5852.0
2025-03-20 00:00:00+05:30,Khammam,Khammam,Chillies(Dry),508.0,5000.0,6000.0,5000.0
2025-03-20 00:00:00+05:30,Thirumalagiri,Tirmalagiri,Red Gram,60.0,6037.0,7036.0,6470.0
2025-03-20 00:00:00+05:30,Shadnagar,Shadnagar,Brinjal,15.0,1000.0,1500.0,1200.0
2025-03-20 00:00:00+05:30,Jagtial,Jagtial,Tumeric,139.0,6350.0,9800.0,9000.0
2025-03-20 00:00:00+05:30,Gudimalkapur,Gudumalkapur,Tomato,2509.0,300.0,800.0,500.0
2025-03-20 00:00:00+05:30,Vantimamidi,Vantimamidi,Tomato,9.0,1000.0,2000.0,1500.0
2025-03-21 00:00:00+05:30,Gaddiannaram,Gaddiannaram,Water Melon,7547.0,500.0,1100.0,700.0
2025-03-21 00:00:00+05:30,Gaddiannaram,L.B Nagar,Field Beans,15.0,3000.0,4000.0,3500.0
2025-03-21 00:00:00+05:30,Hyderabad,Madannapeta,Ribbed Gourd,13.0,2000.0,2000.0,2000.0
2025-03-20 00:00:00+05:30,Badepally,Badepally,Groundnut pods,826.0,5279.0,6871.0,5985.0
2025-03-21 00:00:00+05:30,Bowenpally,Bowenpally,Green Chillies,1093.0,1000.0,3500.0,2500.0
2025-03-21 00:00:00+05:30,Thirumalagiri,Tirmalagiri,Red Gram,191.0,6090.0,7036.0,6500.0
2025-03-21 00:00:00+05:30,Warangal,Warangal,Black Gram,12.91,6422.0,7350.0,7312.0
2025-03-21 00:00:00+05:30,Karimnagar,Karimnagar,Cotton,19.0,6401.0,6555.0,6511.0
2025-03-21 00:00:00+05:30,Jagtial,Jagtial,Tumeric,125.0,5500.0,10501.0,8850.0
2025-03-21 00:00:00+05:30,Khammam,Khammam,Chillies(Dry),754.0,5000.0,6000.0,5100.0
2025-03-21 00:00:00+05:30,Gudimalkapur,Gudumalkapur,Tomato,2069.0,300.0,800.0,500.0
2025-03-21 00:00:00+05:30,Shadnagar,Shadnagar,Brinjal,15.0,1200.0,1500.0,1300.0
2025-03-21 00:00:00+05:30,Badepally,Badepally,Groundnut pods,524.0,5611.0,6691.0,6391.0
2025-03-22 00:00:00+05:30,Gaddiannaram,Gaddiannaram,Water Melon,6276.0,500.0,1100.0,700.0
2025-03-21 00:00:00+05:30,Vantimamidi,Vantimamidi,Tomato,21.0,500.0,1800.0,1150.0
2025-03-22 00:00:00+05:30,Bowenpally,Bowenpally,Green Chillies,1297.0,1500.0,3500.0,2800.0
2025-03-22 00:00:00+05:30,Hyderabad,Madannapeta,Ribbed Gourd,10.0,1500.0,2000.0,1750.0
2025-03-22 00:00:00+05:30,Gaddiannaram,L.B Nagar,Field Beans,10.0,4000.0,5000.0,4500.0
2025-03-22 00:00:00+05:30,Thirumalagiri,Tirmalagiri,Red Gram,52.0,6370.0,7306.0,6490.0
2025-03-22 00:00:00+05:30,Hyderabad,Meeralamandi,Ribbed Gourd,3.0,2000.0,2200.0,2100.0
2025-03-22 00:00:00+05:30,Shadnagar,Shadnagar,Brinjal,10.0,800.0,1200.0,1000.0
2025-03-22 00:00:00+05:30,Badepally,Badepally,Groundnut pods,464.0,5659.0,6821.0,6231.0
2025-03-22 00:00:00+05:30,Suryapet,Suryapet,Cowpea,4.0,6052.0,6052.0,6052.0
2025-03-22 00:00:00+05:30,Jagtial,Jagtial,Tumeric,70.0,6400.0,10000.0,8900.0
2025-03-23 00:00:00+05:30,Gaddiannaram,Gaddiannaram,Water Melon,6158.0,500.0,1100.0,700.0
2025-03-23 00:00:00+05:30,Gaddiannaram,L.B Nagar,Field Beans,15.0,4000.0,5000.0,4500.0
2025-03-22 00:00:00+05:30,Gudimalkapur,Gudumalkapur,Tomato,1836.0,400.0,1000.0,600.0
2025-03-22 00:00:00+05:30,Vantimamidi,Vantimamidi,Tomato,8.0,500.0,1800.0,1150.0
2025-03-23 00:00:00+05:30,Hyderabad,Madannapeta,Ribbed Gourd,9.0,2000.0,2000.0,2000.0
2025-03-23 00:00:00+05:30,Bowenpally,Bowenpally,Green Chillies,1260.0,2000.0,3500.0,3000.0
2025-03-23 00:00:00+05:30,Shadnagar,Shadnagar,Brinjal,18.0,1200.0,1800.0,1500.0
2025-03-23 00:00:00+05:30,Gudimalkapur,Gudumalkapur,Tomato,2249.0,400.0,1000.0,600.0
2025-03-23 00:00:00+05:30,Vantimamidi,Vantimamidi,Tomato,11.0,500.0,1000.0,750.0
2025-03-24 00:00:00+05:30,Gaddiannaram,Gaddiannaram,Water Melon,6862.0,300.0,800.0,500.0
2025-03-23 00:00:00+05:30,Kollapur,Kollapur,Mango,100.0,5000.0,5000.0,5000.0
2025-03-24 00:00:00+05:30,Hyderabad,Madannapeta,Ribbed Gourd,10.0,2000.0,2000.0,2000.0
2025-03-24 00:00:00+05:30,Gaddiannaram,L.B Nagar,Field Beans,11.0,3000.0,4000.0,3500.0
2025-03-24 00:00:00+05:30,Bowenpally,Bowenpally,Green Chillies,1239.0,1000.0,3500.0,2500.0
2025-03-24 00:00:00+05:30,Thirumalagiri,Tirmalagiri,Red Gram,126.0,6033.0,6870.0,6390.0
2025-03-24 00:00:00+05:30,Khammam,Khammam,Chillies(Dry),1689.0,4500.0,5900.0,5500.0
2025-03-24 00:00:00+05:30,Suryapet,Suryapet,Cowpea,1.0,2856.0,5090.0,5090.0
2025-03-24 00:00:00+05:30,Jagtial,Jagtial,Tumeric,102.0,6000.0,10600.0,10051.0
2025-03-24 00:00:00+05:30,Karimnagar,Karimnagar,Cotton,10.0,6678.0,6678.0,6678.0
2025-03-24 00:00:00+05:30,Gudimalkapur,Gudumalkapur,Tomato,2333.0,300.0,1000.0,600.0
2025-03-24 00:00:00+05:30,Badepally,Badepally,Groundnut pods,702.0,4001.0,6740.0,6145.0
2025-03-24 00:00:00+05:30,Shadnagar,Shadnagar,Brinjal,10.0,1200.0,1800.0,1500.0
2025-03-25 00:00:00+05:30,Gaddiannaram,Gaddiannaram,Water Melon,7754.0,300.0,900.0,500.0
2025-03-25 00:00:00+05:30,Bowenpally,Bowenpally,Green Chillies,1418.0,1500.0,3500.0,2800.0
2025-03-24 00:00:00+05:30,Kollapur,Kollapur,Mango,100.0,5000.0,5000.0,5000.0
2025-03-25 00:00:00+05:30,Thirumalagiri,Tirmalagiri,Red Gram,92.0,5830.0,7060.0,6386.0
2025-03-25 00:00:00+05:30,Suryapet,Suryapet,Cowpea,13.0,2898.0,6119.0,6119.0
2025-03-25 00:00:00+05:30,Bhainsa,Bhainsa,Coriander,1.22,6800.0,8600.0,8600.0
2025-03-25 00:00:00+05:30,Hyderabad,Madannapeta,Ribbed Gourd,6.0,2500.0,2500.0,2500.0
2025-03-25 00:00:00+05:30,Gaddiannaram,L.B Nagar,Field Beans,19.0,3000.0,4000.0,3500.0
2025-03-25 00:00:00+05:30,Shadnagar,Shadnagar,Brinjal,10.0,1200.0,1800.0,1500.0
2025-03-25 00:00:00+05:30,Badepally,Badepally,Groundnut pods,359.0,5100.0,6411.0,5861.0
2025-03-25 00:00:00+05:30,Jagtial,Jagtial,Tumeric,81.0,6500.0,10900.0,10400.0
2025-03-25 00:00:00+05:30,Karimnagar,Karimnagar,Cotton,20.0,6222.0,6666.0,6444.0
2025-03-25 00:00:00+05:30,Vantimamidi,Vantimamidi,Tomato,10.0,500.0,1500.0,1000.0
2025-03-25 00:00:00+05:30,Gudimalkapur,Gudumalkapur,Tomato,2370.0,300.0,800.0,500.0
2025-03-26 00:00:00+05:30,Gaddiannaram,Gaddiannaram,Water Melon,5522.0,300.0,900.0,500.0
2025-03-26 00:00:00+05:30,Gaddiannaram,L.B Nagar,Field Beans,10.0,4000.0,4500.0,4200.0
2025-03-26 00:00:00+05:30,Bowenpally,Bowenpally,Green Chillies,1408.0,1000.0,3500.0,2500.0
2025-03-26 00:00:00+05:30,Hyderabad,Madannapeta,Ribbed Gourd,12.0,1500.0,2500.0,2000.0
2025-03-26 00:00:00+05:30,Khammam,Khammam,Chillies(Dry),1106.0,4200.0,5500.0,5300.0
2025-03-25 00:00:00+05:30,Kollapur,Kollapur,Mango,100.0,5000.0,5000.0,5000.0
2025-03-26 00:00:00+05:30,Thirumalagiri,Tirmalagiri,Red Gram,140.0,6009.0,6836.0,6366.0
2025-03-26 00:00:00+05:30,Suryapet,Suryapet,Cowpea,6.0,3636.0,5905.0,5905.0
2025-03-26 00:00:00+05:30,Jagtial,Jagtial,Tumeric,93.0,6800.0,10950.0,10511.0
2025-03-26 00:00:00+05:30,Badepally,Badepally,Groundnut pods,413.0,4600.0,6816.0,5891.0
2025-03-26 00:00:00+05:30,Shadnagar,Shadnagar,Brinjal,10.0,1200.0,1600.0,1300.0
2025-03-26 00:00:00+05:30,Vantimamidi,Vantimamidi,Tomato,20.0,500.0,1500.0,1000.0
2025-03-26 00:00:00+05:30,Gudimalkapur,Gudumalkapur,Tomato,2310.0,200.0,800.0,500.0
2025-03-27 00:00:00+05:30,Bowenpally,Bowenpally,Green Chillies,1380.0,800.0,3000.0,2400.0
2025-03-27 00:00:00+05:30,Gaddiannaram,Gaddiannaram,Water Melon,4571.0,300.0,900.0,500.0
2025-03-27 00:00:00+05:30,Gaddiannaram,L.B Nagar,Field Beans,12.0,3500.0,4500.0,4000.0
2025-03-27 00:00:00+05:30,Hyderabad,Madannapeta,Ribbed Gourd,9.0,2000.0,2000.0,2000.0
2025-03-26 00:00:00+05:30,Karimnagar,Karimnagar,Cotton,16.0,6100.0,6600.0,6600.0
2025-03-26 00:00:00+05:30,Kollapur,Kollapur,Mango,170.0,4100.0,4100.0,4100.0
2025-03-27 00:00:00+05:30,Shadnagar,Shadnagar,Brinjal,12.0,1200.0,1800.0,1500.0
2025-03-27 00:00:00+05:30,Jagtial,Jagtial,Tumeric,78.0,7000.0,11000.0,10000.0
2025-03-27 00:00:00+05:30,Karimnagar,Karimnagar,Cotton,19.0,6751.0,6751.0,6751.0
2025-03-27 00:00:00+05:30,Thirumalagiri,Tirmalagiri,Red Gram,40.0,5839.0,6690.0,6486.0
2025-03-27 00:00:00+05:30,Khammam,Khammam,Chillies(Dry),1140.0,4200.0,5800.0,5300.0
2025-03-27 00:00:00+05:30,Nizamabad,Nizamabad,Black Gram,2.0,4855.0,4855.0,4855.0
2025-03-28 00:00:00+05:30,Gaddiannaram,Gaddiannaram,Water Melon,5677.0,300.0,1100.0,600.0
2025-03-28 00:00:00+05:30,Gaddiannaram,L.B Nagar,Field Beans,12.0,3500.0,500.0,4000.0
2025-03-27 00:00:00+05:30,Gudimalkapur,Gudumalkapur,Tomato,2707.0,400.0,800.0,600.0
2025-03-27 00:00:00+05:30,Vantimamidi,Vantimamidi,Tomato,19.0,500.0,1500.0,1000.0
2025-03-28 00:00:00+05:30,Hyderabad,Madannapeta,Ribbed Gourd,9.0,2000.0,2000.0,2000.0
2025-03-27 00:00:00+05:30,Badepally,Badepally,Groundnut pods,260.0,5222.0,6646.0,5931.0
2025-03-28 00:00:00+05:30,Bowenpally,Bowenpally,Green Chillies,929.0,1000.0,3000.0,2400.0
2025-03-28 00:00:00+05:30,Bhainsa,Bhainsa,Coriander,1.0,9000.0,9000.0,9000.0
2025-03-28 00:00:00+05:30,Thirumalagiri,Tirmalagiri,Red Gram,15.0,6315.0,6819.0,6439.0
2025-03-28 00:00:00+05:30,Khammam,Khammam,Chillies(Dry),1458.0,4200.0,5500.0,5000.0
2025-03-28 00:00:00+05:30,Suryapet,Suryapet,Cowpea,31.0,4278.0,6273.0,5559.0
2025-03-28 00:00:00+05:30,Karimnagar,Karimnagar,Cotton,12.0,6666.0,6666.0,6666.0
2025-03-27 00:00:00+05:30,Kollapur,Kollapur,Mango,120.0,4000.0,4000.0,4000.0
2025-03-28 00:00:00+05:30,Jagtial,Jagtial,Tumeric,35.0,5500.0,11111.0,9600.0
2025-03-29 00:00:00+05:30,Gaddiannaram,Gaddiannaram,Water Melon,6195.0,300.0,1000.0,500.0
2025-03-28 00:00:00+05:30,Vantimamidi,Vantimamidi,Tomato,19.0,400.0,1200.0,800.0
2025-03-28 00:00:00+05:30,Gudimalkapur,Gudumalkapur,Tomato,1566.0,200.0,800.0,400.0
2025-03-29 00:00:00+05:30,Hyderabad,Madannapeta,Ribbed Gourd,5.0,2000.0,2000.0,2000.0
2025-03-29 00:00:00+05:30,Gaddiannaram,L.B Nagar,Field Beans,12.0,3500.0,4000.0,3700.0
2025-03-29 00:00:00+05:30,Bowenpally,Bowenpally,Green Chillies,1597.0,1000.0,4000.0,3000.0
2025-03-29 00:00:00+05:30,Shadnagar,Shadnagar,Brinjal,15.0,1200.0,1800.0,1500.0
2025-03-29 00:00:00+05:30,Gudimalkapur,Gudumalkapur,Tomato,1775.0,400.0,800.0,600.0
2025-03-28 00:00:00+05:30,Badepally,Badepally,Groundnut pods,527.0,4611.0,6617.0,6137.0
2025-03-31 00:00:00+05:30,Bowenpally,Bowenpally,Green Chillies,1141.0,2000.0,4500.0,3500.0
2025-03-30 00:00:00+05:30,Gaddiannaram,Gaddiannaram,Water Melon,3016.0,300.0,1000.0,500.0
2025-03-30 00:00:00+05:30,Shadnagar,Shadnagar,Brinjal,10.0,800.0,1500.0,1000.0
2025-03-31 00:00:00+05:30,Gudimalkapur,Gudumalkapur,Tomato,330.0,800.0,1600.0,1200.0
2025-03-31 00:00:00+05:30,Hyderabad,Madannapeta,Ribbed Gourd,8.0,2000.0,2500.0,2250.0
2025-03-30 00:00:00+05:30,Vantimamidi,Vantimamidi,Tomato,10.0,500.0,1500.0,1000.0
2025-03-31 00:00:00+05:30,Gaddiannaram,L.B Nagar,Field Beans,3.0,3000.0,4000.0,3500.0
2025-03-31 00:00:00+05:30,Shadnagar,Shadnagar,Brinjal,12.0,1200.0,1800.0,1500.0
2025-03-31 00:00:00+05:30,Vantimamidi,Vantimamidi,Tomato,15.0,1000.0,2000.0,1500.0
2025-03-24 00:00:00+05:30,Gaddiannaram,Gaddiannaram,Pine apple,1270.0,480.0,3520.0,800.0
2025-03-23 00:00:00+05:30,Gudimalkapur,Gudumalkapur,Green Peas,10.0,3000.0,3500.0,3000.0
2025-03-23 00:00:00+05:30,Shadnagar,Shadnagar,Ladys Finger,10.0,2800.0,3500.0,3000.0
2025-03-23 00:00:00+05:30,Hyderabad,Madannapeta,Bitter Gourd,5.0,3000.0,3000.0,3000.0
2025-03-22 00:00:00+05:30,Gudimalkapur,Gudumalkapur,Green Peas,22.0,3000.0,3500.0,3000.0
2025-03-23 00:00:00+05:30,Gaddiannaram,Gaddiannaram,Pine apple,1405.0,4800.0,3520.0,800.0
2025-03-22 00:00:00+05:30,Jagtial,Jagtial,Tumeric,39.0,5000.0,8100.0,6800.0
2025-03-22 00:00:00+05:30,Badepally,Badepally,Castor,58.0,6225.0,6345.0,6345.0
2025-03-22 00:00:00+05:30,Shadnagar,Shadnagar,Ladys Finger,15.0,2500.0,3500.0,3000.0
2025-03-22 00:00:00+05:30,Hyderabad,Mahabubmansion,Tamarind,214.0,9500.0,13000.0,10000.0
2025-03-22 00:00:00+05:30,Thirumalagiri,Tirmalagiri,Green Gram,1.0,6829.0,6829.0,6829.0
2025-03-22 00:00:00+05:30,Bhainsa,Bhainsa,Soyabean,56.76,3669.0,4036.0,4036.0
2025-03-22 00:00:00+05:30,Hyderabad,Madannapeta,Bitter Gourd,5.0,3500.0,3500.0,3500.0
2025-03-22 00:00:00+05:30,Gaddiannaram,Gaddiannaram,Pine apple,985.0,480.0,3520.0,800.0
2025-03-21 00:00:00+05:30,Shadnagar,Shadnagar,Ladys Finger,10.0,2000.0,2700.0,2500.0
2025-03-21 00:00:00+05:30,Gudimalkapur,Gudumalkapur,Green Peas,17.0,2500.0,3500.0,2500.0
2025-03-21 00:00:00+05:30,Jagtial,Jagtial,Tumeric,87.0,4000.0,8801.0,6900.0
2025-03-21 00:00:00+05:30,Warangal,Warangal,Cowpea,80.72,5422.0,6307.0,6228.0
2025-03-21 00:00:00+05:30,Thirumalagiri,Tirmalagiri,Green Gram,9.0,7162.0,7252.0,7232.0
2025-03-21 00:00:00+05:30,Bhainsa,Bhainsa,Soyabean,1.85,3639.0,3900.0,3639.0
2025-03-20 00:00:00+05:30,Badepally,Badepally,Castor,38.0,5420.0,6225.0,6225.0
2025-03-21 00:00:00+05:30,Hyderabad,Mahabubmansion,Tamarind,154.0,9500.0,13000.0,10000.0
2025-03-21 00:00:00+05:30,Hyderabad,Madannapeta,Bitter Gourd,10.0,3000.0,3500.0,3250.0
2025-03-21 00:00:00+05:30,Gaddiannaram,Gaddiannaram,Pine apple,1930.0,480.0,3520.0,800.0
2025-03-20 00:00:00+05:30,Gudimalkapur,Gudumalkapur,Green Peas,11.0,2000.0,3500.0,2500.0
2025-03-20 00:00:00+05:30,Jagtial,Jagtial,Tumeric,109.0,5000.0,8525.0,6751.0
2025-03-20 00:00:00+05:30,Shadnagar,Shadnagar,Ladys Finger,10.0,2500.0,3500.0,3000.0
2025-03-20 00:00:00+05:30,Warangal,Warangal,Cowpea,14.06,6252.0,6302.0,6302.0
2025-03-20 00:00:00+05:30,Hyderabad,Madannapeta,Bitter Gourd,4.0,3000.0,3000.0,3000.0
2025-03-20 00:00:00+05:30,Bhainsa,Bhainsa,Soyabean,3.09,2503.0,3863.0,3863.0
2025-03-20 00:00:00+05:30,Hyderabad,Mahabubmansion,Tamarind,233.0,9500.0,13000.0,10000.0
2025-03-19 00:00:00+05:30,Badepally,Badepally,Castor,11.0,6161.0,6161.0,6161.0
2025-03-19 00:00:00+05:30,Shadnagar,Shadnagar,Ladys Finger,10.0,1800.0,2800.0,2300.0
2025-03-19 00:00:00+05:30,Gudimalkapur,Gudumalkapur,Green Peas,32.0,2500.0,3500.0,3000.0
2025-03-20 00:00:00+05:30,Gaddiannaram,Gaddiannaram,Pine apple,955.0,480.0,3520.0,800.0
2025-03-19 00:00:00+05:30,Warangal,Warangal,Cowpea,37.89,5052.0,6263.0,6130.0
2025-03-19 00:00:00+05:30,Jagtial,Jagtial,Tumeric,142.0,4000.0,8311.0,8100.0
2025-03-19 00:00:00+05:30,Hyderabad,Madannapeta,Bitter Gourd,2.0,3000.0,3000.0,3000.0
2025-03-19 00:00:00+05:30,Thirumalagiri,Tirmalagiri,Green Gram,2.0,7032.0,7032.0,7032.0
2025-03-19 00:00:00+05:30,Bhainsa,Bhainsa,Soyabean,11.25,2222.0,3969.0,3969.0
2025-03-19 00:00:00+05:30,Hyderabad,Mahabubmansion,Tamarind,231.0,9500.0,12000.0,10000.0
2025-03-19 00:00:00+05:30,Gaddiannaram,Gaddiannaram,Pine apple,1360.0,480.0,3520.0,800.0
2025-03-18 00:00:00+05:30,Gudimalkapur,Gudumalkapur,Green Peas,34.0,2500.0,3500.0,3000.0
2025-03-18 00:00:00+05:30,Badepally,Badepally,Castor,12.0,6100.0,6151.0,6125.0
2025-03-18 00:00:00+05:30,Shadnagar,Shadnagar,Ladys Finger,15.0,2200.0,2800.0,2500.0
2025-03-18 00:00:00+05:30,Jagtial,Jagtial,Tumeric,211.0,4000.0,8500.0,8111.0
2025-03-18 00:00:00+05:30,Thirumalagiri,Tirmalagiri,Green Gram,7.0,6811.0,7019.0,6929.0
2025-03-18 00:00:00+05:30,Bhainsa,Bhainsa,Soyabean,17.5,3539.0,3939.0,3539.0
2025-03-18 00:00:00+05:30,Warangal,Warangal,Cowpea,14.45,5607.0,6263.0,5607.0
2025-03-17 00:00:00+05:30,Gudimalkapur,Gudumalkapur,Green Peas,12.0,3000.0,4000.0,3000.0
2025-03-18 00:00:00+05:30,Gaddiannaram,Gaddiannaram,Pine apple,1060.0,480.0,3520.0,800.0
2025-03-18 00:00:00+05:30,Hyderabad,Madannapeta,Bitter Gourd,6.0,3000.0,3000.0,3000.0
2025-03-18 00:00:00+05:30,Hyderabad,Mahabubmansion,Tamarind,156.0,9500.0,12000.0,10000.0
2025-03-17 00:00:00+05:30,Badepally,Badepally,Castor,81.0,6080.0,6160.0,6160.0
2025-03-17 00:00:00+05:30,Shadnagar,Shadnagar,Ladys Finger,10.0,1800.0,2500.0,2000.0
2025-03-17 00:00:00+05:30,Jagtial,Jagtial,Tumeric,107.0,4000.0,8250.0,7311.0
2025-03-17 00:00:00+05:30,Nizamabad,Nizamabad,Horse Gram,2.0,6180.0,6180.0,6180.0
2025-03-17 00:00:00+05:30,Bhainsa,Bhainsa,Soyabean,47.99,2222.0,4055.0,4055.0
2025-03-17 00:00:00+05:30,Warangal,Warangal,Cowpea,47.78,5508.0,6264.0,6052.0
2025-03-17 00:00:00+05:30,Hyderabad,Madannapeta,Bitter Gourd,11.0,3000.0,4000.0,3500.0
2025-03-17 00:00:00+05:30,Hyderabad,Mahabubmansion,Tamarind,384.0,9500.0,13000.0,10000.0
2025-03-16 00:00:00+05:30,Gudimalkapur,Gudumalkapur,Green Peas,96.0,2000.0,2500.0,2200.0
2025-03-17 00:00:00+05:30,Gaddiannaram,Gaddiannaram,Pine apple,1145.0,480.0,3520.0,800.0
2025-03-16 00:00:00+05:30,Hyderabad,Madannapeta,Bitter Gourd,16.0,3000.0,3500.0,3250.0
2025-03-16 00:00:00+05:30,Gaddiannaram,Gaddiannaram,Pine apple,953.0,480.0,3520.0,800.0
2025-03-16 00:00:00+05:30,Shadnagar,Shadnagar,Ladys Finger,10.0,2200.0,2800.0,2500.0
2025-03-15 00:00:00+05:30,Gudimalkapur,Gudumalkapur,Green Peas,12.0,3000.0,3500.0,3000.0
2025-03-15 00:00:00+05:30,Shadnagar,Shadnagar,Ladys Finger,10.0,2500.0,3500.0,3000.0
2025-03-15 00:00:00+05:30,Badepally,Badepally,Castor,15.0,6060.0,6125.0,6060.0
2025-03-15 00:00:00+05:30,Bhainsa,Bhainsa,Soyabean,19.43,3759.0,4011.0,3969.0
2025-03-15 00:00:00+05:30,Hyderabad,Madannapeta,Bitter Gourd,4.0,3000.0,3000.0,3000.0
2025-03-15 00:00:00+05:30,Gaddiannaram,Gaddiannaram,Pine apple,1260.0,480.0,3520.0,800.0
2025-03-14 00:00:00+05:30,Gudimalkapur,Gudumalkapur,Green Peas,22.0,2000.0,3000.0,2000.0
2025-03-14 00:00:00+05:30,Hyderabad,Madannapeta,Bitter Gourd,7.0,3000.0,3000.0,3000.0
2025-03-13 00:00:00+05:30,Gudimalkapur,Gudumalkapur,Green Peas,25.0,2500.0,2500.0,2500.0
2025-03-14 00:00:00+05:30,Gaddiannaram,Gaddiannaram,Pine apple,1075.0,450.0,3520.0,800.0
2025-03-13 00:00:00+05:30,Jagtial,Jagtial,Tumeric,36.0,4001.0,8113.0,6850.0
2025-03-13 00:00:00+05:30,Shadnagar,Shadnagar,Ladys Finger,15.0,2200.0,2800.0,2600.0
2025-03-13 00:00:00+05:30,Thirumalagiri,Tirmalagiri,Green Gram,6.0,6669.0,6822.0,6822.0
2025-03-13 00:00:00+05:30,Bhainsa,Bhainsa,Soyabean,26.12,3921.0,3966.0,3966.0
2025-03-13 00:00:00+05:30,Hyderabad,Mahabubmansion,Tamarind,274.0,9000.0,11000.0,10000.0
2025-03-13 00:00:00+05:30,Hyderabad,Madannapeta,Bitter Gourd,14.0,2500.0,3500.0,3000.0
2025-03-13 00:00:00+05:30,Gaddiannaram,Gaddiannaram,Pine apple,1125.0,480.0,3520.0,800.0
2025-03-12 00:00:00+05:30,Shadnagar,Shadnagar,Ladys Finger,10.0,2200.0,2800.0,2500.0
2025-03-12 00:00:00+05:30,Gudimalkapur,Gudumalkapur,Green Peas,39.0,3000.0,4000.0,3500.0
2025-03-12 00:00:00+05:30,Jagtial,Jagtial,Tumeric,89.0,4500.0,8211.0,6711.0
2025-03-12 00:00:00+05:30,Thirumalagiri,Tirmalagiri,Green Gram,14.0,7189.0,7189.0,7189.0
2025-03-12 00:00:00+05:30,Bhainsa,Bhainsa,Soyabean,36.22,3011.0,4012.0,4012.0
2025-03-12 00:00:00+05:30,Hyderabad,Mahabubmansion,Tamarind,133.0,9000.0,12000.0,10000.0
2025-03-12 00:00:00+05:30,Warangal,Warangal,Cowpea,53.45,4582.0,6252.0,4582.0
2025-03-11 00:00:00+05:30,Gudimalkapur,Gudumalkapur,Green Peas,51.0,2500.0,4000.0,3000.0
2025-03-12 00:00:00+05:30,Gaddiannaram,Gaddiannaram,Pine apple,798.0,480.0,3360.0,800.0
2025-03-12 00:00:00+05:30,Hyderabad,Madannapeta,Bitter Gourd,7.0,3000.0,3000.0,3000.0
2025-03-11 00:00:00+05:30,Badepally,Badepally,Castor,7.0,5873.0,5873.0,5873.0
2025-03-11 00:00:00+05:30,Shadnagar,Shadnagar,Ladys Finger,10.0,2500.0,3200.0,2800.0
2025-03-11 00:00:00+05:30,Jagtial,Jagtial,Tumeric,179.0,4000.0,8501.0,7200.0
2025-03-11 00:00:00+05:30,Warangal,Warangal,Cowpea,85.48,3889.0,6301.0,6190.0
2025-03-11 00:00:00+05:30,Bhainsa,Bhainsa,Soyabean,18.93,2222.0,3988.0,3939.0
2025-03-11 00:00:00+05:30,Hyderabad,Mahabubmansion,Tamarind,128.0,9000.0,12000.0,10000.0
2025-03-11 00:00:00+05:30,Hyderabad,Madannapeta,Bitter Gourd,4.0,3000.0,3000.0,3000.0
2025-03-10 00:00:00+05:30,Shadnagar,Shadnagar,Ladys Finger,10.0,2500.0,3500.0,3000.0
2025-03-10 00:00:00+05:30,Gudimalkapur,Gudumalkapur,Green Peas,10.0,3500.0,4000.0,3500.0
2025-03-11 00:00:00+05:30,Gaddiannaram,Gaddiannaram,Pine apple,1000.0,480.0,3360.0,800.0
2025-03-10 00:00:00+05:30,Bhainsa,Bhainsa,Soyabean,48.11,2685.0,4061.0,3975.0
2025-03-10 00:00:00+05:30,Choppadandi,Choppadandi,Green Gram,1.0,7211.0,7211.0,7211.0
2025-03-10 00:00:00+05:30,Jagtial,Jagtial,Tumeric,159.0,5000.0,9000.0,8000.0
2025-03-10 00:00:00+05:30,Hyderabad,Madannapeta,Bitter Gourd,4.0,3000.0,3000.0,3000.0
2025-03-10 00:00:00+05:30,Hyderabad,Mahabubmansion,Tamarind,222.0,9000.0,11000.0,10000.0
2025-03-10 00:00:00+05:30,Warangal,Warangal,Cowpea,147.31,4359.0,6360.0,4359.0
2025-03-10 00:00:00+05:30,Gaddiannaram,Gaddiannaram,Pine apple,975.0,480.0,3360.0,800.0
2025-03-09 00:00:00+05:30,Gudimalkapur,Gudumalkapur,Green Peas,34.0,4000.0,4500.0,4000.0
2025-03-09 00:00:00+05:30,Venkateshwar Nagar,V Nagar,Tomato,56.0,5.0,5.0,5.0
2025-03-09 00:00:00+05:30,Shadnagar,Shadnagar,Ladys Finger,15.0,2500.0,3500.0,3000.0
2025-03-09 00:00:00+05:30,Hyderabad,Madannapeta,Bitter Gourd,2.0,3000.0,3000.0,3000.0
2025-03-09 00:00:00+05:30,Gaddiannaram,Gaddiannaram,Pine apple,1015.0,480.0,3360.0,800.0
2025-03-08 00:00:00+05:30,Gudimalkapur,Gudumalkapur,Green Peas,25.0,2000.0,3000.0,2500.0
2025-03-08 00:00:00+05:30,Jagtial,Jagtial,Tumeric,25.0,5000.0,8005.0,7011.0
2025-03-08 00:00:00+05:30,Shadnagar,Shadnagar,Ladys Finger,15.0,2200.0,2500.0,2300.0
2025-03-08 00:00:00+05:30,Bhainsa,Bhainsa,Soyabean,4.48,2685.0,4061.0,4061.0
2025-03-08 00:00:00+05:30,Hyderabad,Madannapeta,Bitter Gourd,11.0,3000.0,3000.0,3000.0
2025-03-08 00:00:00+05:30,Hyderabad,Mahabubmansion,Tamarind,239.0,9000.0,11000.0,10000.0
2025-03-07 00:00:00+05:30,Badepally,Badepally,Castor,6.0,6043.0,6043.0,6043.0
2025-03-07 00:00:00+05:30,Shadnagar,Shadnagar,Ladys Finger,15.0,800.0,1500.0,1000.0
2025-03-07 00:00:00+05:30,Siddipet,Siddipet,Black Gram,1.12,6111.0,6111.0,6111.0
2025-03-07 00:00:00+05:30,Gudimalkapur,Gudumalkapur,Green Peas,20.0,2500.0,3000.0,2500.0
2025-03-08 00:00:00+05:30,Gaddiannaram,Gaddiannaram,Pine apple,600.0,450.0,3350.0,800.0
2025-03-07 00:00:00+05:30,Thirumalagiri,Tirmalagiri,Green Gram,4.0,5311.0,6829.0,6739.0
2025-03-07 00:00:00+05:30,Bhainsa,Bhainsa,Soyabean,37.16,3456.0,4136.0,4061.0
2025-03-07 00:00:00+05:30,Warangal,Warangal,Cowpea,60.75,3859.0,6301.0,5802.0
2025-03-07 00:00:00+05:30,Hyderabad,Madannapeta,Bitter Gourd,4.0,3000.0,3000.0,3000.0
2025-03-07 00:00:00+05:30,Hyderabad,Mahabubmansion,Tamarind,115.0,9000.0,11000.0,10000.0
2025-03-06 00:00:00+05:30,Shadnagar,Shadnagar,Ladys Finger,15.0,2800.0,3200.0,3000.0
2025-03-07 00:00:00+05:30,Gaddiannaram,Gaddiannaram,Pine apple,1839.0,450.0,3350.0,800.0
2025-03-06 00:00:00+05:30,Gudimalkapur,Gudumalkapur,Green Peas,33.0,2000.0,2500.0,2200.0
2025-03-06 00:00:00+05:30,Siddipet,Siddipet,Black Gram,1.66,5258.0,5555.0,5406.0
2025-03-06 00:00:00+05:30,Warangal,Warangal,Cowpea,106.99,4289.0,6460.0,5850.0
2025-03-06 00:00:00+05:30,Tandur,Tandur,Cattle(All),52.0,15000.0,50000.0,15000.0
2025-03-06 00:00:00+05:30,Bhainsa,Bhainsa,Soyabean,90.13,2805.0,3968.0,3968.0
2025-03-06 00:00:00+05:30,Hyderabad,Madannapeta,Bitter Gourd,15.0,2800.0,3000.0,2900.0
2025-03-06 00:00:00+05:30,Thirumalagiri,Tirmalagiri,Green Gram,2.0,5529.0,5529.0,5529.0
2025-03-06 00:00:00+05:30,Hyderabad,Mahabubmansion,Tamarind,162.0,9000.0,120000.0,10000.0
2025-03-06 00:00:00+05:30,Gaddiannaram,Gaddiannaram,Pine apple,1219.0,450.0,3350.0,800.0
2025-03-05 00:00:00+05:30,Shadnagar,Shadnagar,Ladys Finger,10.0,2500.0,2800.0,2600.0
2025-03-05 00:00:00+05:30,Badepally,Badepally,Castor,12.0,6020.0,6077.0,6020.0
2025-03-05 00:00:00+05:30,Gudimalkapur,Gudumalkapur,Green Peas,57.0,2000.0,2500.0,2000.0
2025-03-05 00:00:00+05:30,Thirumalagiri,Tirmalagiri,Green Gram,1.0,6119.0,6119.0,6119.0
2025-03-05 00:00:00+05:30,Bhainsa,Bhainsa,Soyabean,23.67,3131.0,4001.0,4001.0
2025-03-05 00:00:00+05:30,Warangal,Warangal,Cowpea,60.07,4589.0,6300.0,5807.0
2025-03-04 00:00:00+05:30,Badepally,Badepally,Castor,11.0,5981.0,6062.0,6062.0
2025-03-05 00:00:00+05:30,Hyderabad,Mahabubmansion,Tamarind,265.0,9000.0,12000.0,10000.0
2025-03-05 00:00:00+05:30,Hyderabad,Madannapeta,Bitter Gourd,7.0,3000.0,3000.0,3000.0
2025-03-05 00:00:00+05:30,Gaddiannaram,L.B Nagar,Snake Gourd,2.0,1500.0,1500.0,1500.0
2025-03-05 00:00:00+05:30,Gaddiannaram,Gaddiannaram,Pine apple,1345.0,450.0,3350.0,800.0
2025-03-04 00:00:00+05:30,Shadnagar,Shadnagar,Ladys Finger,10.0,800.0,1200.0,1000.0
2025-03-04 00:00:00+05:30,Gudimalkapur,Gudumalkapur,Green Peas,73.0,2200.0,3000.0,2500.0
2025-03-04 00:00:00+05:30,Nizamabad,Nizamabad,Horse Gram,20.0,4515.0,5615.0,4515.0
2025-03-04 00:00:00+05:30,Thirumalagiri,Tirmalagiri,Green Gram,1.0,5589.0,5589.0,5589.0
2025-03-04 00:00:00+05:30,Bhainsa,Bhainsa,Soyabean,22.64,2323.0,4081.0,3977.0
2025-03-04 00:00:00+05:30,Warangal,Warangal,Cowpea,135.73,4259.0,6350.0,5522.0
2025-03-04 00:00:00+05:30,Hyderabad,Madannapeta,Bitter Gourd,14.0,2500.0,3000.0,2750.0
2025-03-04 00:00:00+05:30,Hyderabad,Mahabubmansion,Tamarind,179.0,9000.0,12000.0,10000.0
2025-03-03 00:00:00+05:30,Gudimalkapur,Gudumalkapur,Green Peas,102.0,2500.0,300.0,2500.0
2025-03-04 00:00:00+05:30,Gaddiannaram,Gaddiannaram,Pine apple,1137.0,450.0,3350.0,800.0
2025-03-03 00:00:00+05:30,Bhainsa,Bhainsa,Soyabean,72.04,2222.0,4114.0,4114.0
2025-03-03 00:00:00+05:30,Jagtial,Jagtial,Tumeric,1.0,8181.0,8181.0,8181.0
2025-03-03 00:00:00+05:30,Badepally,Badepally,Castor,4.0,5940.0,6011.0,6011.0
2025-03-03 00:00:00+05:30,Shadnagar,Shadnagar,Ladys Finger,15.0,2300.0,2800.0,2500.0
2025-03-03 00:00:00+05:30,Warangal,Warangal,Cowpea,88.72,4859.0,6250.0,6211.0
2025-03-03 00:00:00+05:30,Hyderabad,Madannapeta,Bitter Gourd,7.0,3000.0,3000.0,3000.0
2025-03-03 00:00:00+05:30,Thirumalagiri,Tirmalagiri,Green Gram,10.0,6389.0,7049.0,6639.0
2025-03-03 00:00:00+05:30,Hyderabad,Mahabubmansion,Tamarind,184.0,9000.0,12000.0,10000.0
2025-03-02 00:00:00+05:30,Gudimalkapur,Gudumalkapur,Green Peas,67.0,2500.0,3000.0,2500.0
2025-03-03 00:00:00+05:30,Gaddiannaram,Gaddiannaram,Pine apple,1161.0,450.0,3350.0,800.0
2025-03-02 00:00:00+05:30,Hyderabad,Madannapeta,Bitter Gourd,9.0,3000.0,3000.0,3000.0
2025-03-02 00:00:00+05:30,Gaddiannaram,Gaddiannaram,Pine apple,1370.0,450.0,3350.0,800.0
2025-03-02 00:00:00+05:30,Shadnagar,Shadnagar,Ladys Finger,14.0,2500.0,3000.0,2800.0
2025-03-01 00:00:00+05:30,Gudimalkapur,Gudumalkapur,Green Peas,107.0,2000.0,2500.0,2000.0
2025-03-01 00:00:00+05:30,Hyderabad,Mahabubmansion,Tamarind,170.0,9000.0,12000.0,10000.0
2025-03-01 00:00:00+05:30,Hyderabad,Madannapeta,Bitter Gourd,10.0,3000.0,3000.0,3000.0
2025-03-01 00:00:00+05:30,Bhainsa,Bhainsa,Soyabean,20.02,2323.0,4102.0,4102.0
2025-03-01 00:00:00+05:30,Gaddiannaram,Gaddiannaram,Pine apple,1180.0,450.0,3350.0,800.0
2025-03-31 00:00:00+05:30,Shadnagar,Shadnagar,Ladys Finger,10.0,2500.0,3500.0,3000.0
2025-03-31 00:00:00+05:30,Hyderabad,Madannapeta,Bitter Gourd,2.0,3000.0,3000.0,3000.0
2025-03-30 00:00:00+05:30,Shadnagar,Shadnagar,Ladys Finger,15.0,2500.0,3000.0,2800.0
2025-03-30 00:00:00+05:30,Gaddiannaram,Gaddiannaram,Pine apple,400.0,480.0,3520.0,800.0
2025-03-28 00:00:00+05:30,Badepally,Badepally,Castor,9.0,6126.0,6349.0,6349.0
2025-03-29 00:00:00+05:30,Shadnagar,Shadnagar,Ladys Finger,10.0,2200.0,2800.0,2500.0
2025-03-29 00:00:00+05:30,Hyderabad,Madannapeta,Bitter Gourd,8.0,3000.0,3000.0,3000.0
2025-03-29 00:00:00+05:30,Gaddiannaram,Gaddiannaram,Pine apple,587.0,480.0,3520.0,800.0
2025-03-28 00:00:00+05:30,Jagtial,Jagtial,Tumeric,31.0,5000.0,9611.0,8000.0
2025-03-28 00:00:00+05:30,Thirumalagiri,Tirmalagiri,Green Gram,10.0,7259.0,7259.0,7259.0
2025-03-28 00:00:00+05:30,Bhainsa,Bhainsa,Soyabean,0.32,3923.0,3923.0,3923.0
2025-03-27 00:00:00+05:30,Badepally,Badepally,Castor,20.0,6270.0,6329.0,6300.0
2025-03-28 00:00:00+05:30,Hyderabad,Madannapeta,Bitter Gourd,5.0,2500.0,3000.0,2750.0
2025-03-28 00:00:00+05:30,Gaddiannaram,Gaddiannaram,Pine apple,867.0,480.0,3520.0,800.0
2025-03-27 00:00:00+05:30,Thirumalagiri,Tirmalagiri,Green Gram,5.0,6271.0,7089.0,7089.0
2025-03-27 00:00:00+05:30,Bhainsa,Bhainsa,Soyabean,51.53,4039.0,4123.0,4113.0
2025-03-27 00:00:00+05:30,Jagtial,Jagtial,Tumeric,61.0,5000.0,9500.0,8500.0
2025-03-27 00:00:00+05:30,Shadnagar,Shadnagar,Ladys Finger,10.0,2500.0,3500.0,3000.0
2025-03-27 00:00:00+05:30,Hyderabad,Mahabubmansion,Tamarind,230.0,9000.0,12000.0,10000.0
2025-03-27 00:00:00+05:30,Hyderabad,Madannapeta,Bitter Gourd,4.0,3000.0,3000.0,3000.0
2025-03-27 00:00:00+05:30,Warangal,Warangal,Cowpea,40.14,4855.0,6301.0,5552.0
2025-03-27 00:00:00+05:30,Gaddiannaram,Gaddiannaram,Pine apple,870.0,480.0,3520.0,800.0
2025-03-26 00:00:00+05:30,Gudimalkapur,Gudumalkapur,Green Peas,7.0,3000.0,3500.0,3000.0
2025-03-26 00:00:00+05:30,Shadnagar,Shadnagar,Ladys Finger,15.0,2500.0,3200.0,2800.0
2025-03-26 00:00:00+05:30,Badepally,Badepally,Castor,35.0,6367.0,6367.0,6367.0
2025-03-26 00:00:00+05:30,Jagtial,Jagtial,Tumeric,73.0,5000.0,9511.0,7700.0
2025-03-26 00:00:00+05:30,Bhainsa,Bhainsa,Soyabean,12.16,3711.0,4050.0,3711.0
2025-03-26 00:00:00+05:30,Hyderabad,Madannapeta,Bitter Gourd,7.0,3000.0,3000.0,3000.0
2025-03-26 00:00:00+05:30,Hyderabad,Mahabubmansion,Tamarind,233.0,9000.0,12000.0,10000.0
2025-03-26 00:00:00+05:30,Warangal,Warangal,Cowpea,36.26,5222.0,6352.0,5906.0
2025-03-26 00:00:00+05:30,Gaddiannaram,Gaddiannaram,Pine apple,940.0,480.0,3520.0,800.0
2025-03-25 00:00:00+05:30,Jagtial,Jagtial,Tumeric,60.0,5500.0,9700.0,8500.0
2025-03-25 00:00:00+05:30,Badepally,Badepally,Castor,10.0,5870.0,6300.0,6300.0
2025-03-25 00:00:00+05:30,Shadnagar,Shadnagar,Ladys Finger,15.0,2200.0,2800.0,2500.0
2025-03-25 00:00:00+05:30,Hyderabad,Mahabubmansion,Tamarind,255.0,9000.0,12000.0,10000.0
2025-03-25 00:00:00+05:30,Hyderabad,Madannapeta,Bitter Gourd,4.0,3000.0,4000.0,3500.0
2025-03-25 00:00:00+05:30,Bhainsa,Bhainsa,Soyabean,2.07,3723.0,3951.0,3951.0
2025-03-25 00:00:00+05:30,Warangal,Warangal,Cowpea,70.39,3569.0,6309.0,3569.0
2025-03-25 00:00:00+05:30,Gaddiannaram,Gaddiannaram,Pine apple,320.0,480.0,3520.0,800.0
2025-03-24 00:00:00+05:30,Shadnagar,Shadnagar,Ladys Finger,12.0,2500.0,3800.0,3000.0
2025-03-24 00:00:00+05:30,Badepally,Badepally,Castor,62.0,5692.0,6319.0,6319.0
2025-03-24 00:00:00+05:30,Jagtial,Jagtial,Tumeric,77.0,5000.0,8600.0,8600.0
2025-03-24 00:00:00+05:30,Choppadandi,Choppadandi,Green Gram,1.0,7531.0,7531.0,7531.0
2025-03-24 00:00:00+05:30,Bhainsa,Bhainsa,Soyabean,3.17,3543.0,4036.0,3543.0
2025-03-24 00:00:00+05:30,Warangal,Warangal,Cowpea,50.82,5012.0,7408.0,6129.0
2025-03-24 00:00:00+05:30,Hyderabad,Mahabubmansion,Tamarind,226.0,9500.0,12000.0,10000.0
2025-03-24 00:00:00+05:30,Hyderabad,Madannapeta,Bitter Gourd,4.0,3000.0,4000.0,3500.0
2025-03-01 00:00:00+05:30,Gaddiannaram,L.B Nagar,Bottle Gourd,98.0,500.0,1000.0,700.0
2025-03-01 00:00:00+05:30,Bowenpally,Bowenpally,Tomato,2711.0,400.0,1000.0,800.0
2025-03-01 00:00:00+05:30,Hyderabad,Madannapeta,Kheera,28.0,1000.0,1500.0,1350.0
2025-03-01 00:00:00+05:30,Hyderabad,Mahabubmansion,Tamarind,254.0,7000.0,8500.0,8000.0
2025-03-01 00:00:00+05:30,Hyderabad,Meeralamandi,Kheera,6.0,1200.0,1000.0,1100.0
2025-03-01 00:00:00+05:30,Gudimalkapur,Gudumalkapur,French Beans,203.0,2500.0,4500.0,3000.0
2025-03-01 00:00:00+05:30,Suryapet,Suryapet,Groundnut pods,36.0,3506.0,6029.0,5359.0
2025-03-01 00:00:00+05:30,Vantimamidi,Vantimamidi,French Beans,60.0,1500.0,2500.0,2000.0
2025-03-02 00:00:00+05:30,Gaddiannaram,L.B Nagar,Bottle Gourd,93.0,500.0,1000.0,700.0
2025-03-02 00:00:00+05:30,Bowenpally,Bowenpally,Tomato,2700.0,400.0,1000.0,800.0
2025-03-02 00:00:00+05:30,Shadnagar,Shadnagar,Green Chillies,12.0,1800.0,2300.0,2000.0
2025-03-02 00:00:00+05:30,Hyderabad,Meeralamandi,Kheera,4.0,1000.0,1500.0,1250.0
2025-03-02 00:00:00+05:30,Hyderabad,Madannapeta,Kheera,5.0,1200.0,1200.0,1200.0
2025-03-02 00:00:00+05:30,Vantimamidi,Vantimamidi,French Beans,54.0,2000.0,3000.0,2500.0
2025-03-02 00:00:00+05:30,Gudimalkapur,Gudumalkapur,French Beans,341.0,1000.0,3000.0,2200.0
2025-03-03 00:00:00+05:30,Hyderabad,Mahabubmansion,Tamarind,276.0,7000.0,8500.0,8000.0
2025-03-03 00:00:00+05:30,Gaddiannaram,L.B Nagar,Bottle Gourd,56.0,500.0,1000.0,700.0
2025-03-03 00:00:00+05:30,Bowenpally,Bowenpally,Tomato,2169.0,400.0,1000.0,800.0
2025-03-03 00:00:00+05:30,Thirumalagiri,Tirmalagiri,Black Gram,3.0,6819.0,6819.0,6819.0
2025-03-03 00:00:00+05:30,Hyderabad,Meeralamandi,Kheera,4.0,1200.0,1500.0,1350.0
2025-03-03 00:00:00+05:30,Hyderabad,Madannapeta,Kheera,20.0,1350.0,1350.0,1350.0
2025-03-03 00:00:00+05:30,Warangal,Warangal,Cowpea,3.93,6248.0,6248.0,6248.0
2025-03-03 00:00:00+05:30,Shadnagar,Shadnagar,Green Chillies,14.0,2000.0,2400.0,2200.0
2025-03-03 00:00:00+05:30,Siddipet,Siddipet,Horse Gram,7.86,5202.0,5814.0,5522.0
2025-03-03 00:00:00+05:30,Suryapet,Suryapet,Groundnut pods,54.0,4216.0,6809.0,5059.0
2025-03-04 00:00:00+05:30,Gaddiannaram,L.B Nagar,Bottle Gourd,80.0,500.0,1000.0,700.0
2025-03-03 00:00:00+05:30,Gudimalkapur,Gudumalkapur,French Beans,256.0,1500.0,3000.0,2000.0
2025-03-03 00:00:00+05:30,Vantimamidi,Vantimamidi,French Beans,18.0,2000.0,3000.0,2500.0
2025-03-04 00:00:00+05:30,Hyderabad,Mahabubmansion,Tamarind,268.0,7000.0,8500.0,8000.0
2025-03-04 00:00:00+05:30,Hyderabad,Madannapeta,Kheera,23.0,1350.0,1350.0,1350.0
2025-03-04 00:00:00+05:30,Bowenpally,Bowenpally,Tomato,2836.0,400.0,1000.0,800.0
2025-03-04 00:00:00+05:30,Warangal,Warangal,Cowpea,55.97,5452.0,7322.0,5522.0
2025-03-04 00:00:00+05:30,Hyderabad,Meeralamandi,Kheera,4.0,1000.0,1500.0,1250.0
2025-03-04 00:00:00+05:30,Thirumalagiri,Tirmalagiri,Black Gram,1.0,6629.0,6629.0,6629.0
2025-03-04 00:00:00+05:30,Suryapet,Suryapet,Groundnut pods,8.0,4509.0,6313.0,5006.0
2025-03-04 00:00:00+05:30,Siddipet,Siddipet,Horse Gram,1.09,5716.0,5816.0,5800.0
2025-03-04 00:00:00+05:30,Gudimalkapur,Gudumalkapur,French Beans,246.0,1500.0,3500.0,2000.0
2025-03-04 00:00:00+05:30,Shadnagar,Shadnagar,Green Chillies,5.0,1800.0,2500.0,2000.0
2025-03-04 00:00:00+05:30,Vantimamidi,Vantimamidi,French Beans,58.0,2000.0,3000.0,2500.0
2025-03-05 00:00:00+05:30,Gaddiannaram,L.B Nagar,Bottle Gourd,85.0,600.0,1000.0,800.0
2025-03-05 00:00:00+05:30,Hyderabad,Madannapeta,Kheera,5.0,1000.0,1200.0,1100.0
2025-03-05 00:00:00+05:30,Hyderabad,Mahabubmansion,Tamarind,397.0,7000.0,8500.0,8000.0
2025-03-05 00:00:00+05:30,Bowenpally,Bowenpally,Tomato,2458.0,400.0,1000.0,800.0
2025-03-05 00:00:00+05:30,Warangal,Warangal,Cowpea,18.22,5616.0,7470.0,6120.0
2025-03-05 00:00:00+05:30,Thirumalagiri,Tirmalagiri,Black Gram,1.0,6489.0,6489.0,6489.0
2025-03-05 00:00:00+05:30,Hyderabad,Meeralamandi,Kheera,3.0,1200.0,1500.0,1350.0
2025-03-05 00:00:00+05:30,Gudimalkapur,Gudumalkapur,French Beans,196.0,1500.0,3500.0,2000.0
2025-03-05 00:00:00+05:30,Shadnagar,Shadnagar,Green Chillies,15.0,2500.0,3500.0,3000.0
2025-03-05 00:00:00+05:30,Suryapet,Suryapet,Groundnut pods,38.0,4259.0,7209.0,5359.0
2025-03-05 00:00:00+05:30,Siddipet,Siddipet,Horse Gram,5.6,5536.0,5805.0,5670.0
2025-03-05 00:00:00+05:30,Vantimamidi,Vantimamidi,French Beans,113.0,1500.0,3000.0,2250.0
2025-03-06 00:00:00+05:30,Bowenpally,Bowenpally,Tomato,2810.0,400.0,1000.0,800.0
2025-03-06 00:00:00+05:30,Hyderabad,Mahabubmansion,Tamarind,241.0,5000.0,10000.0,9000.0
2025-03-06 00:00:00+05:30,Gaddiannaram,L.B Nagar,Bottle Gourd,72.0,600.0,1000.0,800.0
2025-03-06 00:00:00+05:30,Hyderabad,Meeralamandi,Kheera,2.0,1200.0,1200.0,1200.0
2025-03-06 00:00:00+05:30,Hyderabad,Madannapeta,Kheera,20.0,1000.0,1200.0,1100.0
2025-03-06 00:00:00+05:30,Suryapet,Suryapet,Groundnut pods,13.0,3559.0,4659.0,4659.0
2025-03-06 00:00:00+05:30,Warangal,Warangal,Cowpea,3.96,5422.0,7516.0,7516.0
2025-03-06 00:00:00+05:30,Siddipet,Siddipet,Horse Gram,1.24,5345.0,5345.0,5345.0
2025-03-06 00:00:00+05:30,Gudimalkapur,Gudumalkapur,French Beans,129.0,1500.0,3500.0,2000.0
2025-03-07 00:00:00+05:30,Gaddiannaram,L.B Nagar,Bottle Gourd,52.0,600.0,1000.0,800.0
2025-03-06 00:00:00+05:30,Shadnagar,Shadnagar,Green Chillies,10.0,1800.0,2200.0,2000.0
2025-03-06 00:00:00+05:30,Vantimamidi,Vantimamidi,French Beans,24.0,3000.0,3500.0,3250.0
2025-03-07 00:00:00+05:30,Hyderabad,Mahabubmansion,Tamarind,172.0,7000.0,8500.0,8000.0
2025-03-07 00:00:00+05:30,Hyderabad,Meeralamandi,Kheera,7.0,1200.0,1200.0,1200.0
2025-03-07 00:00:00+05:30,Hyderabad,Madannapeta,Kheera,10.0,1000.0,1200.0,1100.0
2025-03-07 00:00:00+05:30,Bowenpally,Bowenpally,Tomato,2285.0,400.0,1000.0,800.0
2025-03-07 00:00:00+05:30,Warangal,Warangal,Cowpea,51.27,5222.0,7556.0,6002.0
2025-03-08 00:00:00+05:30,Gaddiannaram,L.B Nagar,Bottle Gourd,91.0,600.0,1000.0,800.0
2025-03-08 00:00:00+05:30,Bowenpally,Bowenpally,Tomato,2344.0,400.0,1000.0,800.0
2025-03-07 00:00:00+05:30,Gudimalkapur,Gudumalkapur,French Beans,109.0,1500.0,3000.0,2000.0
2025-03-07 00:00:00+05:30,Vantimamidi,Vantimamidi,French Beans,11.0,2000.0,3500.0,2750.0
2025-03-07 00:00:00+05:30,Siddipet,Siddipet,Horse Gram,1.48,5823.0,5823.0,5823.0
2025-03-07 00:00:00+05:30,Shadnagar,Shadnagar,Green Chillies,10.0,2000.0,2800.0,2500.0
2025-03-08 00:00:00+05:30,Hyderabad,Mahabubmansion,Tamarind,359.0,7000.0,8500.0,8000.0
2025-03-08 00:00:00+05:30,Hyderabad,Madannapeta,Kheera,25.0,800.0,1200.0,1000.0
2025-03-08 00:00:00+05:30,Hyderabad,Meeralamandi,Kheera,4.0,1200.0,1200.0,1200.0
2025-03-08 00:00:00+05:30,Suryapet,Suryapet,Groundnut pods,8.0,3566.0,6300.0,5659.0
2025-03-08 00:00:00+05:30,Shadnagar,Shadnagar,Green Chillies,10.0,2000.0,2600.0,2300.0
2025-03-08 00:00:00+05:30,Gudimalkapur,Gudumalkapur,French Beans,80.0,2500.0,5000.0,3000.0
2025-03-08 00:00:00+05:30,Vantimamidi,Vantimamidi,French Beans,127.0,1500.0,3500.0,2500.0
2025-03-08 00:00:00+05:30,Siddipet,Siddipet,Horse Gram,2.04,5422.0,5805.0,5655.0
2025-03-09 00:00:00+05:30,Gaddiannaram,L.B Nagar,Bottle Gourd,62.0,600.0,1000.0,800.0
2025-03-09 00:00:00+05:30,Hyderabad,Madannapeta,Kheera,10.0,1000.0,1200.0,1100.0
2025-03-09 00:00:00+05:30,Bowenpally,Bowenpally,Tomato,2942.0,400.0,1000.0,800.0
2025-03-09 00:00:00+05:30,Shadnagar,Shadnagar,Green Chillies,10.0,2000.0,2800.0,2500.0
2025-03-09 00:00:00+05:30,Venkateshwar Nagar,V Nagar,Cluster Beans,1.0,30.0,30.0,30.0
2025-03-09 00:00:00+05:30,Gudimalkapur,Gudumalkapur,French Beans,172.0,2000.0,5000.0,2500.0
2025-03-10 00:00:00+05:30,Gaddiannaram,L.B Nagar,Bottle Gourd,58.0,600.0,1000.0,800.0
2025-03-10 00:00:00+05:30,Bowenpally,Bowenpally,Tomato,1857.0,400.0,1000.0,800.0
2025-03-10 00:00:00+05:30,Warangal,Warangal,Cowpea,19.19,4900.0,6126.0,6126.0
2025-03-10 00:00:00+05:30,Hyderabad,Mahabubmansion,Tamarind,333.0,7000.0,8500.0,8000.0
2025-03-10 00:00:00+05:30,Hyderabad,Meeralamandi,Kheera,5.0,1000.0,1200.0,1100.0
2025-03-10 00:00:00+05:30,Hyderabad,Madannapeta,Kheera,30.0,1000.0,1200.0,1100.0
2025-03-10 00:00:00+05:30,Siddipet,Siddipet,Horse Gram,6.96,5706.0,5706.0,5706.0
2025-03-10 00:00:00+05:30,Thirumalagiri,Tirmalagiri,Black Gram,5.0,6711.0,7211.0,7211.0
2025-03-10 00:00:00+05:30,Suryapet,Suryapet,Groundnut pods,17.0,4079.0,6669.0,6209.0
2025-03-10 00:00:00+05:30,Vantimamidi,Vantimamidi,French Beans,52.0,2500.0,4000.0,3250.0
2025-03-10 00:00:00+05:30,Gudimalkapur,Gudumalkapur,French Beans,85.0,2500.0,5000.0,3000.0
2025-03-10 00:00:00+05:30,Shadnagar,Shadnagar,Green Chillies,10.0,2000.0,2800.0,2500.0
2025-03-11 00:00:00+05:30,Hyderabad,Madannapeta,Kheera,20.0,1200.0,1500.0,1350.0
2025-03-11 00:00:00+05:30,Gaddiannaram,L.B Nagar,Bottle Gourd,81.0,600.0,1000.0,800.0
2025-03-11 00:00:00+05:30,Bowenpally,Bowenpally,Tomato,2956.0,400.0,1000.0,800.0
2025-03-11 00:00:00+05:30,Hyderabad,Mahabubmansion,Tamarind,194.0,7000.0,8500.0,8000.0
2025-03-11 00:00:00+05:30,Hyderabad,Meeralamandi,Kheera,6.0,1500.0,1500.0,1500.0
2025-03-11 00:00:00+05:30,Warangal,Warangal,Cowpea,16.09,5652.0,7200.0,5652.0
2025-03-11 00:00:00+05:30,Shadnagar,Shadnagar,Green Chillies,15.0,2200.0,2800.0,2500.0
2025-03-11 00:00:00+05:30,Suryapet,Suryapet,Groundnut pods,45.0,5029.0,7089.0,6837.0
2025-03-12 00:00:00+05:30,Hyderabad,Madannapeta,Kheera,15.0,1000.0,1200.0,1100.0
2025-03-12 00:00:00+05:30,Gaddiannaram,L.B Nagar,Bottle Gourd,58.0,600.0,1000.0,800.0
2025-03-12 00:00:00+05:30,Bowenpally,Bowenpally,Tomato,3141.0,400.0,800.0,700.0
2025-03-11 00:00:00+05:30,Vantimamidi,Vantimamidi,French Beans,40.0,3000.0,4000.0,3500.0
2025-03-11 00:00:00+05:30,Gudimalkapur,Gudumalkapur,French Beans,146.0,2000.0,6000.0,4000.0
2025-03-12 00:00:00+05:30,Hyderabad,Mahabubmansion,Tamarind,199.0,7000.0,8500.0,8000.0
2025-03-12 00:00:00+05:30,Hyderabad,Meeralamandi,Kheera,3.0,1200.0,1500.0,1350.0
2025-03-12 00:00:00+05:30,Thirumalagiri,Tirmalagiri,Black Gram,1.0,7039.0,7039.0,7039.0
2025-03-12 00:00:00+05:30,Suryapet,Suryapet,Groundnut pods,24.0,3256.0,6788.0,5591.0
2025-03-12 00:00:00+05:30,Gudimalkapur,Gudumalkapur,French Beans,118.0,1000.0,6000.0,3000.0
2025-03-12 00:00:00+05:30,Shadnagar,Shadnagar,Green Chillies,12.0,1800.0,2700.0,2400.0
2025-03-12 00:00:00+05:30,Vantimamidi,Vantimamidi,French Beans,68.0,3000.0,4000.0,3500.0
2025-03-13 00:00:00+05:30,Gaddiannaram,L.B Nagar,Bottle Gourd,72.0,600.0,1000.0,800.0
2025-03-13 00:00:00+05:30,Hyderabad,Madannapeta,Kheera,10.0,1000.0,1200.0,1100.0
2025-03-13 00:00:00+05:30,Hyderabad,Mahabubmansion,Tamarind,411.0,6000.0,8000.0,7000.0
2025-03-13 00:00:00+05:30,Hyderabad,Meeralamandi,Kheera,7.0,1500.0,1500.0,1500.0
2025-03-13 00:00:00+05:30,Bowenpally,Bowenpally,Tomato,2916.0,400.0,800.0,700.0
2025-03-13 00:00:00+05:30,Shadnagar,Shadnagar,Green Chillies,10.0,2000.0,2800.0,2500.0
2025-03-13 00:00:00+05:30,Suryapet,Suryapet,Groundnut pods,15.0,3009.0,6327.0,5501.0
2025-03-14 00:00:00+05:30,Gaddiannaram,L.B Nagar,Bottle Gourd,54.0,600.0,1000.0,800.0
2025-03-13 00:00:00+05:30,Gudimalkapur,Gudumalkapur,French Beans,186.0,1500.0,5000.0,2500.0
2025-03-13 00:00:00+05:30,Vantimamidi,Vantimamidi,French Beans,80.0,2500.0,4000.0,3250.0
2025-03-14 00:00:00+05:30,Hyderabad,Madannapeta,Kheera,15.0,1000.0,1200.0,1100.0
2025-03-14 00:00:00+05:30,Bowenpally,Bowenpally,Tomato,1722.0,400.0,800.0,700.0
2025-03-14 00:00:00+05:30,Gudimalkapur,Gudumalkapur,French Beans,87.0,1500.0,4000.0,2000.0
2025-03-14 00:00:00+05:30,Vantimamidi,Vantimamidi,French Beans,18.0,2500.0,3500.0,3000.0
2025-03-15 00:00:00+05:30,Gaddiannaram,L.B Nagar,Bottle Gourd,71.0,600.0,1000.0,800.0
2025-03-15 00:00:00+05:30,Hyderabad,Madannapeta,Kheera,20.0,1200.0,1500.0,1350.0
2025-03-15 00:00:00+05:30,Hyderabad,Meeralamandi,Kheera,8.0,1200.0,1200.0,1200.0
2025-03-15 00:00:00+05:30,Bowenpally,Bowenpally,Tomato,2060.0,400.0,800.0,700.0
2025-03-15 00:00:00+05:30,Suryapet,Suryapet,Groundnut pods,17.0,4859.0,5006.0,4859.0
2025-03-15 00:00:00+05:30,Shadnagar,Shadnagar,Green Chillies,12.0,2000.0,2800.0,2300.0
2025-03-15 00:00:00+05:30,Gudimalkapur,Gudumalkapur,French Beans,82.0,2000.0,4500.0,3000.0
2025-03-15 00:00:00+05:30,Vantimamidi,Vantimamidi,French Beans,38.0,2500.0,3500.0,3000.0
2025-03-16 00:00:00+05:30,Bowenpally,Bowenpally,Tomato,2525.0,400.0,800.0,700.0
2025-03-16 00:00:00+05:30,Gaddiannaram,L.B Nagar,Bottle Gourd,81.0,500.0,1000.0,700.0
2025-03-16 00:00:00+05:30,Shadnagar,Shadnagar,Green Chillies,12.0,2500.0,3500.0,3000.0
2025-03-16 00:00:00+05:30,Hyderabad,Meeralamandi,Kheera,16.0,1200.0,1500.0,1350.0
2025-03-16 00:00:00+05:30,Hyderabad,Madannapeta,Kheera,5.0,1200.0,1200.0,1200.0
2025-03-17 00:00:00+05:30,Gaddiannaram,L.B Nagar,Bottle Gourd,75.0,600.0,1000.0,800.0
2025-03-16 00:00:00+05:30,Gudimalkapur,Gudumalkapur,French Beans,146.0,1500.0,3000.0,2000.0
2025-03-16 00:00:00+05:30,Vantimamidi,Vantimamidi,French Beans,38.0,2500.0,3500.0,3000.0
2025-03-17 00:00:00+05:30,Hyderabad,Mahabubmansion,Tamarind,576.0,7000.0,9000.0,8000.0
2025-03-17 00:00:00+05:30,Hyderabad,Madannapeta,Kheera,10.0,1000.0,1200.0,1100.0
2025-03-17 00:00:00+05:30,Bowenpally,Bowenpally,Tomato,2266.0,400.0,800.0,700.0
2025-03-17 00:00:00+05:30,Hyderabad,Meeralamandi,Kheera,7.0,1500.0,2000.0,1750.0
2025-03-17 00:00:00+05:30,Suryapet,Suryapet,Groundnut pods,18.0,3029.0,5559.0,4879.0
2025-03-17 00:00:00+05:30,Jagtial,Jagtial,Soyabean,1.0,2559.0,2559.0,2559.0
2025-03-17 00:00:00+05:30,Shadnagar,Shadnagar,Green Chillies,15.0,2200.0,2800.0,2500.0
2025-03-17 00:00:00+05:30,Siddipet,Siddipet,Horse Gram,0.38,5066.0,5066.0,5066.0
2025-03-18 00:00:00+05:30,Hyderabad,Mahabubmansion,Tamarind,233.0,7000.0,9000.0,8000.0
2025-03-18 00:00:00+05:30,Hyderabad,Meeralamandi,Kheera,7.0,2000.0,2000.0,2000.0
2025-03-18 00:00:00+05:30,Hyderabad,Madannapeta,Kheera,25.0,800.0,1200.0,1000.0
2025-03-18 00:00:00+05:30,Bowenpally,Bowenpally,Tomato,2705.0,400.0,800.0,700.0
2025-03-18 00:00:00+05:30,Gaddiannaram,L.B Nagar,Bottle Gourd,53.0,600.0,1000.0,800.0
2025-03-17 00:00:00+05:30,Gudimalkapur,Gudumalkapur,French Beans,89.0,2000.0,5000.0,3000.0
2025-03-17 00:00:00+05:30,Vantimamidi,Vantimamidi,French Beans,44.0,2500.0,3500.0,3000.0
2025-03-18 00:00:00+05:30,Warangal,Warangal,Cowpea,4.19,7272.0,7272.0,7272.0
2025-03-18 00:00:00+05:30,Suryapet,Suryapet,Groundnut pods,17.0,5859.0,7020.0,6851.0
2025-03-18 00:00:00+05:30,Shadnagar,Shadnagar,Green Chillies,10.0,2000.0,2800.0,2500.0
2025-03-18 00:00:00+05:30,Gudimalkapur,Gudumalkapur,French Beans,182.0,2500.0,5500.0,3000.0
2025-03-18 00:00:00+05:30,Vantimamidi,Vantimamidi,French Beans,46.0,3000.0,3800.0,3400.0
2025-03-19 00:00:00+05:30,Bowenpally,Bowenpally,Tomato,2808.0,400.0,800.0,700.0
2025-03-19 00:00:00+05:30,Hyderabad,Mahabubmansion,Tamarind,346.0,7000.0,9000.0,8000.0
2025-03-19 00:00:00+05:30,Hyderabad,Meeralamandi,Kheera,4.0,1500.0,2000.0,1750.0
2025-03-19 00:00:00+05:30,Hyderabad,Madannapeta,Kheera,50.0,800.0,1200.0,1000.0
2025-03-19 00:00:00+05:30,Gaddiannaram,L.B Nagar,Bottle Gourd,82.0,600.0,1000.0,800.0
2025-03-19 00:00:00+05:30,Suryapet,Suryapet,Groundnut pods,23.0,5252.0,8000.0,5322.0
2025-03-19 00:00:00+05:30,Warangal,Warangal,Cowpea,13.82,5122.0,5212.0,5212.0
2025-03-19 00:00:00+05:30,Vantimamidi,Vantimamidi,French Beans,31.0,2000.0,3000.0,2500.0
2025-03-19 00:00:00+05:30,Gudimalkapur,Gudumalkapur,French Beans,133.0,2000.0,4000.0,3000.0
2025-03-19 00:00:00+05:30,Shadnagar,Shadnagar,Green Chillies,12.0,2000.0,2800.0,2500.0
2025-03-20 00:00:00+05:30,Hyderabad,Mahabubmansion,Tamarind,350.0,7000.0,9000.0,8000.0
2025-03-20 00:00:00+05:30,Gaddiannaram,L.B Nagar,Bottle Gourd,113.0,600.0,1000.0,800.0
2025-03-20 00:00:00+05:30,Bowenpally,Bowenpally,Tomato,2324.0,400.0,800.0,700.0
2025-03-20 00:00:00+05:30,Jainath,Jainath,Mango,320.0,550.0,625.0,587.0
2025-03-20 00:00:00+05:30,Hyderabad,Meeralamandi,Kheera,6.0,1000.0,1200.0,1100.0
2025-03-20 00:00:00+05:30,Hyderabad,Madannapeta,Kheera,20.0,1000.0,1500.0,1250.0
2025-03-20 00:00:00+05:30,Warangal,Warangal,Cowpea,8.38,4825.0,7152.0,7152.0
2025-03-20 00:00:00+05:30,Shadnagar,Shadnagar,Green Chillies,15.0,1800.0,2500.0,2000.0
2025-03-20 00:00:00+05:30,Siddipet,Siddipet,Horse Gram,6.36,4860.0,5103.0,5000.0
2025-03-20 00:00:00+05:30,Suryapet,Suryapet,Groundnut pods,29.0,4009.0,5659.0,5122.0
2025-03-20 00:00:00+05:30,Gudimalkapur,Gudumalkapur,French Beans,147.0,1500.0,4500.0,3000.0
2025-03-20 00:00:00+05:30,Vantimamidi,Vantimamidi,French Beans,23.0,2000.0,3000.0,2500.0
2025-03-21 00:00:00+05:30,Gaddiannaram,L.B Nagar,Bottle Gourd,88.0,500.0,800.0,600.0
2025-03-21 00:00:00+05:30,Hyderabad,Madannapeta,Kheera,25.0,800.0,1200.0,1000.0
2025-03-21 00:00:00+05:30,Hyderabad,Mahabubmansion,Tamarind,231.0,7000.0,9000.0,8000.0
2025-03-21 00:00:00+05:30,Bowenpally,Bowenpally,Tomato,2628.0,400.0,800.0,700.0
2025-03-21 00:00:00+05:30,Thirumalagiri,Tirmalagiri,Black Gram,1.0,7019.0,7019.0,7019.0
2025-03-21 00:00:00+05:30,Hyderabad,Meeralamandi,Kheera,9.0,1000.0,1200.0,1100.0
2025-03-21 00:00:00+05:30,Siddipet,Siddipet,Horse Gram,1.9,5106.0,5106.0,5106.0
2025-03-21 00:00:00+05:30,Suryapet,Suryapet,Groundnut pods,10.0,5459.0,5601.0,5459.0
2025-03-21 00:00:00+05:30,Gudimalkapur,Gudumalkapur,French Beans,107.0,2000.0,3500.0,2500.0
2025-03-21 00:00:00+05:30,Shadnagar,Shadnagar,Green Chillies,12.0,2200.0,2900.0,2500.0
2025-03-21 00:00:00+05:30,Vantimamidi,Vantimamidi,French Beans,18.0,1200.0,2800.0,2000.0
2025-03-22 00:00:00+05:30,Bowenpally,Bowenpally,Tomato,2181.0,400.0,800.0,700.0
2025-03-22 00:00:00+05:30,Hyderabad,Madannapeta,Kheera,37.0,1000.0,1200.0,1100.0
2025-03-22 00:00:00+05:30,Gaddiannaram,L.B Nagar,Bottle Gourd,131.0,500.0,800.0,600.0
2025-03-22 00:00:00+05:30,Hyderabad,Mahabubmansion,Tamarind,322.0,7000.0,9000.0,8000.0
2025-03-22 00:00:00+05:30,Hyderabad,Meeralamandi,Kheera,9.0,1000.0,1200.0,1100.0
2025-03-22 00:00:00+05:30,Shadnagar,Shadnagar,Green Chillies,10.0,2200.0,2700.0,2500.0
2025-03-22 00:00:00+05:30,Siddipet,Siddipet,Horse Gram,1.54,5120.0,5120.0,5120.0
2025-03-23 00:00:00+05:30,Gaddiannaram,L.B Nagar,Bottle Gourd,75.0,500.0,800.0,600.0
2025-03-22 00:00:00+05:30,Gudimalkapur,Gudumalkapur,French Beans,87.0,2500.0,5000.0,3000.0
2025-03-22 00:00:00+05:30,Vantimamidi,Vantimamidi,French Beans,50.0,1500.0,2500.0,2000.0
2025-03-23 00:00:00+05:30,Hyderabad,Madannapeta,Kheera,15.0,600.0,1200.0,900.0
2025-03-23 00:00:00+05:30,Hyderabad,Meeralamandi,Kheera,10.0,1200.0,1200.0,1200.0
2025-03-23 00:00:00+05:30,Jainath,Jainath,Mango,350.0,800.0,1000.0,900.0
2025-03-23 00:00:00+05:30,Bowenpally,Bowenpally,Tomato,1879.0,400.0,800.0,700.0
2025-03-23 00:00:00+05:30,Shadnagar,Shadnagar,Green Chillies,15.0,2800.0,4000.0,3200.0
2025-03-23 00:00:00+05:30,Gudimalkapur,Gudumalkapur,French Beans,151.0,2500.0,4000.0,3000.0
2025-03-23 00:00:00+05:30,Vantimamidi,Vantimamidi,French Beans,23.0,1000.0,2200.0,1600.0
2025-03-24 00:00:00+05:30,Hyderabad,Madannapeta,Kheera,25.0,800.0,1200.0,1000.0
2025-03-24 00:00:00+05:30,Hyderabad,Mahabubmansion,Tamarind,338.0,6000.0,9000.0,7000.0
2025-03-24 00:00:00+05:30,Gaddiannaram,L.B Nagar,Bottle Gourd,83.0,500.0,1000.0,700.0
2025-03-24 00:00:00+05:30,Bowenpally,Bowenpally,Tomato,2080.0,400.0,800.0,700.0
2025-03-24 00:00:00+05:30,Warangal,Warangal,Cowpea,10.12,5333.0,5422.0,5422.0
2025-03-24 00:00:00+05:30,Hyderabad,Meeralamandi,Kheera,6.0,1000.0,1500.0,1250.0
2025-03-24 00:00:00+05:30,Jainath,Jainath,Mango,150.0,800.0,1000.0,900.0
2025-03-24 00:00:00+05:30,Suryapet,Suryapet,Groundnut pods,30.0,4059.0,6509.0,5059.0
2025-03-24 00:00:00+05:30,Shadnagar,Shadnagar,Green Chillies,10.0,3500.0,4500.0,4000.0
2025-03-24 00:00:00+05:30,Gudimalkapur,Gudumalkapur,French Beans,116.0,2500.0,5000.0,3000.0
2025-03-24 00:00:00+05:30,Vantimamidi,Vantimamidi,French Beans,12.0,1500.0,2500.0,2000.0
2025-03-25 00:00:00+05:30,Bowenpally,Bowenpally,Tomato,2726.0,400.0,800.0,700.0
2025-03-25 00:00:00+05:30,Warangal,Warangal,Cowpea,12.37,6129.0,6237.0,4922.0
2025-03-25 00:00:00+05:30,Suryapet,Suryapet,Groundnut pods,17.0,4059.0,6109.0,6019.0
2025-03-25 00:00:00+05:30,Hyderabad,Meeralamandi,Kheera,5.0,1200.0,1200.0,1200.0
2025-03-25 00:00:00+05:30,Hyderabad,Madannapeta,Kheera,35.0,600.0,1200.0,900.0
2025-03-25 00:00:00+05:30,Hyderabad,Mahabubmansion,Tamarind,383.0,6000.0,8000.0,7000.0
2025-03-25 00:00:00+05:30,Gaddiannaram,L.B Nagar,Bottle Gourd,63.0,500.0,1000.0,700.0
2025-03-25 00:00:00+05:30,Shadnagar,Shadnagar,Green Chillies,35.0,3500.0,4200.0,3800.0
2025-03-25 00:00:00+05:30,Gudimalkapur,Gudumalkapur,French Beans,99.0,2500.0,4500.0,3000.0
2025-03-25 00:00:00+05:30,Vantimamidi,Vantimamidi,French Beans,15.0,1000.0,2000.0,1500.0
2025-03-26 00:00:00+05:30,Gaddiannaram,L.B Nagar,Bottle Gourd,62.0,500.0,1000.0,700.0
2025-03-26 00:00:00+05:30,Bowenpally,Bowenpally,Tomato,2598.0,400.0,800.0,700.0
2025-03-26 00:00:00+05:30,Hyderabad,Mahabubmansion,Tamarind,350.0,6000.0,8500.0,7000.0
2025-03-26 00:00:00+05:30,Hyderabad,Madannapeta,Kheera,24.0,800.0,1200.0,1000.0
2025-03-26 00:00:00+05:30,Jainath,Jainath,Mango,150.0,800.0,1000.0,900.0
2025-03-26 00:00:00+05:30,Hyderabad,Meeralamandi,Kheera,4.0,800.0,1000.0,900.0
2025-03-26 00:00:00+05:30,Suryapet,Suryapet,Groundnut pods,3.0,5252.0,5252.0,5252.0
2025-03-26 00:00:00+05:30,Siddipet,Siddipet,Horse Gram,4.09,5051.0,5258.0,5154.0
2025-03-26 00:00:00+05:30,Shadnagar,Shadnagar,Green Chillies,10.0,3500.0,4200.0,3800.0
2025-03-26 00:00:00+05:30,Vantimamidi,Vantimamidi,French Beans,14.0,1200.0,2500.0,1850.0
2025-03-26 00:00:00+05:30,Gudimalkapur,Gudumalkapur,French Beans,97.0,2500.0,5000.0,3000.0
2025-03-27 00:00:00+05:30,Gaddiannaram,L.B Nagar,Bottle Gourd,82.0,500.0,1000.0,700.0
2025-03-27 00:00:00+05:30,Bowenpally,Bowenpally,Tomato,2370.0,400.0,800.0,700.0
2025-03-27 00:00:00+05:30,Hyderabad,Madannapeta,Kheera,30.0,800.0,1200.0,1000.0
2025-03-27 00:00:00+05:30,Hyderabad,Mahabubmansion,Tamarind,344.0,6000.0,8000.0,7000.0
2025-03-27 00:00:00+05:30,Shadnagar,Shadnagar,Green Chillies,15.0,3500.0,4000.0,3800.0
2025-03-27 00:00:00+05:30,Hyderabad,Meeralamandi,Kheera,5.0,800.0,1200.0,1000.0
2025-03-27 00:00:00+05:30,Jainath,Jainath,Mango,310.0,800.0,1000.0,900.0
2025-03-28 00:00:00+05:30,Gaddiannaram,L.B Nagar,Bottle Gourd,85.0,500.0,1000.0,700.0
2025-03-27 00:00:00+05:30,Vantimamidi,Vantimamidi,French Beans,2.0,1000.0,1500.0,1250.0
2025-03-27 00:00:00+05:30,Gudimalkapur,Gudumalkapur,French Beans,167.0,2000.0,4000.0,3000.0
2025-03-28 00:00:00+05:30,Hyderabad,Madannapeta,Kheera,10.0,1000.0,1200.0,1100.0
2025-03-28 00:00:00+05:30,Hyderabad,Meeralamandi,Kheera,4.0,1200.0,1200.0,1200.0
2025-03-28 00:00:00+05:30,Bowenpally,Bowenpally,Tomato,1904.0,400.0,800.0,700.0
2025-03-28 00:00:00+05:30,Suryapet,Suryapet,Groundnut pods,39.0,5259.0,6011.0,5659.0
2025-03-28 00:00:00+05:30,Vantimamidi,Vantimamidi,French Beans,3.0,1000.0,2000.0,1500.0
2025-03-28 00:00:00+05:30,Gudimalkapur,Gudumalkapur,French Beans,101.0,2500.0,3500.0,3000.0
2025-03-28 00:00:00+05:30,Siddipet,Siddipet,Horse Gram,2.42,4356.0,4356.0,4356.0
2025-03-29 00:00:00+05:30,Hyderabad,Madannapeta,Kheera,10.0,1400.0,1600.0,1500.0
2025-03-29 00:00:00+05:30,Gaddiannaram,L.B Nagar,Bottle Gourd,86.0,500.0,1000.0,700.0
2025-03-29 00:00:00+05:30,Bowenpally,Bowenpally,Tomato,2282.0,400.0,800.0,700.0
2025-03-29 00:00:00+05:30,Shadnagar,Shadnagar,Green Chillies,15.0,2800.0,3800.0,3000.0
2025-03-29 00:00:00+05:30,Jainath,Jainath,Mango,150.0,800.0,1000.0,900.0
2025-03-29 00:00:00+05:30,Gudimalkapur,Gudumalkapur,French Beans,105.0,3000.0,3500.0,3000.0
2025-03-29 00:00:00+05:30,Hyderabad,Meeralamandi,Kheera,10.0,1200.0,1200.0,1200.0
2025-03-30 00:00:00+05:30,Shadnagar,Shadnagar,Green Chillies,10.0,2500.0,3500.0,3000.0
2025-03-31 00:00:00+05:30,Bowenpally,Bowenpally,Tomato,978.0,500.0,1500.0,1200.0
2025-03-31 00:00:00+05:30,Hyderabad,Madannapeta,Kheera,10.0,1000.0,1200.0,1100.0
2025-03-31 00:00:00+05:30,Gaddiannaram,L.B Nagar,Bottle Gourd,74.0,500.0,1000.0,700.0
2025-03-31 00:00:00+05:30,Gudimalkapur,Gudumalkapur,French Beans,66.0,3000.0,5000.0,3500.0
2025-03-31 00:00:00+05:30,Jainath,Jainath,Mango,150.0,800.0,1000.0,900.0
2025-03-31 00:00:00+05:30,Shadnagar,Shadnagar,Green Chillies,10.0,2500.0,3500.0,3000.0
2025-03-23 00:00:00+05:30,Vantimamidi,Vantimamidi,Cluster Beans,7.0,1600.0,2800.0,2200.0
2025-03-23 00:00:00+05:30,Gudimalkapur,Gudumalkapur,Cluster Beans,163.0,1500.0,2500.0,1800.0
2025-03-23 00:00:00+05:30,Shadnagar,Shadnagar,Tomato,10.0,800.0,1500.0,1000.0
2025-03-24 00:00:00+05:30,Gaddiannaram,Gaddiannaram,Papaya,1009.0,600.0,2800.0,800.0
2025-03-23 00:00:00+05:30,Bowenpally,Bowenpally,Green Peas,160.0,3000.0,4500.0,4000.0
2025-03-23 00:00:00+05:30,Jainath,Jainath,Mosambi,160.0,550.0,625.0,587.0
2025-03-23 00:00:00+05:30,Hyderabad,Madannapeta,Cucumber,12.0,2000.0,2000.0,2000.0
2025-03-22 00:00:00+05:30,Vantimamidi,Vantimamidi,Cluster Beans,6.0,2000.0,3000.0,2500.0
2025-03-22 00:00:00+05:30,Gudimalkapur,Gudumalkapur,Cluster Beans,132.0,1200.0,3000.0,2000.0
2025-03-23 00:00:00+05:30,Gaddiannaram,L.B Nagar,Ribbed Gourd,35.0,2000.0,3000.0,2500.0
2025-03-23 00:00:00+05:30,Gaddiannaram,Gaddiannaram,Papaya,910.0,1000.0,3200.0,1200.0
2025-03-22 00:00:00+05:30,Shadnagar,Shadnagar,Tomato,12.0,600.0,1200.0,800.0
2025-03-22 00:00:00+05:30,Narayanpet,Narayanpet,Tamarind,99.75,4689.0,12500.0,8889.0
2025-03-22 00:00:00+05:30,Jainath,Jainath,Mosambi,160.0,550.0,625.0,587.0
2025-03-22 00:00:00+05:30,Gaddiannaram,L.B Nagar,Ribbed Gourd,56.0,2000.0,3000.0,2500.0
2025-03-22 00:00:00+05:30,Hyderabad,Madannapeta,Cucumber,8.0,2000.0,2000.0,2000.0
2025-03-22 00:00:00+05:30,Bowenpally,Bowenpally,Green Peas,289.0,1000.0,4000.0,3000.0
2025-03-21 00:00:00+05:30,Vantimamidi,Vantimamidi,Cluster Beans,14.0,2500.0,3500.0,3000.0
2025-03-22 00:00:00+05:30,Gaddiannaram,Gaddiannaram,Papaya,1091.0,1000.0,3200.0,1200.0
2025-03-21 00:00:00+05:30,Shadnagar,Shadnagar,Tomato,10.0,800.0,1200.0,1000.0
2025-03-21 00:00:00+05:30,Gudimalkapur,Gudumalkapur,Cluster Beans,143.0,1500.0,3000.0,2100.0
2025-03-21 00:00:00+05:30,Warangal,Warangal,Cotton,524.0,5500.0,7025.0,6500.0
2025-03-21 00:00:00+05:30,Bowenpally,Bowenpally,Green Peas,348.0,1500.0,3500.0,3000.0
2025-03-21 00:00:00+05:30,Hyderabad,Madannapeta,Cucumber,15.0,2000.0,2000.0,2000.0
2025-03-21 00:00:00+05:30,Gaddiannaram,L.B Nagar,Ribbed Gourd,55.0,2000.0,3000.0,2500.0
2025-03-21 00:00:00+05:30,Gaddiannaram,Gaddiannaram,Papaya,805.0,1400.0,3600.0,1500.0
2025-03-20 00:00:00+05:30,Vantimamidi,Vantimamidi,Cluster Beans,12.0,2500.0,3200.0,2850.0
2025-03-20 00:00:00+05:30,Gudimalkapur,Gudumalkapur,Cluster Beans,208.0,2000.0,3100.0,2500.0
2025-03-20 00:00:00+05:30,Shadnagar,Shadnagar,Tomato,10.0,800.0,1200.0,1000.0
2025-03-20 00:00:00+05:30,Warangal,Warangal,Cotton,566.0,5500.0,7010.0,6400.0
2025-03-20 00:00:00+05:30,Hyderabad,Madannapeta,Cucumber,10.0,2000.0,2000.0,2000.0
2025-03-20 00:00:00+05:30,Jainath,Jainath,Mosambi,160.0,550.0,625.0,587.0
2025-03-20 00:00:00+05:30,Bowenpally,Bowenpally,Green Peas,421.0,1000.0,3500.0,2500.0
2025-03-20 00:00:00+05:30,Gaddiannaram,L.B Nagar,Ribbed Gourd,65.0,2000.0,3000.0,2500.0
2025-03-19 00:00:00+05:30,Shadnagar,Shadnagar,Tomato,10.0,800.0,1200.0,600.0
2025-03-19 00:00:00+05:30,Gudimalkapur,Gudumalkapur,Cluster Beans,157.0,2400.0,3100.0,2900.0
2025-03-19 00:00:00+05:30,Vantimamidi,Vantimamidi,Cluster Beans,11.0,2500.0,3200.0,2850.0
2025-03-20 00:00:00+05:30,Gaddiannaram,Gaddiannaram,Papaya,963.0,900.0,3600.0,1600.0
2025-03-19 00:00:00+05:30,Warangal,Warangal,Cotton,376.0,5500.0,7100.0,6500.0
2025-03-19 00:00:00+05:30,Jainath,Jainath,Mosambi,800.0,550.0,625.0,587.0
2025-03-19 00:00:00+05:30,Gaddiannaram,L.B Nagar,Ribbed Gourd,45.0,2000.0,3000.0,2500.0
2025-03-19 00:00:00+05:30,Hyderabad,Madannapeta,Cucumber,5.0,2000.0,2000.0,2000.0
2025-03-19 00:00:00+05:30,Bowenpally,Bowenpally,Green Peas,459.0,1000.0,3800.0,2800.0
2025-03-18 00:00:00+05:30,Vantimamidi,Vantimamidi,Cluster Beans,16.0,200.0,3000.0,2500.0
2025-03-19 00:00:00+05:30,Gaddiannaram,Gaddiannaram,Papaya,938.0,1700.0,3600.0,2400.0
2025-03-18 00:00:00+05:30,Gudimalkapur,Gudumalkapur,Cluster Beans,172.0,2500.0,3300.0,3000.0
2025-03-18 00:00:00+05:30,Shadnagar,Shadnagar,Tomato,12.0,500.0,1200.0,800.0
2025-03-18 00:00:00+05:30,Warangal,Warangal,Cotton,406.0,5200.0,6975.0,6100.0
2025-03-17 00:00:00+05:30,Vantimamidi,Vantimamidi,Cluster Beans,8.0,2500.0,3500.0,3000.0
2025-03-17 00:00:00+05:30,Gudimalkapur,Gudumalkapur,Cluster Beans,125.0,2000.0,3200.0,2500.0
2025-03-18 00:00:00+05:30,Gaddiannaram,L.B Nagar,Ribbed Gourd,74.0,2500.0,3000.0,2700.0
2025-03-18 00:00:00+05:30,Gaddiannaram,Gaddiannaram,Papaya,765.0,11000.0,3800.0,2000.0
2025-03-18 00:00:00+05:30,Bowenpally,Bowenpally,Green Peas,343.0,3600.0,4500.0,4200.0
2025-03-17 00:00:00+05:30,Shadnagar,Shadnagar,Tomato,10.0,800.0,1200.0,1000.0
2025-03-17 00:00:00+05:30,Jainath,Jainath,Mosambi,160.0,550.0,625.0,587.0
2025-03-17 00:00:00+05:30,Suryapet,Suryapet,Castor,2.0,3656.0,3656.0,3656.0
2025-03-17 00:00:00+05:30,Warangal,Warangal,Cotton,259.0,5200.0,6825.0,6300.0
2025-03-17 00:00:00+05:30,Bowenpally,Bowenpally,Green Peas,380.0,3600.0,4500.0,4200.0
2025-03-17 00:00:00+05:30,Hyderabad,Madannapeta,Cucumber,5.0,2000.0,2000.0,2000.0
2025-03-16 00:00:00+05:30,Vantimamidi,Vantimamidi,Cluster Beans,11.0,2500.0,3500.0,3000.0
2025-03-16 00:00:00+05:30,Gudimalkapur,Gudumalkapur,Cluster Beans,133.0,1500.0,3500.0,2500.0
2025-03-17 00:00:00+05:30,Gaddiannaram,L.B Nagar,Ribbed Gourd,79.0,2000.0,3000.0,2500.0
2025-03-17 00:00:00+05:30,Gaddiannaram,Gaddiannaram,Papaya,849.0,1200.0,3700.0,1500.0
2025-03-16 00:00:00+05:30,Hyderabad,Madannapeta,Cucumber,5.0,2000.0,2000.0,2000.0
2025-03-16 00:00:00+05:30,Gaddiannaram,Gaddiannaram,Papaya,903.0,1200.0,3600.0,1600.0
2025-03-16 00:00:00+05:30,Shadnagar,Shadnagar,Tomato,10.0,500.0,800.0,600.0
2025-03-16 00:00:00+05:30,Jainath,Jainath,Mosambi,320.0,550.0,625.0,587.0
2025-03-16 00:00:00+05:30,Gaddiannaram,L.B Nagar,Ribbed Gourd,48.0,3000.0,3500.0,3200.0
2025-03-15 00:00:00+05:30,Vantimamidi,Vantimamidi,Cluster Beans,4.0,2500.0,3500.0,3000.0
2025-03-15 00:00:00+05:30,Gudimalkapur,Gudumalkapur,Cluster Beans,137.0,2000.0,3000.0,2500.0
2025-03-15 00:00:00+05:30,Shadnagar,Shadnagar,Tomato,10.0,600.0,1200.0,800.0
2025-03-15 00:00:00+05:30,Narayanpet,Narayanpet,Tamarind,42.25,5500.0,13011.0,9669.0
2025-03-15 00:00:00+05:30,Jainath,Jainath,Mosambi,160.0,550.0,625.0,587.0
2025-03-15 00:00:00+05:30,Bowenpally,Bowenpally,Green Peas,415.0,3000.0,3500.0,3400.0
2025-03-15 00:00:00+05:30,Hyderabad,Madannapeta,Cucumber,5.0,2000.0,2000.0,2000.0
2025-03-15 00:00:00+05:30,Gaddiannaram,L.B Nagar,Ribbed Gourd,4.0,3000.0,3500.0,3200.0
2025-03-15 00:00:00+05:30,Gaddiannaram,Gaddiannaram,Papaya,756.0,2000.0,3800.0,2100.0
2025-03-14 00:00:00+05:30,Gudimalkapur,Gudumalkapur,Cluster Beans,145.0,2500.0,3200.0,2500.0
2025-03-14 00:00:00+05:30,Bowenpally,Bowenpally,Green Peas,215.0,1500.0,4000.0,3200.0
2025-03-14 00:00:00+05:30,Hyderabad,Madannapeta,Cucumber,10.0,2300.0,2500.0,2400.0
2025-03-14 00:00:00+05:30,Jainath,Jainath,Mosambi,160.0,550.0,625.0,587.0
2025-03-13 00:00:00+05:30,Vantimamidi,Vantimamidi,Cluster Beans,7.0,2000.0,3500.0,2750.0
2025-03-13 00:00:00+05:30,Gudimalkapur,Gudumalkapur,Cluster Beans,140.0,2000.0,3500.0,2500.0
2025-03-14 00:00:00+05:30,Gaddiannaram,L.B Nagar,Ribbed Gourd,50.0,3000.0,3500.0,3200.0
2025-03-14 00:00:00+05:30,Gaddiannaram,Gaddiannaram,Papaya,432.0,1900.0,3800.0,2000.0
2025-03-13 00:00:00+05:30,Shadnagar,Shadnagar,Tomato,15.0,600.0,1200.0,800.0
2025-03-13 00:00:00+05:30,Jainath,Jainath,Mosambi,160.0,550.0,625.0,587.0
2025-03-13 00:00:00+05:30,Bowenpally,Bowenpally,Green Peas,456.0,1500.0,4500.0,3500.0
2025-03-13 00:00:00+05:30,Hyderabad,Madannapeta,Cucumber,5.0,2500.0,2500.0,2500.0
2025-03-13 00:00:00+05:30,Gaddiannaram,L.B Nagar,Ribbed Gourd,59.0,3000.0,3500.0,3200.0
2025-03-13 00:00:00+05:30,Gaddiannaram,Gaddiannaram,Papaya,1242.0,1400.0,3400.0,1500.0
2025-03-12 00:00:00+05:30,Vantimamidi,Vantimamidi,Cluster Beans,8.0,2000.0,3000.0,2500.0
2025-03-12 00:00:00+05:30,Shadnagar,Shadnagar,Tomato,10.0,800.0,1200.0,1000.0
2025-03-12 00:00:00+05:30,Gudimalkapur,Gudumalkapur,Cluster Beans,196.0,2000.0,3500.0,2500.0
2025-03-12 00:00:00+05:30,Warangal,Warangal,Cotton,443.0,5000.0,6960.0,6400.0
2025-03-11 00:00:00+05:30,Gudimalkapur,Gudumalkapur,Cluster Beans,122.0,2200.0,3000.0,2500.0
2025-03-11 00:00:00+05:30,Vantimamidi,Vantimamidi,Cluster Beans,3.0,1500.0,3000.0,2250.0
2025-03-12 00:00:00+05:30,Gaddiannaram,Gaddiannaram,Papaya,935.0,1200.0,3500.0,1800.0
2025-03-12 00:00:00+05:30,Bowenpally,Bowenpally,Green Peas,888.0,1500.0,4500.0,3500.0
2025-03-12 00:00:00+05:30,Gaddiannaram,L.B Nagar,Ribbed Gourd,70.0,3000.0,3500.0,3200.0
2025-03-12 00:00:00+05:30,Hyderabad,Madannapeta,Cucumber,10.0,2300.0,2500.0,2400.0
2025-03-11 00:00:00+05:30,Shadnagar,Shadnagar,Tomato,10.0,800.0,1500.0,1200.0
2025-03-11 00:00:00+05:30,Warangal,Warangal,Cotton,761.0,5500.0,6950.0,6400.0
2025-03-11 00:00:00+05:30,Bowenpally,Bowenpally,Green Peas,404.0,3500.0,4500.0,4200.0
2025-03-11 00:00:00+05:30,Gaddiannaram,L.B Nagar,Ribbed Gourd,46.0,3000.0,3500.0,3200.0
2025-03-11 00:00:00+05:30,Hyderabad,Madannapeta,Cucumber,10.0,2500.0,2500.0,2500.0
2025-03-10 00:00:00+05:30,Shadnagar,Shadnagar,Tomato,12.0,800.0,1200.0,1000.0
2025-03-10 00:00:00+05:30,Gudimalkapur,Gudumalkapur,Cluster Beans,109.0,2000.0,3500.0,2500.0
2025-03-10 00:00:00+05:30,Vantimamidi,Vantimamidi,Cluster Beans,1.0,1500.0,1500.0,1500.0
2025-03-11 00:00:00+05:30,Gaddiannaram,Gaddiannaram,Papaya,1018.0,1000.0,3700.0,1500.0
2025-03-10 00:00:00+05:30,Hyderabad,Madannapeta,Cucumber,10.0,2500.0,2500.0,2500.0
2025-03-10 00:00:00+05:30,Warangal,Warangal,Cotton,794.0,5500.0,6960.0,6300.0
2025-03-10 00:00:00+05:30,Bowenpally,Bowenpally,Green Peas,413.0,1500.0,4500.0,3500.0
2025-03-10 00:00:00+05:30,Gaddiannaram,L.B Nagar,Ribbed Gourd,45.0,3000.0,3500.0,3200.0
2025-03-10 00:00:00+05:30,Gaddiannaram,Gaddiannaram,Papaya,532.0,1600.0,3400.0,1700.0
2025-03-09 00:00:00+05:30,Gudimalkapur,Gudumalkapur,Cluster Beans,93.0,2000.0,3500.0,2500.0
2025-03-09 00:00:00+05:30,Shadnagar,Shadnagar,Tomato,15.0,500.0,1200.0,1000.0
2025-03-09 00:00:00+05:30,Bowenpally,Bowenpally,Green Peas,443.0,1500.0,4500.0,3500.0
2025-03-09 00:00:00+05:30,Hyderabad,Madannapeta,Cucumber,18.0,2000.0,2500.0,2250.0
2025-03-09 00:00:00+05:30,Gaddiannaram,L.B Nagar,Ribbed Gourd,62.0,2000.0,3000.0,2500.0
2025-03-09 00:00:00+05:30,Gaddiannaram,Gaddiannaram,Papaya,775.0,1600.0,3400.0,1700.0
2025-03-08 00:00:00+05:30,Vantimamidi,Vantimamidi,Cluster Beans,5.0,2500.0,2500.0,2500.0
2025-03-08 00:00:00+05:30,Gudimalkapur,Gudumalkapur,Cluster Beans,105.0,2000.0,3500.0,2500.0
2025-03-08 00:00:00+05:30,Shadnagar,Shadnagar,Tomato,15.0,600.0,1200.0,800.0
2025-03-08 00:00:00+05:30,Narayanpet,Narayanpet,Tamarind,52.75,6000.0,10189.0,8389.0
2025-03-08 00:00:00+05:30,Jainath,Jainath,Mosambi,160.0,550.0,625.0,587.0
2025-03-08 00:00:00+05:30,Hyderabad,Madannapeta,Cucumber,10.0,2250.0,2250.0,2250.0
2025-03-07 00:00:00+05:30,Shadnagar,Shadnagar,Tomato,15.0,600.0,1200.0,800.0
2025-03-07 00:00:00+05:30,Vantimamidi,Vantimamidi,Cluster Beans,1.0,2500.0,2500.0,2500.0
2025-03-07 00:00:00+05:30,Gudimalkapur,Gudumalkapur,Cluster Beans,99.0,2000.0,3500.0,2500.0
2025-03-08 00:00:00+05:30,Bowenpally,Bowenpally,Green Peas,438.0,2500.0,4000.0,3500.0
2025-03-08 00:00:00+05:30,Gaddiannaram,L.B Nagar,Ribbed Gourd,46.0,2000.0,3000.0,2500.0
2025-03-08 00:00:00+05:30,Gaddiannaram,Gaddiannaram,Papaya,589.0,1500.0,600.0,2000.0
2025-03-07 00:00:00+05:30,Warangal,Warangal,Cotton,734.0,5500.0,7020.0,6500.0
2025-03-07 00:00:00+05:30,Jainath,Jainath,Mosambi,160.0,550.0,625.0,587.0
2025-03-07 00:00:00+05:30,Bowenpally,Bowenpally,Green Peas,255.0,1500.0,3800.0,3000.0
2025-03-07 00:00:00+05:30,Hyderabad,Madannapeta,Cucumber,10.0,2000.0,2000.0,2000.0
2025-03-06 00:00:00+05:30,Vantimamidi,Vantimamidi,Cluster Beans,2.0,2500.0,2500.0,2500.0
2025-03-06 00:00:00+05:30,Shadnagar,Shadnagar,Tomato,15.0,800.0,1200.0,1000.0
2025-03-07 00:00:00+05:30,Gaddiannaram,L.B Nagar,Ribbed Gourd,50.0,2000.0,3000.0,2500.0
2025-03-07 00:00:00+05:30,Gaddiannaram,Gaddiannaram,Papaya,540.0,1500.0,3000.0,1800.0
2025-03-06 00:00:00+05:30,Gudimalkapur,Gudumalkapur,Cluster Beans,111.0,2500.0,3500.0,3000.0
2025-03-06 00:00:00+05:30,Warangal,Warangal,Cotton,575.0,5200.0,6900.0,6400.0
2025-03-06 00:00:00+05:30,Hyderabad,Madannapeta,Cucumber,5.0,2000.0,2000.0,2000.0
2025-03-06 00:00:00+05:30,Gaddiannaram,L.B Nagar,Ribbed Gourd,53.0,2000.0,3000.0,2500.0
2025-03-06 00:00:00+05:30,Bowenpally,Bowenpally,Green Peas,347.0,2000.0,3500.0,3000.0
2025-03-05 00:00:00+05:30,Vantimamidi,Vantimamidi,Cluster Beans,1.0,3000.0,3000.0,3000.0
2025-03-06 00:00:00+05:30,Gaddiannaram,Gaddiannaram,Papaya,683.0,1200.0,3300.0,1500.0
2025-03-05 00:00:00+05:30,Shadnagar,Shadnagar,Tomato,10.0,500.0,1200.0,800.0
2025-03-05 00:00:00+05:30,Gudimalkapur,Gudumalkapur,Cluster Beans,137.0,2000.0,3600.0,2500.0
2025-03-05 00:00:00+05:30,Warangal,Warangal,Cotton,610.0,5000.0,6900.0,6400.0
2025-03-05 00:00:00+05:30,Bowenpally,Bowenpally,Green Peas,681.0,1000.0,3200.0,2400.0
2025-03-05 00:00:00+05:30,Hyderabad,Madannapeta,Cucumber,10.0,2000.0,2500.0,2250.0
2025-03-05 00:00:00+05:30,Gaddiannaram,L.B Nagar,Ribbed Gourd,65.0,2000.0,3000.0,2500.0
2025-03-05 00:00:00+05:30,Gaddiannaram,Gaddiannaram,Papaya,661.0,1300.0,2900.0,1400.0
2025-03-04 00:00:00+05:30,Vantimamidi,Vantimamidi,Cluster Beans,4.0,2000.0,3000.0,2500.0
2025-03-04 00:00:00+05:30,Shadnagar,Shadnagar,Tomato,10.0,800.0,1500.0,1000.0
2025-03-04 00:00:00+05:30,Gudimalkapur,Gudumalkapur,Cluster Beans,112.0,2000.0,3700.0,2500.0
2025-03-04 00:00:00+05:30,Jainath,Jainath,Mosambi,160.0,550.0,625.0,587.0
2025-03-04 00:00:00+05:30,Warangal,Warangal,Cotton,662.0,5000.0,6920.0,6400.0
2025-03-04 00:00:00+05:30,Bowenpally,Bowenpally,Green Peas,812.0,1500.0,3000.0,2500.0
2025-03-04 00:00:00+05:30,Hyderabad,Madannapeta,Cucumber,15.0,2000.0,3000.0,2500.0
2025-03-03 00:00:00+05:30,Gudimalkapur,Gudumalkapur,Cluster Beans,157.0,2000.0,3500.0,2500.0
2025-03-04 00:00:00+05:30,Gaddiannaram,L.B Nagar,Ribbed Gourd,45.0,2500.0,3500.0,3000.0
2025-03-04 00:00:00+05:30,Gaddiannaram,Gaddiannaram,Papaya,1173.0,1500.0,3900.0,1800.0
2025-03-03 00:00:00+05:30,Shadnagar,Shadnagar,Tomato,10.0,1000.0,1200.0,1000.0
2025-03-03 00:00:00+05:30,Warangal,Warangal,Cotton,524.0,5400.0,6800.0,6300.0
2025-03-03 00:00:00+05:30,Hyderabad,Madannapeta,Cucumber,15.0,2000.0,3000.0,2500.0
2025-03-03 00:00:00+05:30,Bowenpally,Bowenpally,Green Peas,1088.0,1500.0,3200.0,2500.0
2025-03-03 00:00:00+05:30,Gaddiannaram,L.B Nagar,Ribbed Gourd,49.0,2500.0,3500.0,3000.0
2025-03-02 00:00:00+05:30,Gudimalkapur,Gudumalkapur,Cluster Beans,145.0,2500.0,3500.0,3000.0
2025-03-03 00:00:00+05:30,Gaddiannaram,Gaddiannaram,Papaya,1386.0,1500.0,4000.0,1800.0
2025-03-02 00:00:00+05:30,Hyderabad,Madannapeta,Cucumber,5.0,2000.0,2000.0,2000.0
2025-03-02 00:00:00+05:30,Gaddiannaram,Gaddiannaram,Papaya,780.0,2000.0,4300.0,2200.0
2025-03-02 00:00:00+05:30,Shadnagar,Shadnagar,Tomato,10.0,800.0,1200.0,1000.0
2025-03-02 00:00:00+05:30,Bowenpally,Bowenpally,Green Peas,854.0,1800.0,3000.0,2600.0
2025-03-02 00:00:00+05:30,Gaddiannaram,L.B Nagar,Ribbed Gourd,70.0,2500.0,3500.0,3000.0
2025-03-01 00:00:00+05:30,Narayanpet,Narayanpet,Tamarind,19.0,5011.0,8040.0,7500.0
2025-03-01 00:00:00+05:30,Gudimalkapur,Gudumalkapur,Cluster Beans,147.0,2500.0,3500.0,2900.0
2025-03-01 00:00:00+05:30,Hyderabad,Madannapeta,Cucumber,6.0,3000.0,3000.0,3000.0
2025-03-01 00:00:00+05:30,Jainath,Jainath,Mosambi,160.0,550.0,625.0,587.0
2025-03-01 00:00:00+05:30,Bowenpally,Bowenpally,Green Peas,1132.0,1000.0,3000.0,2200.0
2025-03-01 00:00:00+05:30,Gaddiannaram,L.B Nagar,Ribbed Gourd,55.0,3000.0,3500.0,3200.0
2025-03-01 00:00:00+05:30,Gaddiannaram,Gaddiannaram,Papaya,880.0,1400.0,4000.0,2000.0
2025-03-31 00:00:00+05:30,Shadnagar,Shadnagar,Tomato,12.0,1200.0,1800.0,1500.0
2025-03-31 00:00:00+05:30,Vantimamidi,Vantimamidi,Cluster Beans,17.0,1500.0,2500.0,2000.0
2025-03-31 00:00:00+05:30,Jainath,Jainath,Mosambi,160.0,550.0,625.0,587.0
2025-03-30 00:00:00+05:30,Jainath,Jainath,Mosambi,160.0,550.0,625.0,587.0
2025-03-31 00:00:00+05:30,Gudimalkapur,Gudumalkapur,Cluster Beans,33.0,2000.0,2500.0,2200.0
2025-03-31 00:00:00+05:30,Gaddiannaram,L.B Nagar,Ribbed Gourd,20.0,2000.0,3000.0,2500.0
2025-03-31 00:00:00+05:30,Hyderabad,Madannapeta,Cucumber,3.0,2000.0,2000.0,2000.0
2025-03-30 00:00:00+05:30,Shadnagar,Shadnagar,Tomato,15.0,600.0,1000.0,800.0
2025-03-30 00:00:00+05:30,Gaddiannaram,Gaddiannaram,Papaya,165.0,700.0,2000.0,800.0
2025-03-28 00:00:00+05:30,Narayanpet,Narayanpet,Tamarind,29.75,4250.0,7350.0,4250.0
2025-03-29 00:00:00+05:30,Gudimalkapur,Gudumalkapur,Cluster Beans,126.0,1500.0,2500.0,2000.0
2025-03-29 00:00:00+05:30,Jainath,Jainath,Mosambi,160.0,550.0,625.0,587.0
2025-03-29 00:00:00+05:30,Shadnagar,Shadnagar,Tomato,10.0,800.0,1500.0,1000.0
2025-03-29 00:00:00+05:30,Gaddiannaram,L.B Nagar,Ribbed Gourd,35.0,2500.0,3000.0,2700.0
2025-03-29 00:00:00+05:30,Hyderabad,Madannapeta,Cucumber,15.0,1300.0,1500.0,1400.0
2025-03-28 00:00:00+05:30,Gudimalkapur,Gudumalkapur,Cluster Beans,162.0,1300.0,2500.0,1800.0
2025-03-28 00:00:00+05:30,Vantimamidi,Vantimamidi,Cluster Beans,5.0,1000.0,2000.0,1500.0
2025-03-29 00:00:00+05:30,Gaddiannaram,Gaddiannaram,Papaya,324.0,700.0,2000.0,800.0
2025-03-28 00:00:00+05:30,Jainath,Jainath,Mosambi,160.0,550.0,625.0,587.0
2025-03-28 00:00:00+05:30,Bowenpally,Bowenpally,Green Peas,17.0,1500.0,3500.0,3000.0
2025-03-28 00:00:00+05:30,Hyderabad,Madannapeta,Cucumber,19.0,1000.0,2000.0,1500.0
2025-03-27 00:00:00+05:30,Gudimalkapur,Gudumalkapur,Cluster Beans,164.0,1500.0,3000.0,2200.0
2025-03-27 00:00:00+05:30,Vantimamidi,Vantimamidi,Cluster Beans,9.0,1500.0,2500.0,2000.0
2025-03-28 00:00:00+05:30,Gaddiannaram,L.B Nagar,Ribbed Gourd,38.0,2000.0,3000.0,2500.0
2025-03-28 00:00:00+05:30,Gaddiannaram,Gaddiannaram,Papaya,963.0,500.0,2200.0,1000.0
2025-03-27 00:00:00+05:30,Jainath,Jainath,Mosambi,160.0,550.0,625.0,587.0
2025-03-27 00:00:00+05:30,Shadnagar,Shadnagar,Tomato,10.0,800.0,1200.0,1000.0
2025-03-27 00:00:00+05:30,Hyderabad,Madannapeta,Cucumber,10.0,1500.0,2000.0,1750.0
2025-03-27 00:00:00+05:30,Warangal,Warangal,Cotton,402.0,5800.0,7050.0,6500.0
2025-03-27 00:00:00+05:30,Bowenpally,Bowenpally,Green Peas,110.0,1000.0,4000.0,3000.0
2025-03-27 00:00:00+05:30,Gaddiannaram,L.B Nagar,Ribbed Gourd,40.0,2000.0,3000.0,2500.0
2025-03-27 00:00:00+05:30,Gaddiannaram,Gaddiannaram,Papaya,957.0,500.0,2200.0,1000.0
2025-03-26 00:00:00+05:30,Gudimalkapur,Gudumalkapur,Cluster Beans,117.0,1500.0,2700.0,2000.0
2025-03-26 00:00:00+05:30,Vantimamidi,Vantimamidi,Cluster Beans,8.0,1500.0,3500.0,2500.0
2025-03-26 00:00:00+05:30,Shadnagar,Shadnagar,Tomato,15.0,1000.0,1500.0,1200.0
2025-03-26 00:00:00+05:30,Jainath,Jainath,Mosambi,800.0,550.0,625.0,587.0
2025-03-26 00:00:00+05:30,Hyderabad,Madannapeta,Cucumber,12.0,1750.0,1750.0,1750.0
2025-03-26 00:00:00+05:30,Warangal,Warangal,Cotton,505.0,5300.0,7010.0,6400.0
2025-03-26 00:00:00+05:30,Bowenpally,Bowenpally,Green Peas,27.0,2000.0,7500.0,5000.0
2025-03-26 00:00:00+05:30,Gaddiannaram,L.B Nagar,Ribbed Gourd,32.0,2000.0,3000.0,2500.0
2025-03-26 00:00:00+05:30,Gaddiannaram,Gaddiannaram,Papaya,886.0,700.0,2800.0,900.0
2025-03-25 00:00:00+05:30,Vantimamidi,Vantimamidi,Cluster Beans,1.0,2000.0,3000.0,2500.0
2025-03-25 00:00:00+05:30,Gudimalkapur,Gudumalkapur,Cluster Beans,147.0,1500.0,3000.0,2100.0
2025-03-25 00:00:00+05:30,Shadnagar,Shadnagar,Tomato,30.0,1200.0,1500.0,1000.0
2025-03-25 00:00:00+05:30,Gaddiannaram,L.B Nagar,Ribbed Gourd,40.0,2000.0,3000.0,2500.0
2025-03-25 00:00:00+05:30,Hyderabad,Madannapeta,Cucumber,10.0,2000.0,2000.0,2000.0
2025-03-25 00:00:00+05:30,Jainath,Jainath,Mosambi,900.0,550.0,625.0,587.0
2025-03-25 00:00:00+05:30,Warangal,Warangal,Cotton,447.0,5500.0,7045.0,6500.0
2025-03-25 00:00:00+05:30,Bowenpally,Bowenpally,Green Peas,60.0,2000.0,4500.0,3500.0
2025-03-25 00:00:00+05:30,Gaddiannaram,Gaddiannaram,Papaya,821.0,900.0,2900.0,1100.0
2025-03-24 00:00:00+05:30,Gudimalkapur,Gudumalkapur,Cluster Beans,152.0,1500.0,2500.0,2500.0
2025-03-24 00:00:00+05:30,Shadnagar,Shadnagar,Tomato,12.0,1200.0,1500.0,1300.0
2025-03-24 00:00:00+05:30,Warangal,Warangal,Cotton,665.0,6000.0,7030.0,6500.0
2025-03-24 00:00:00+05:30,Bowenpally,Bowenpally,Green Peas,166.0,1000.0,3500.0,2500.0
2025-03-24 00:00:00+05:30,Gaddiannaram,L.B Nagar,Ribbed Gourd,51.0,2000.0,3000.0,2500.0
2025-03-24 00:00:00+05:30,Hyderabad,Madannapeta,Cucumber,10.0,2000.0,2000.0,2000.0
2025-03-01 00:00:00+05:30,Gaddiannaram,Gaddiannaram,Guava,182.0,1500.0,4000.0,2500.0
2025-03-01 00:00:00+05:30,Gaddiannaram,L.B Nagar,Bitter Gourd,26.0,3000.0,3500.0,3200.0
2025-03-01 00:00:00+05:30,Bowenpally,Bowenpally,French Beans,614.0,1500.0,3500.0,2800.0
2025-03-01 00:00:00+05:30,Thirumalagiri,Tirmalagiri,Cowpea,4.0,5789.0,6689.0,6689.0
2025-03-01 00:00:00+05:30,Gudimalkapur,Gudumalkapur,Field Beans,107.0,2500.0,4500.0,3000.0
2025-03-02 00:00:00+05:30,Gaddiannaram,L.B Nagar,Bitter Gourd,27.0,3000.0,3500.0,3200.0
2025-03-01 00:00:00+05:30,Vantimamidi,Vantimamidi,Field Beans,61.0,1000.0,2000.0,1500.0
2025-03-02 00:00:00+05:30,Bowenpally,Bowenpally,French Beans,759.0,1000.0,3000.0,2500.0
2025-03-02 00:00:00+05:30,Shadnagar,Shadnagar,Cluster Beans,12.0,2800.0,3800.0,3000.0
2025-03-02 00:00:00+05:30,Gaddiannaram,Gaddiannaram,Guava,60.0,2500.0,6000.0,4000.0
2025-03-03 00:00:00+05:30,Gaddiannaram,Gaddiannaram,Guava,244.0,2500.0,6000.0,4000.0
2025-03-02 00:00:00+05:30,Vantimamidi,Vantimamidi,Field Beans,40.0,1500.0,2500.0,2000.0
2025-03-02 00:00:00+05:30,Gudimalkapur,Gudumalkapur,Field Beans,117.0,2500.0,4000.0,3000.0
2025-03-03 00:00:00+05:30,Gaddiannaram,L.B Nagar,Bitter Gourd,10.0,3000.0,3500.0,3200.0
2025-03-03 00:00:00+05:30,Hyderabad,Mahabubmansion,Potato,250.0,2200.0,2200.0,2200.0
2025-03-03 00:00:00+05:30,Bowenpally,Bowenpally,French Beans,554.0,1500.0,3500.0,3000.0
2025-03-03 00:00:00+05:30,Thirumalagiri,Tirmalagiri,Cowpea,9.0,6211.0,6729.0,6629.0
2025-03-03 00:00:00+05:30,Warangal,Warangal,Sunnhemp,54.49,6373.0,7223.0,7082.0
2025-03-03 00:00:00+05:30,Shadnagar,Shadnagar,Cluster Beans,12.0,2800.0,3600.0,3200.0
2025-03-03 00:00:00+05:30,Siddipet,Siddipet,Cowpea,1.05,6355.0,6555.0,6455.0
2025-03-04 00:00:00+05:30,Gaddiannaram,Gaddiannaram,Guava,278.0,1500.0,5000.0,3000.0
2025-03-04 00:00:00+05:30,Gaddiannaram,L.B Nagar,Bitter Gourd,23.0,3000.0,3500.0,3200.0
2025-03-03 00:00:00+05:30,Gudimalkapur,Gudumalkapur,Field Beans,56.0,2500.0,4000.0,3500.0
2025-03-03 00:00:00+05:30,Vantimamidi,Vantimamidi,Field Beans,59.0,1000.0,2500.0,1750.0
2025-03-04 00:00:00+05:30,Hyderabad,Mahabubmansion,Potato,116.0,2200.0,2200.0,2200.0
2025-03-04 00:00:00+05:30,Bowenpally,Bowenpally,French Beans,391.0,1500.0,3500.0,3000.0
2025-03-04 00:00:00+05:30,Warangal,Warangal,Sunnhemp,46.94,6829.0,7323.0,7232.0
2025-03-04 00:00:00+05:30,Thirumalagiri,Tirmalagiri,Cowpea,10.0,5689.0,6439.0,6311.0
2025-03-04 00:00:00+05:30,Gudimalkapur,Gudumalkapur,Field Beans,106.0,2500.0,5000.0,3000.0
2025-03-04 00:00:00+05:30,Siddipet,Siddipet,Cowpea,2.8,6111.0,6851.0,6512.0
2025-03-03 00:00:00+05:30,Wanaparthy Road,W.P Road,Groundnut pods,28.8,4756.0,6572.0,6296.0
2025-03-04 00:00:00+05:30,Shadnagar,Shadnagar,Cluster Beans,12.0,2500.0,3500.0,2800.0
2025-03-04 00:00:00+05:30,Vantimamidi,Vantimamidi,Field Beans,138.0,2000.0,3500.0,2750.0
2025-03-05 00:00:00+05:30,Gaddiannaram,Gaddiannaram,Guava,289.0,1500.0,5000.0,3000.0
2025-03-05 00:00:00+05:30,Gaddiannaram,L.B Nagar,Bitter Gourd,15.0,2500.0,3000.0,2700.0
2025-03-05 00:00:00+05:30,Hyderabad,Mahabubmansion,Potato,35.0,14000.0,17000.0,15000.0
2025-03-05 00:00:00+05:30,Bowenpally,Bowenpally,French Beans,495.0,1500.0,3500.0,3000.0
2025-03-05 00:00:00+05:30,Warangal,Warangal,Sunnhemp,17.42,6512.0,7369.0,7292.0
2025-03-05 00:00:00+05:30,Thirumalagiri,Tirmalagiri,Cowpea,1.0,6211.0,6211.0,6211.0
2025-03-05 00:00:00+05:30,Gudimalkapur,Gudumalkapur,Field Beans,46.0,2500.0,3500.0,3000.0
2025-03-05 00:00:00+05:30,Shadnagar,Shadnagar,Cluster Beans,12.0,2500.0,2800.0,2600.0
2025-03-04 00:00:00+05:30,Wanaparthy Road,W.P Road,Groundnut pods,11.4,5669.0,5996.0,5796.0
2025-03-05 00:00:00+05:30,Siddipet,Siddipet,Cowpea,1.26,6755.0,7111.0,6933.0
2025-03-06 00:00:00+05:30,Gaddiannaram,Gaddiannaram,Guava,117.0,2000.0,5500.0,3500.0
2025-03-05 00:00:00+05:30,Vantimamidi,Vantimamidi,Field Beans,102.0,1500.0,2500.0,2000.0
2025-03-06 00:00:00+05:30,Bowenpally,Bowenpally,French Beans,283.0,1000.0,4000.0,2600.0
2025-03-06 00:00:00+05:30,Gaddiannaram,L.B Nagar,Bitter Gourd,12.0,2500.0,3000.0,2700.0
2025-03-06 00:00:00+05:30,Thirumalagiri,Tirmalagiri,Cowpea,5.0,6229.0,6269.0,6269.0
2025-03-06 00:00:00+05:30,Warangal,Warangal,Sunnhemp,21.64,6569.0,7422.0,7373.0
2025-03-06 00:00:00+05:30,Gudimalkapur,Gudumalkapur,Field Beans,73.0,3000.0,4500.0,3500.0
2025-03-06 00:00:00+05:30,Siddipet,Siddipet,Cowpea,2.88,6658.0,6888.0,6773.0
2025-03-05 00:00:00+05:30,Wanaparthy Road,W.P Road,Groundnut pods,11.1,4333.0,5639.0,5596.0
2025-03-07 00:00:00+05:30,Gaddiannaram,Gaddiannaram,Guava,141.0,1500.0,5000.0,2500.0
2025-03-07 00:00:00+05:30,Gaddiannaram,L.B Nagar,Bitter Gourd,15.0,2500.0,3500.0,3000.0
2025-03-06 00:00:00+05:30,Shadnagar,Shadnagar,Cluster Beans,10.0,2800.0,3200.0,3000.0
2025-03-06 00:00:00+05:30,Vantimamidi,Vantimamidi,Field Beans,84.0,2000.0,3000.0,2500.0
2025-03-07 00:00:00+05:30,Bowenpally,Bowenpally,French Beans,450.0,1500.0,3500.0,3000.0
2025-03-07 00:00:00+05:30,Thirumalagiri,Tirmalagiri,Cowpea,3.0,6029.0,6100.0,6100.0
2025-03-06 00:00:00+05:30,Wanaparthy Road,W.P Road,Groundnut pods,15.9,4335.0,6002.0,5609.0
2025-03-07 00:00:00+05:30,Warangal,Warangal,Sunnhemp,12.02,7089.0,7439.0,7392.0
2025-03-08 00:00:00+05:30,Gaddiannaram,Gaddiannaram,Guava,21.0,2000.0,5000.0,3000.0
2025-03-08 00:00:00+05:30,Gaddiannaram,L.B Nagar,Bitter Gourd,19.0,2500.0,3500.0,3000.0
2025-03-08 00:00:00+05:30,Bowenpally,Bowenpally,French Beans,404.0,1500.0,4000.0,3200.0
2025-03-07 00:00:00+05:30,Gudimalkapur,Gudumalkapur,Field Beans,46.0,2000.0,4500.0,3000.0
2025-03-07 00:00:00+05:30,Vantimamidi,Vantimamidi,Field Beans,23.0,1500.0,3000.0,2250.0
2025-03-07 00:00:00+05:30,Shadnagar,Shadnagar,Cluster Beans,10.0,2500.0,3500.0,3000.0
2025-03-07 00:00:00+05:30,Siddipet,Siddipet,Cowpea,9.14,6555.0,7181.0,6825.0
2025-03-08 00:00:00+05:30,Hyderabad,Mahabubmansion,Potato,144.0,2100.0,2100.0,2100.0
2025-03-07 00:00:00+05:30,Wanaparthy Road,W.P Road,Groundnut pods,18.9,5006.0,6196.0,6196.0
2025-03-08 00:00:00+05:30,Shadnagar,Shadnagar,Cluster Beans,12.0,2800.0,3600.0,3000.0
2025-03-08 00:00:00+05:30,Gudimalkapur,Gudumalkapur,Field Beans,59.0,2500.0,5000.0,3500.0
2025-03-08 00:00:00+05:30,Vantimamidi,Vantimamidi,Field Beans,62.0,1500.0,3000.0,2250.0
2025-03-09 00:00:00+05:30,Gaddiannaram,Gaddiannaram,Guava,72.0,2000.0,5000.0,3000.0
2025-03-08 00:00:00+05:30,Siddipet,Siddipet,Cowpea,2.45,5555.0,6288.0,6000.0
2025-03-09 00:00:00+05:30,Gaddiannaram,L.B Nagar,Bitter Gourd,20.0,2500.0,3500.0,3000.0
2025-03-09 00:00:00+05:30,Bowenpally,Bowenpally,French Beans,668.0,1500.0,4000.0,3000.0
2025-03-09 00:00:00+05:30,Shadnagar,Shadnagar,Cluster Beans,10.0,3200.0,3800.0,3500.0
2025-03-09 00:00:00+05:30,Gudimalkapur,Gudumalkapur,Field Beans,48.0,3000.0,5000.0,4000.0
2025-03-10 00:00:00+05:30,Gaddiannaram,Gaddiannaram,Guava,267.0,2000.0,5000.0,3000.0
2025-03-10 00:00:00+05:30,Gaddiannaram,L.B Nagar,Bitter Gourd,18.0,3000.0,3500.0,3200.0
2025-03-10 00:00:00+05:30,Bowenpally,Bowenpally,French Beans,154.0,1500.0,4500.0,3500.0
2025-03-10 00:00:00+05:30,Warangal,Warangal,Sunnhemp,15.12,7212.0,7452.0,7452.0
2025-03-10 00:00:00+05:30,Siddipet,Siddipet,Cowpea,1.58,7111.0,7111.0,7111.0
2025-03-11 00:00:00+05:30,Gaddiannaram,Gaddiannaram,Guava,174.0,2000.0,5000.0,3000.0
2025-03-10 00:00:00+05:30,Vantimamidi,Vantimamidi,Field Beans,80.0,2000.0,3500.0,2750.0
2025-03-10 00:00:00+05:30,Gudimalkapur,Gudumalkapur,Field Beans,33.0,3000.0,5000.0,3500.0
2025-03-10 00:00:00+05:30,Shadnagar,Shadnagar,Cluster Beans,15.0,2500.0,3200.0,3000.0
2025-03-10 00:00:00+05:30,Wanaparthy Road,W.P Road,Groundnut pods,12.9,5225.0,6196.0,6196.0
2025-03-11 00:00:00+05:30,Gaddiannaram,L.B Nagar,Bitter Gourd,19.0,3000.0,3500.0,3200.0
2025-03-11 00:00:00+05:30,Bowenpally,Bowenpally,French Beans,408.0,2000.0,4500.0,3500.0
2025-03-11 00:00:00+05:30,Warangal,Warangal,Sunnhemp,8.83,7459.0,7533.0,7502.0
2025-03-11 00:00:00+05:30,Thirumalagiri,Tirmalagiri,Cowpea,11.0,6129.0,6169.0,6169.0
2025-03-11 00:00:00+05:30,Shadnagar,Shadnagar,Cluster Beans,12.0,2800.0,3800.0,3000.0
2025-03-11 00:00:00+05:30,Badepally,Badepally,Sunflower,7.0,4316.0,4316.0,4316.0
2025-03-11 00:00:00+05:30,Siddipet,Siddipet,Cowpea,5.18,6758.0,7023.0,6956.0
2025-03-12 00:00:00+05:30,Gaddiannaram,L.B Nagar,Bitter Gourd,21.0,3000.0,3500.0,3200.0
2025-03-12 00:00:00+05:30,Bowenpally,Bowenpally,French Beans,318.0,1500.0,4500.0,3500.0
2025-03-12 00:00:00+05:30,Gaddiannaram,Gaddiannaram,Guava,194.0,2000.0,5000.0,3000.0
2025-03-11 00:00:00+05:30,Vantimamidi,Vantimamidi,Field Beans,83.0,2000.0,3500.0,2750.0
2025-03-11 00:00:00+05:30,Gudimalkapur,Gudumalkapur,Field Beans,51.0,3000.0,5000.0,3500.0
2025-03-12 00:00:00+05:30,Warangal,Warangal,Sunnhemp,45.74,7252.0,7603.0,7563.0
2025-03-12 00:00:00+05:30,Thirumalagiri,Tirmalagiri,Cowpea,5.0,5939.0,6139.0,6139.0
2025-03-12 00:00:00+05:30,Gudimalkapur,Gudumalkapur,Field Beans,56.0,3000.0,5000.0,3500.0
2025-03-12 00:00:00+05:30,Shadnagar,Shadnagar,Cluster Beans,12.0,3000.0,3800.0,3300.0
2025-03-12 00:00:00+05:30,Vantimamidi,Vantimamidi,Field Beans,68.0,2500.0,3500.0,3000.0
2025-03-13 00:00:00+05:30,Gaddiannaram,Gaddiannaram,Guava,183.0,2000.0,5000.0,3000.0
2025-03-13 00:00:00+05:30,Gaddiannaram,L.B Nagar,Bitter Gourd,17.0,3000.0,3500.0,3200.0
2025-03-13 00:00:00+05:30,Bowenpally,Bowenpally,French Beans,379.0,1500.0,4000.0,3200.0
2025-03-13 00:00:00+05:30,Thirumalagiri,Tirmalagiri,Cowpea,11.0,5822.0,7109.0,5932.0
2025-03-13 00:00:00+05:30,Shadnagar,Shadnagar,Cluster Beans,10.0,2800.0,3500.0,3200.0
2025-03-14 00:00:00+05:30,Gaddiannaram,Gaddiannaram,Guava,72.0,2000.0,5000.0,3000.0
2025-03-14 00:00:00+05:30,Gaddiannaram,L.B Nagar,Bitter Gourd,22.0,3000.0,3500.0,3200.0
2025-03-13 00:00:00+05:30,Gudimalkapur,Gudumalkapur,Field Beans,53.0,3000.0,4000.0,3500.0
2025-03-13 00:00:00+05:30,Vantimamidi,Vantimamidi,Field Beans,75.0,2500.0,3500.0,3000.0
2025-03-14 00:00:00+05:30,Bowenpally,Bowenpally,French Beans,308.0,1500.0,4500.0,3500.0
2025-03-14 00:00:00+05:30,Gudimalkapur,Gudumalkapur,Field Beans,36.0,2000.0,5000.0,3500.0
2025-03-15 00:00:00+05:30,Gaddiannaram,Gaddiannaram,Guava,226.0,2000.0,5000.0,3000.0
2025-03-14 00:00:00+05:30,Vantimamidi,Vantimamidi,Field Beans,32.0,2000.0,3000.0,2500.0
2025-03-15 00:00:00+05:30,Gaddiannaram,L.B Nagar,Bitter Gourd,26.0,3000.0,3500.0,3200.0
2025-03-15 00:00:00+05:30,Bowenpally,Bowenpally,French Beans,344.0,2000.0,4000.0,3500.0
2025-03-15 00:00:00+05:30,Shadnagar,Shadnagar,Cluster Beans,12.0,3200.0,3800.0,3500.0
2025-03-15 00:00:00+05:30,Gudimalkapur,Gudumalkapur,Field Beans,38.0,3000.0,5000.0,3000.0
2025-03-15 00:00:00+05:30,Vantimamidi,Vantimamidi,Field Beans,50.0,1500.0,3000.0,2250.0
2025-03-16 00:00:00+05:30,Gaddiannaram,L.B Nagar,Bitter Gourd,31.0,3000.0,3500.0,3200.0
2025-03-16 00:00:00+05:30,Shadnagar,Shadnagar,Cluster Beans,12.0,2500.0,3500.0,2000.0
2025-03-16 00:00:00+05:30,Gaddiannaram,Gaddiannaram,Guava,138.0,2000.0,5000.0,3000.0
2025-03-17 00:00:00+05:30,Gaddiannaram,Gaddiannaram,Guava,212.0,2000.0,5000.0,3000.0
2025-03-17 00:00:00+05:30,Gaddiannaram,L.B Nagar,Bitter Gourd,45.0,2500.0,3500.0,3000.0
2025-03-16 00:00:00+05:30,Gudimalkapur,Gudumalkapur,Field Beans,97.0,1500.0,3000.0,2500.0
2025-03-16 00:00:00+05:30,Vantimamidi,Vantimamidi,Field Beans,75.0,1500.0,3000.0,2250.0
2025-03-17 00:00:00+05:30,Bowenpally,Bowenpally,French Beans,414.0,3000.0,4500.0,4000.0
2025-03-17 00:00:00+05:30,Warangal,Warangal,Sunnhemp,2.34,7709.0,7709.0,7709.0
2025-03-17 00:00:00+05:30,Thirumalagiri,Tirmalagiri,Cowpea,17.0,5832.0,6162.0,6119.0
2025-03-17 00:00:00+05:30,Shadnagar,Shadnagar,Cluster Beans,15.0,3000.0,3800.0,3500.0
2025-03-17 00:00:00+05:30,Wanaparthy Road,W.P Road,Groundnut pods,25.5,5450.0,6386.0,5919.0
2025-03-18 00:00:00+05:30,Bowenpally,Bowenpally,French Beans,349.0,3000.0,4500.0,4000.0
2025-03-18 00:00:00+05:30,Gaddiannaram,Gaddiannaram,Guava,291.0,2000.0,5000.0,3000.0
2025-03-18 00:00:00+05:30,Gaddiannaram,L.B Nagar,Bitter Gourd,25.0,3000.0,3500.0,3200.0
2025-03-17 00:00:00+05:30,Gudimalkapur,Gudumalkapur,Field Beans,60.0,3500.0,5000.0,4000.0
2025-03-17 00:00:00+05:30,Vantimamidi,Vantimamidi,Field Beans,107.0,1800.0,3200.0,2500.0
2025-03-18 00:00:00+05:30,Warangal,Warangal,Sunnhemp,13.08,7792.0,7792.0,7792.0
2025-03-18 00:00:00+05:30,Thirumalagiri,Tirmalagiri,Cowpea,12.0,6169.0,6173.0,6173.0
2025-03-18 00:00:00+05:30,Shadnagar,Shadnagar,Cluster Beans,15.0,2500.0,3500.0,3000.0
2025-03-18 00:00:00+05:30,Gudimalkapur,Gudumalkapur,Field Beans,91.0,3000.0,5000.0,4000.0
2025-03-18 00:00:00+05:30,Siddipet,Siddipet,Cowpea,1.49,7222.0,7222.0,7222.0
2025-03-19 00:00:00+05:30,Gaddiannaram,Gaddiannaram,Guava,214.0,2000.0,5000.0,3000.0
2025-03-18 00:00:00+05:30,Vantimamidi,Vantimamidi,Field Beans,119.0,1500.0,3000.0,2250.0
2025-03-19 00:00:00+05:30,Bowenpally,Bowenpally,French Beans,323.0,1000.0,4000.0,3000.0
2025-03-19 00:00:00+05:30,Gaddiannaram,L.B Nagar,Bitter Gourd,30.0,3000.0,3500.0,3200.0
2025-03-19 00:00:00+05:30,Hyderabad,Mahabubmansion,Potato,100.0,2000.0,2000.0,2000.0
2025-03-19 00:00:00+05:30,Thirumalagiri,Tirmalagiri,Cowpea,4.0,5711.0,6032.0,5862.0
2025-03-19 00:00:00+05:30,Warangal,Warangal,Sunnhemp,54.37,7053.0,7792.0,7733.0
2025-03-20 00:00:00+05:30,Gaddiannaram,Gaddiannaram,Guava,217.0,2000.0,5000.0,3000.0
2025-03-19 00:00:00+05:30,Vantimamidi,Vantimamidi,Field Beans,117.0,1500.0,3200.0,2350.0
2025-03-19 00:00:00+05:30,Gudimalkapur,Gudumalkapur,Field Beans,74.0,2000.0,5000.0,4000.0
2025-03-19 00:00:00+05:30,Shadnagar,Shadnagar,Cluster Beans,15.0,2500.0,3500.0,3000.0
2025-03-20 00:00:00+05:30,Gaddiannaram,L.B Nagar,Bitter Gourd,37.0,3000.0,3500.0,3200.0
2025-03-19 00:00:00+05:30,Narayanpet,Narayanpet,Sunflower,4.05,4109.0,4109.0,4109.0
2025-03-20 00:00:00+05:30,Bowenpally,Bowenpally,French Beans,401.0,2000.0,4000.0,3500.0
2025-03-20 00:00:00+05:30,Warangal,Warangal,Sunnhemp,20.51,7252.0,7789.0,7782.0
2025-03-20 00:00:00+05:30,Shadnagar,Shadnagar,Cluster Beans,15.0,3200.0,3800.0,3500.0
2025-03-20 00:00:00+05:30,Thirumalagiri,Tirmalagiri,Cowpea,2.0,6059.0,6059.0,6059.0
2025-03-20 00:00:00+05:30,Gudimalkapur,Gudumalkapur,Field Beans,91.0,2500.0,500.0,3000.0
2025-03-20 00:00:00+05:30,Vantimamidi,Vantimamidi,Field Beans,108.0,1500.0,3200.0,2350.0
2025-03-21 00:00:00+05:30,Gaddiannaram,Gaddiannaram,Guava,138.0,2000.0,5000.0,3000.0
2025-03-21 00:00:00+05:30,Gaddiannaram,L.B Nagar,Bitter Gourd,29.0,3000.0,3500.0,3200.0
2025-03-21 00:00:00+05:30,Hyderabad,Mahabubmansion,Potato,284.0,2000.0,2000.0,2000.0
2025-03-21 00:00:00+05:30,Bowenpally,Bowenpally,French Beans,338.0,1000.0,4000.0,3000.0
2025-03-21 00:00:00+05:30,Warangal,Warangal,Sunnhemp,15.93,7752.0,7812.0,7812.0
2025-03-21 00:00:00+05:30,Thirumalagiri,Tirmalagiri,Cowpea,12.0,5962.0,6129.0,6069.0
2025-03-21 00:00:00+05:30,Gudimalkapur,Gudumalkapur,Field Beans,73.0,2000.0,4000.0,3000.0
2025-03-21 00:00:00+05:30,Shadnagar,Shadnagar,Cluster Beans,5.0,2800.0,3800.0,3000.0
2025-03-22 00:00:00+05:30,Gaddiannaram,Gaddiannaram,Guava,87.0,2000.0,5000.0,3000.0
2025-03-21 00:00:00+05:30,Vantimamidi,Vantimamidi,Field Beans,91.0,1500.0,3500.0,2500.0
2025-03-22 00:00:00+05:30,Bowenpally,Bowenpally,French Beans,422.0,2000.0,4000.0,3500.0
2025-03-22 00:00:00+05:30,Gaddiannaram,L.B Nagar,Bitter Gourd,34.0,2500.0,3500.0,3000.0
2025-03-22 00:00:00+05:30,Shadnagar,Shadnagar,Cluster Beans,10.0,2800.0,3600.0,3000.0
2025-03-22 00:00:00+05:30,Siddipet,Siddipet,Cowpea,0.54,5055.0,5055.0,5055.0
2025-03-23 00:00:00+05:30,Gaddiannaram,Gaddiannaram,Guava,144.0,2000.0,5000.0,3000.0
2025-03-23 00:00:00+05:30,Gaddiannaram,L.B Nagar,Bitter Gourd,38.0,2500.0,3500.0,3000.0
2025-03-22 00:00:00+05:30,Gudimalkapur,Gudumalkapur,Field Beans,39.0,2000.0,4000.0,3000.0
2025-03-22 00:00:00+05:30,Vantimamidi,Vantimamidi,Field Beans,108.0,1800.0,3600.0,2700.0
2025-03-23 00:00:00+05:30,Bowenpally,Bowenpally,French Beans,414.0,2000.0,4000.0,3400.0
2025-03-24 00:00:00+05:30,Gaddiannaram,Gaddiannaram,Guava,119.0,2500.0,4500.0,3500.0
2025-03-23 00:00:00+05:30,Shadnagar,Shadnagar,Cluster Beans,15.0,2800.0,3800.0,3500.0
2025-03-23 00:00:00+05:30,Gudimalkapur,Gudumalkapur,Field Beans,107.0,3000.0,3800.0,3500.0
2025-03-23 00:00:00+05:30,Vantimamidi,Vantimamidi,Field Beans,114.0,1500.0,3500.0,2500.0
2025-03-24 00:00:00+05:30,Gaddiannaram,L.B Nagar,Bitter Gourd,47.0,3000.0,3500.0,3200.0
2025-03-24 00:00:00+05:30,Hyderabad,Mahabubmansion,Potato,50.0,2000.0,2000.0,2000.0
2025-03-24 00:00:00+05:30,Bowenpally,Bowenpally,French Beans,330.0,1500.0,4000.0,3000.0
2025-03-24 00:00:00+05:30,Thirumalagiri,Tirmalagiri,Cowpea,35.0,5869.0,7151.0,5879.0
2025-03-24 00:00:00+05:30,Shadnagar,Shadnagar,Cluster Beans,10.0,3200.0,3800.0,3500.0
2025-03-24 00:00:00+05:30,Gudimalkapur,Gudumalkapur,Field Beans,52.0,3000.0,4000.0,3500.0
2025-03-25 00:00:00+05:30,Gaddiannaram,Gaddiannaram,Guava,206.0,2000.0,5000.0,3000.0
2025-03-24 00:00:00+05:30,Vantimamidi,Vantimamidi,Field Beans,57.0,1800.0,3600.0,2700.0
2025-03-25 00:00:00+05:30,Bowenpally,Bowenpally,French Beans,379.0,2000.0,4000.0,3400.0
2025-03-25 00:00:00+05:30,Thirumalagiri,Tirmalagiri,Cowpea,25.0,5912.0,5913.0,5913.0
2025-03-25 00:00:00+05:30,Gaddiannaram,L.B Nagar,Bitter Gourd,64.0,2500.0,3500.0,3000.0
2025-03-25 00:00:00+05:30,Hyderabad,Mahabubmansion,Potato,181.0,2000.0,2000.0,2000.0
2025-03-25 00:00:00+05:30,Shadnagar,Shadnagar,Cluster Beans,10.0,3200.0,3800.0,3500.0
2025-03-25 00:00:00+05:30,Gudimalkapur,Gudumalkapur,Field Beans,75.0,3000.0,3500.0,3200.0
2025-03-25 00:00:00+05:30,Vantimamidi,Vantimamidi,Field Beans,76.0,1500.0,2500.0,2000.0
2025-03-26 00:00:00+05:30,Gaddiannaram,Gaddiannaram,Guava,185.0,1500.0,5000.0,3000.0
2025-03-26 00:00:00+05:30,Gaddiannaram,L.B Nagar,Bitter Gourd,30.0,2500.0,3500.0,3000.0
2025-03-26 00:00:00+05:30,Bowenpally,Bowenpally,French Beans,202.0,1000.0,4000.0,3000.0
2025-03-26 00:00:00+05:30,Warangal,Warangal,Sunnhemp,27.67,7029.0,7953.0,7912.0
2025-03-26 00:00:00+05:30,Hyderabad,Mahabubmansion,Potato,425.0,2000.0,2000.0,2000.0
2025-03-25 00:00:00+05:30,Siddipet,Siddipet,Cowpea,1.3,5355.0,5355.0,5355.0
2025-03-26 00:00:00+05:30,Thirumalagiri,Tirmalagiri,Cowpea,3.0,5762.0,5762.0,5762.0
2025-03-26 00:00:00+05:30,Siddipet,Siddipet,Cowpea,1.35,5201.0,5636.0,5418.0
2025-03-26 00:00:00+05:30,Shadnagar,Shadnagar,Cluster Beans,10.0,3200.0,3600.0,3300.0
2025-03-26 00:00:00+05:30,Vantimamidi,Vantimamidi,Field Beans,69.0,1500.0,2800.0,2150.0
2025-03-26 00:00:00+05:30,Gudimalkapur,Gudumalkapur,Field Beans,62.0,3000.0,3500.0,3000.0
2025-03-27 00:00:00+05:30,Gaddiannaram,Gaddiannaram,Guava,195.0,1500.0,5000.0,3000.0
2025-03-27 00:00:00+05:30,Gaddiannaram,L.B Nagar,Bitter Gourd,32.0,2500.0,3500.0,3000.0
2025-03-27 00:00:00+05:30,Bowenpally,Bowenpally,French Beans,220.0,1000.0,4000.0,3400.0
2025-03-27 00:00:00+05:30,Warangal,Warangal,Sunnhemp,11.8,7973.0,7983.0,7973.0
2025-03-27 00:00:00+05:30,Shadnagar,Shadnagar,Cluster Beans,12.0,2500.0,3500.0,3000.0
2025-03-27 00:00:00+05:30,Siddipet,Siddipet,Cowpea,4.51,5318.0,5318.0,5318.0
2025-03-27 00:00:00+05:30,Thirumalagiri,Tirmalagiri,Cowpea,2.0,5732.0,5732.0,5732.0
2025-03-28 00:00:00+05:30,Gaddiannaram,Gaddiannaram,Guava,89.0,1250.0,5000.0,3000.0
2025-03-28 00:00:00+05:30,Gaddiannaram,L.B Nagar,Bitter Gourd,25.0,2500.0,3500.0,3000.0
2025-03-27 00:00:00+05:30,Vantimamidi,Vantimamidi,Field Beans,94.0,1200.0,2800.0,2000.0
2025-03-27 00:00:00+05:30,Gudimalkapur,Gudumalkapur,Field Beans,73.0,2000.0,4000.0,3000.0
2025-03-28 00:00:00+05:30,Bowenpally,Bowenpally,French Beans,206.0,2000.0,4000.0,3000.0
2025-03-28 00:00:00+05:30,Thirumalagiri,Tirmalagiri,Cowpea,11.0,5739.0,5759.0,5759.0
2025-03-29 00:00:00+05:30,Gaddiannaram,Gaddiannaram,Guava,206.0,1500.0,4500.0,2500.0
2025-03-28 00:00:00+05:30,Vantimamidi,Vantimamidi,Field Beans,69.0,1000.0,2500.0,1750.0
2025-03-28 00:00:00+05:30,Gudimalkapur,Gudumalkapur,Field Beans,31.0,2500.0,4000.0,3000.0
2025-03-29 00:00:00+05:30,Gaddiannaram,L.B Nagar,Bitter Gourd,26.0,3000.0,3500.0,3200.0
2025-03-29 00:00:00+05:30,Bowenpally,Bowenpally,French Beans,375.0,1000.0,5000.0,3500.0
2025-03-29 00:00:00+05:30,Shadnagar,Shadnagar,Cluster Beans,15.0,3000.0,3800.0,3500.0
2025-03-29 00:00:00+05:30,Gudimalkapur,Gudumalkapur,Field Beans,32.0,3000.0,4000.0,3500.0
2025-03-30 00:00:00+05:30,Gaddiannaram,Gaddiannaram,Guava,41.0,1500.0,4000.0,2500.0
2025-03-30 00:00:00+05:30,Shadnagar,Shadnagar,Cluster Beans,10.0,3000.0,3500.0,3200.0
2025-03-31 00:00:00+05:30,Bowenpally,Bowenpally,French Beans,301.0,4000.0,6000.0,5500.0
2025-03-30 00:00:00+05:30,Vantimamidi,Vantimamidi,Field Beans,13.0,1200.0,2800.0,2000.0
2025-03-31 00:00:00+05:30,Gaddiannaram,L.B Nagar,Bitter Gourd,23.0,3000.0,3500.0,3200.0
2025-03-31 00:00:00+05:30,Gudimalkapur,Gudumalkapur,Field Beans,7.0,3000.0,5000.0,4000.0
2025-03-31 00:00:00+05:30,Vantimamidi,Vantimamidi,Field Beans,48.0,1500.0,3000.0,2250.0
2025-03-31 00:00:00+05:30,Shadnagar,Shadnagar,Cluster Beans,10.0,2500.0,3500.0,3000.0
2025-03-23 00:00:00+05:30,Gudimalkapur,Gudumalkapur,Snake Gourd,5.0,1500.0,1500.0,1500.0
2025-03-23 00:00:00+05:30,Shadnagar,Shadnagar,Ribbed Gourd,10.0,2500.0,3500.0,3000.0
2025-03-23 00:00:00+05:30,Bowenpally,Bowenpally,Cluster Beans,515.0,1000.0,3000.0,2400.0
2025-03-23 00:00:00+05:30,Jainath,Jainath,Banana,960.0,550.0,625.0,587.0
2025-03-23 00:00:00+05:30,Gaddiannaram,L.B Nagar,Pumpkin,40.0,1000.0,1500.0,1200.0
2025-03-22 00:00:00+05:30,Shadnagar,Shadnagar,Ribbed Gourd,12.0,3200.0,3800.0,3500.0
2025-03-22 00:00:00+05:30,Jainath,Jainath,Banana,480.0,550.0,625.0,0.0
2025-03-22 00:00:00+05:30,Bowenpally,Bowenpally,Cluster Beans,349.0,1500.0,3500.0,2800.0
2025-03-21 00:00:00+05:30,Shadnagar,Shadnagar,Ribbed Gourd,15.0,2500.0,3800.0,3000.0
2025-03-21 00:00:00+05:30,Gudimalkapur,Gudumalkapur,Snake Gourd,2.0,1500.0,1500.0,1500.0
2025-03-21 00:00:00+05:30,Jainath,Jainath,Banana,640.0,550.0,625.0,587.0
2025-03-21 00:00:00+05:30,Warangal,Warangal,Groundnut pods,7.51,4250.0,7700.0,4250.0
2025-03-21 00:00:00+05:30,Bowenpally,Bowenpally,Cluster Beans,441.0,1000.0,3500.0,2500.0
2025-03-20 00:00:00+05:30,Nizamabad,Nizamabad,Gingelly,3.0,9326.0,9326.0,9326.0
2025-03-20 00:00:00+05:30,Shadnagar,Shadnagar,Ribbed Gourd,10.0,3200.0,3600.0,3500.0
2025-03-20 00:00:00+05:30,Warangal,Warangal,Groundnut pods,20.28,6700.0,7220.0,7220.0
2025-03-20 00:00:00+05:30,Jainath,Jainath,Banana,1120.0,550.0,625.0,587.0
2025-03-20 00:00:00+05:30,Bowenpally,Bowenpally,Cluster Beans,283.0,1500.0,3500.0,3000.0
2025-03-20 00:00:00+05:30,Gaddiannaram,L.B Nagar,Pumpkin,20.0,1000.0,1500.0,1200.0
2025-03-19 00:00:00+05:30,Shadnagar,Shadnagar,Ribbed Gourd,10.0,3200.0,3800.0,3500.0
2025-03-19 00:00:00+05:30,Warangal,Warangal,Groundnut pods,18.47,3200.0,7200.0,4450.0
2025-03-19 00:00:00+05:30,Jainath,Jainath,Banana,800.0,550.0,625.0,587.0
2025-03-19 00:00:00+05:30,Nizamabad,Nizamabad,Gingelly,5.0,9428.0,9428.0,9428.0
2025-03-19 00:00:00+05:30,Bowenpally,Bowenpally,Cluster Beans,361.0,1000.0,3000.0,2400.0
2025-03-18 00:00:00+05:30,Shadnagar,Shadnagar,Ribbed Gourd,5.0,3200.0,3800.0,3500.0
2025-03-18 00:00:00+05:30,Jainath,Jainath,Banana,640.0,550.0,625.0,587.0
2025-03-18 00:00:00+05:30,Warangal,Warangal,Groundnut pods,14.21,4200.0,7390.0,4450.0
2025-03-17 00:00:00+05:30,Gudimalkapur,Gudumalkapur,Snake Gourd,3.0,1000.0,1000.0,1000.0
2025-03-18 00:00:00+05:30,Bowenpally,Bowenpally,Cluster Beans,263.0,1500.0,3000.0,2500.0
2025-03-17 00:00:00+05:30,Shadnagar,Shadnagar,Ribbed Gourd,12.0,3200.0,3800.0,3500.0
2025-03-17 00:00:00+05:30,Nizamabad,Nizamabad,Gingelly,35.0,9756.0,10451.0,10350.0
2025-03-17 00:00:00+05:30,Jainath,Jainath,Banana,1280.0,550.0,625.0,587.0
2025-03-17 00:00:00+05:30,Warangal,Warangal,Groundnut pods,7.05,4400.0,7150.0,4400.0
2025-03-17 00:00:00+05:30,Bowenpally,Bowenpally,Cluster Beans,290.0,1500.0,3000.0,2500.0
2025-03-16 00:00:00+05:30,Shadnagar,Shadnagar,Ribbed Gourd,10.0,2500.0,3500.0,3000.0
2025-03-16 00:00:00+05:30,Jainath,Jainath,Banana,520.0,550.0,750.0,650.0
2025-03-15 00:00:00+05:30,Shadnagar,Shadnagar,Ribbed Gourd,10.0,2500.0,3500.0,3000.0
2025-03-15 00:00:00+05:30,Jainath,Jainath,Banana,320.0,550.0,625.0,587.0
2025-03-15 00:00:00+05:30,Bowenpally,Bowenpally,Cluster Beans,416.0,1500.0,3500.0,3000.0
2025-03-15 00:00:00+05:30,Gaddiannaram,L.B Nagar,Pumpkin,20.0,1000.0,1500.0,1200.0
2025-03-14 00:00:00+05:30,Bowenpally,Bowenpally,Cluster Beans,312.0,1000.0,3500.0,3000.0
2025-03-14 00:00:00+05:30,Jainath,Jainath,Banana,320.0,550.0,625.0,587.0
2025-03-14 00:00:00+05:30,Gaddiannaram,L.B Nagar,Pumpkin,40.0,1000.0,1500.0,1200.0
2025-03-13 00:00:00+05:30,Shadnagar,Shadnagar,Ribbed Gourd,15.0,3200.0,3800.0,3500.0
2025-03-13 00:00:00+05:30,Jainath,Jainath,Banana,320.0,550.0,625.0,587.0
2025-03-13 00:00:00+05:30,Bowenpally,Bowenpally,Cluster Beans,305.0,1000.0,3000.0,2400.0
2025-03-13 00:00:00+05:30,Gaddiannaram,L.B Nagar,Pumpkin,22.0,1000.0,1500.0,1200.0
2025-03-12 00:00:00+05:30,Shadnagar,Shadnagar,Ribbed Gourd,10.0,3000.0,3800.0,3500.0
2025-03-12 00:00:00+05:30,Jainath,Jainath,Banana,960.0,550.0,625.0,587.0
2025-03-12 00:00:00+05:30,Warangal,Warangal,Groundnut pods,29.08,3000.0,7300.0,6520.0
2025-03-11 00:00:00+05:30,Gudimalkapur,Gudumalkapur,Snake Gourd,1.0,1000.0,1000.0,1000.0
2025-03-12 00:00:00+05:30,Bowenpally,Bowenpally,Cluster Beans,243.0,1000.0,3000.0,2500.0
2025-03-11 00:00:00+05:30,Shadnagar,Shadnagar,Ribbed Gourd,10.0,2800.0,3800.0,3000.0
2025-03-11 00:00:00+05:30,Nizamabad,Nizamabad,Gingelly,18.0,9379.0,9579.0,9579.0
2025-03-11 00:00:00+05:30,Jainath,Jainath,Banana,640.0,550.0,625.0,587.0
2025-03-11 00:00:00+05:30,Warangal,Warangal,Groundnut pods,35.93,2300.0,7150.0,6950.0
2025-03-11 00:00:00+05:30,Bowenpally,Bowenpally,Cluster Beans,458.0,2000.0,3000.0,2700.0
2025-03-10 00:00:00+05:30,Shadnagar,Shadnagar,Ribbed Gourd,10.0,3200.0,3800.0,3500.0
2025-03-10 00:00:00+05:30,Jainath,Jainath,Banana,480.0,550.0,625.0,587.0
2025-03-10 00:00:00+05:30,Warangal,Warangal,Groundnut pods,39.41,3250.0,7160.0,6500.0
2025-03-10 00:00:00+05:30,Bowenpally,Bowenpally,Cluster Beans,276.0,1000.0,3500.0,2500.0
2025-03-09 00:00:00+05:30,Shadnagar,Shadnagar,Ribbed Gourd,15.0,3500.0,4000.0,3800.0
2025-03-09 00:00:00+05:30,Venkateshwar Nagar,V Nagar,Bottle Gourd,3.0,8.0,8.0,8.0
2025-03-09 00:00:00+05:30,Bowenpally,Bowenpally,Cluster Beans,399.0,1000.0,3000.0,2500.0
2025-03-09 00:00:00+05:30,Gaddiannaram,L.B Nagar,Pumpkin,50.0,1000.0,1500.0,1200.0
2025-03-08 00:00:00+05:30,Shadnagar,Shadnagar,Ribbed Gourd,10.0,2800.0,3600.0,3000.0
2025-03-08 00:00:00+05:30,Jainath,Jainath,Banana,1440.0,550.0,625.0,587.0
2025-03-07 00:00:00+05:30,Shadnagar,Shadnagar,Ribbed Gourd,15.0,3200.0,3800.0,3500.0
2025-03-08 00:00:00+05:30,Bowenpally,Bowenpally,Cluster Beans,348.0,500.0,3000.0,2000.0
2025-03-08 00:00:00+05:30,Gaddiannaram,L.B Nagar,Pumpkin,40.0,1000.0,1500.0,1200.0
2025-03-07 00:00:00+05:30,Warangal,Warangal,Groundnut pods,21.88,3650.0,7110.0,5100.0
2025-03-07 00:00:00+05:30,Jainath,Jainath,Banana,640.0,550.0,625.0,587.0
2025-03-07 00:00:00+05:30,Bowenpally,Bowenpally,Cluster Beans,321.0,1000.0,3000.0,2200.0
2025-03-06 00:00:00+05:30,Shadnagar,Shadnagar,Ribbed Gourd,15.0,2500.0,3500.0,3000.0
2025-03-07 00:00:00+05:30,Gaddiannaram,L.B Nagar,Pumpkin,45.0,1000.0,1500.0,1200.0
2025-03-07 00:00:00+05:30,Gaddiannaram,Gaddiannaram,Ber,16.0,900.0,3000.0,1100.0
2025-03-06 00:00:00+05:30,Nizamabad,Nizamabad,Gingelly,8.0,9280.0,10321.0,9280.0
2025-03-06 00:00:00+05:30,Warangal,Warangal,Groundnut pods,26.98,3500.0,6950.0,6850.0
2025-03-06 00:00:00+05:30,Jainath,Jainath,Banana,1280.0,550.0,625.0,587.0
2025-03-06 00:00:00+05:30,Bowenpally,Bowenpally,Cluster Beans,412.0,1500.0,3000.0,2400.0
2025-03-06 00:00:00+05:30,Gaddiannaram,Gaddiannaram,Ber,10.0,900.0,3000.0,1100.0
2025-03-05 00:00:00+05:30,Jainath,Jainath,Banana,640.0,550.0,625.0,587.0
2025-03-05 00:00:00+05:30,Shadnagar,Shadnagar,Ribbed Gourd,15.0,2800.0,3500.0,3000.0
2025-03-05 00:00:00+05:30,Gudimalkapur,Gudumalkapur,Snake Gourd,1.0,2000.0,2000.0,2000.0
2025-03-05 00:00:00+05:30,Nizamabad,Nizamabad,Gingelly,8.0,9280.0,10321.0,9280.0
2025-03-05 00:00:00+05:30,Warangal,Warangal,Groundnut pods,17.28,4500.0,6850.0,6000.0
2025-03-05 00:00:00+05:30,Bowenpally,Bowenpally,Cluster Beans,497.0,1500.0,3500.0,3000.0
2025-03-04 00:00:00+05:30,Shadnagar,Shadnagar,Ribbed Gourd,10.0,2500.0,3500.0,3000.0
2025-03-04 00:00:00+05:30,Nizamabad,Nizamabad,Gingelly,6.0,9689.0,11089.0,10289.0
2025-03-04 00:00:00+05:30,Jainath,Jainath,Banana,480.0,550.0,625.0,587.0
2025-03-04 00:00:00+05:30,Warangal,Warangal,Groundnut pods,23.78,4000.0,6900.0,6500.0
2025-03-04 00:00:00+05:30,Bowenpally,Bowenpally,Cluster Beans,410.0,1500.0,3500.0,3000.0
2025-03-03 00:00:00+05:30,Gudimalkapur,Gudumalkapur,Snake Gourd,1.0,1000.0,1000.0,1000.0
2025-03-03 00:00:00+05:30,Shadnagar,Shadnagar,Ribbed Gourd,15.0,2800.0,3800.0,3200.0
2025-03-03 00:00:00+05:30,Nizamabad,Nizamabad,Gingelly,13.0,9172.0,10169.0,9172.0
2025-03-03 00:00:00+05:30,Jainath,Jainath,Banana,960.0,550.0,625.0,587.0
2025-03-03 00:00:00+05:30,Warangal,Warangal,Groundnut pods,24.64,4300.0,7000.0,6700.0
2025-03-03 00:00:00+05:30,Bowenpally,Bowenpally,Cluster Beans,375.0,1500.0,3500.0,3000.0
2025-03-03 00:00:00+05:30,Gaddiannaram,L.B Nagar,Pumpkin,20.0,1000.0,1500.0,1200.0
2025-03-02 00:00:00+05:30,Gudimalkapur,Gudumalkapur,Snake Gourd,1.0,1500.0,1500.0,1500.0
2025-03-03 00:00:00+05:30,Gaddiannaram,Gaddiannaram,Ber,45.0,1000.0,3500.0,1200.0
2025-03-02 00:00:00+05:30,Shadnagar,Shadnagar,Ribbed Gourd,10.0,2800.0,3600.0,3000.0
2025-03-02 00:00:00+05:30,Bowenpally,Bowenpally,Cluster Beans,428.0,2000.0,4000.0,3500.0
2025-03-01 00:00:00+05:30,Gudimalkapur,Gudumalkapur,Snake Gourd,1.0,1000.0,1000.0,1000.0
2025-03-01 00:00:00+05:30,Jainath,Jainath,Banana,1120.0,550.0,625.0,587.0
2025-03-01 00:00:00+05:30,Bowenpally,Bowenpally,Cluster Beans,403.0,1500.0,4000.0,3000.0
2025-03-01 00:00:00+05:30,Gaddiannaram,L.B Nagar,Pumpkin,40.0,1000.0,1500.0,1200.0
2025-03-31 00:00:00+05:30,Shadnagar,Shadnagar,Ribbed Gourd,10.0,3200.0,3800.0,3500.0
2025-03-31 00:00:00+05:30,Gudimalkapur,Gudumalkapur,Snake Gourd,2.0,1000.0,1000.0,1000.0
2025-03-30 00:00:00+05:30,Jainath,Jainath,Banana,480.0,550.0,625.0,587.0
2025-03-31 00:00:00+05:30,Jainath,Jainath,Banana,320.0,550.0,625.0,587.0
2025-03-31 00:00:00+05:30,Bowenpally,Bowenpally,Cluster Beans,24.0,2000.0,4000.0,3500.0
2025-03-30 00:00:00+05:30,Shadnagar,Shadnagar,Ribbed Gourd,15.0,2500.0,3500.0,3000.0
2025-03-29 00:00:00+05:30,Shadnagar,Shadnagar,Ribbed Gourd,10.0,3500.0,4000.0,3800.0
2025-03-29 00:00:00+05:30,Bowenpally,Bowenpally,Cluster Beans,356.0,1000.0,3000.0,2500.0
2025-03-29 00:00:00+05:30,Gaddiannaram,L.B Nagar,Pumpkin,110.0,1500.0,2000.0,1700.0
2025-03-28 00:00:00+05:30,Jainath,Jainath,Banana,800.0,550.0,625.0,587.0
2025-03-28 00:00:00+05:30,Bowenpally,Bowenpally,Cluster Beans,305.0,1000.0,3000.0,2400.0
2025-03-28 00:00:00+05:30,Gaddiannaram,L.B Nagar,Pumpkin,155.0,1500.0,2000.0,1700.0
2025-03-27 00:00:00+05:30,Nizamabad,Nizamabad,Gingelly,13.0,9238.0,10358.0,9338.0
2025-03-27 00:00:00+05:30,Shadnagar,Shadnagar,Ribbed Gourd,15.0,2500.0,3500.0,3000.0
2025-03-27 00:00:00+05:30,Warangal,Warangal,Groundnut pods,13.25,5250.0,5500.0,5500.0
2025-03-27 00:00:00+05:30,Bowenpally,Bowenpally,Cluster Beans,344.0,1000.0,3000.0,2500.0
2025-03-27 00:00:00+05:30,Gaddiannaram,L.B Nagar,Pumpkin,215.0,1500.0,2000.0,1700.0
2025-03-26 00:00:00+05:30,Shadnagar,Shadnagar,Ribbed Gourd,15.0,3500.0,4000.0,3800.0
2025-03-26 00:00:00+05:30,Nizamabad,Nizamabad,Gingelly,6.0,10369.0,10569.0,10469.0
2025-03-26 00:00:00+05:30,Jainath,Jainath,Banana,160.0,550.0,625.0,587.0
2025-03-26 00:00:00+05:30,Warangal,Warangal,Groundnut pods,13.83,2400.0,6050.0,4300.0
2025-03-26 00:00:00+05:30,Bowenpally,Bowenpally,Cluster Beans,345.0,1000.0,3000.0,2400.0
2025-03-26 00:00:00+05:30,Gaddiannaram,L.B Nagar,Pumpkin,130.0,1500.0,2000.0,1700.0
2025-03-25 00:00:00+05:30,Shadnagar,Shadnagar,Ribbed Gourd,15.0,3200.0,3800.0,3500.0
2025-03-25 00:00:00+05:30,Gaddiannaram,L.B Nagar,Pumpkin,30.0,1600.0,2000.0,1800.0
2025-03-25 00:00:00+05:30,Jainath,Jainath,Banana,640.0,550.0,625.0,587.0
2025-03-25 00:00:00+05:30,Warangal,Warangal,Groundnut pods,16.81,4300.0,6000.0,6000.0
2025-03-25 00:00:00+05:30,Bowenpally,Bowenpally,Cluster Beans,410.0,1000.0,3000.0,2400.0
2025-03-24 00:00:00+05:30,Shadnagar,Shadnagar,Ribbed Gourd,15.0,3200.0,3800.0,3500.0
2025-03-24 00:00:00+05:30,Jainath,Jainath,Banana,640.0,550.0,625.0,587.0
2025-03-24 00:00:00+05:30,Nizamabad,Nizamabad,Gingelly,5.0,9220.0,11000.0,9300.0
2025-03-24 00:00:00+05:30,Warangal,Warangal,Groundnut pods,18.07,2500.0,7100.0,6100.0
2025-03-24 00:00:00+05:30,Bowenpally,Bowenpally,Cluster Beans,391.0,1000.0,3000.0,2400.0
2025-03-24 00:00:00+05:30,Gaddiannaram,L.B Nagar,Pumpkin,20.0,1000.0,1500.0,1200.0
2025-03-01 00:00:00+05:30,Gaddiannaram,L.B Nagar,Cucumber,105.0,2000.0,3000.0,2500.0
2025-03-01 00:00:00+05:30,Bowenpally,Bowenpally,Field Beans,619.0,2000.0,4000.0,3200.0
2025-03-01 00:00:00+05:30,Thirumalagiri,Tirmalagiri,Groundnut pods,12.0,5109.0,6339.0,5889.0
2025-03-01 00:00:00+05:30,Hyderabad,Meeralamandi,Lemon,317.0,1040.0,3800.0,2420.0
2025-03-01 00:00:00+05:30,Gudimalkapur,Gudumalkapur,Bottle Gourd,372.0,300.0,700.0,500.0
2025-03-02 00:00:00+05:30,Bowenpally,Bowenpally,Field Beans,658.0,2000.0,4000.0,3200.0
2025-03-01 00:00:00+05:30,Vantimamidi,Vantimamidi,Bottle Gourd,22.0,500.0,500.0,500.0
2025-03-02 00:00:00+05:30,Gaddiannaram,L.B Nagar,Cucumber,119.0,2000.0,3000.0,2500.0
2025-03-01 00:00:00+05:30,Sadasivpet,Sadasivapet,Onions,554.0,1139.0,2815.0,2019.0
2025-03-02 00:00:00+05:30,Hyderabad,Meeralamandi,Lemon,290.0,1040.0,3720.0,2380.0
2025-03-02 00:00:00+05:30,Vantimamidi,Vantimamidi,Bottle Gourd,9.0,500.0,500.0,500.0
2025-03-02 00:00:00+05:30,Gudimalkapur,Gudumalkapur,Bottle Gourd,109.0,400.0,700.0,500.0
2025-03-03 00:00:00+05:30,Gaddiannaram,L.B Nagar,Cucumber,132.0,2000.0,3000.0,2500.0
2025-03-03 00:00:00+05:30,Bowenpally,Bowenpally,Field Beans,406.0,1500.0,4000.0,3000.0
2025-03-03 00:00:00+05:30,Warangal,Warangal,Gingelly,0.28,11800.0,11800.0,11800.0
2025-03-03 00:00:00+05:30,Thirumalagiri,Tirmalagiri,Groundnut pods,53.0,5789.0,6389.0,6169.0
2025-03-03 00:00:00+05:30,Hyderabad,Meeralamandi,Lemon,338.0,1200.0,3600.0,2400.0
2025-03-03 00:00:00+05:30,Gudimalkapur,Gudumalkapur,Bottle Gourd,232.0,600.0,800.0,600.0
2025-03-03 00:00:00+05:30,Vantimamidi,Vantimamidi,Bottle Gourd,1.0,500.0,500.0,500.0
2025-03-04 00:00:00+05:30,Gaddiannaram,L.B Nagar,Cucumber,166.0,2000.0,3000.0,2500.0
2025-03-04 00:00:00+05:30,Gaddiannaram,Gaddiannaram,Custard apple,10.0,1000.0,1000.0,1000.0
2025-03-04 00:00:00+05:30,Bowenpally,Bowenpally,Field Beans,458.0,1000.0,4000.0,3000.0
2025-03-04 00:00:00+05:30,Hyderabad,Meeralamandi,Lemon,314.0,1160.0,3720.0,2440.0
2025-03-04 00:00:00+05:30,Thirumalagiri,Tirmalagiri,Groundnut pods,27.0,5409.0,5869.0,5869.0
2025-03-04 00:00:00+05:30,Gudimalkapur,Gudumalkapur,Bottle Gourd,229.0,200.0,700.0,400.0
2025-03-04 00:00:00+05:30,Shadnagar,Shadnagar,Bitter Gourd,5.0,2500.0,3000.0,2800.0
2025-03-04 00:00:00+05:30,Sadasivpet,Sadasivapet,Onions,196.0,786.0,2522.0,2459.0
2025-03-04 00:00:00+05:30,Vantimamidi,Vantimamidi,Bottle Gourd,1.0,500.0,500.0,500.0
2025-03-05 00:00:00+05:30,Gaddiannaram,L.B Nagar,Cucumber,127.0,2000.0,3000.0,2500.0
2025-03-05 00:00:00+05:30,Bowenpally,Bowenpally,Field Beans,521.0,1500.0,3500.0,3000.0
2025-03-05 00:00:00+05:30,Thirumalagiri,Tirmalagiri,Groundnut pods,36.0,5009.0,6309.0,5889.0
2025-03-05 00:00:00+05:30,Hyderabad,Meeralamandi,Lemon,304.0,1360.0,3880.0,2620.0
2025-03-05 00:00:00+05:30,Gudimalkapur,Gudumalkapur,Bottle Gourd,189.0,600.0,1000.0,800.0
2025-03-05 00:00:00+05:30,Sadasivpet,Sadasivapet,Onions,444.0,1130.0,2715.0,2511.0
2025-03-05 00:00:00+05:30,Vantimamidi,Vantimamidi,Bottle Gourd,4.0,500.0,500.0,500.0
2025-03-06 00:00:00+05:30,Bowenpally,Bowenpally,Field Beans,434.0,1500.0,3500.0,2800.0
2025-03-06 00:00:00+05:30,Warangal,Warangal,Gingelly,0.64,10212.0,10212.0,10212.0
2025-03-06 00:00:00+05:30,Thirumalagiri,Tirmalagiri,Groundnut pods,7.0,5669.0,5869.0,5869.0
2025-03-06 00:00:00+05:30,Hyderabad,Meeralamandi,Lemon,323.0,1840.0,4000.0,2920.0
2025-03-06 00:00:00+05:30,Gaddiannaram,L.B Nagar,Cucumber,153.0,2000.0,3000.0,2500.0
2025-03-06 00:00:00+05:30,Sadasivpet,Sadasivapet,Onions,267.0,1139.0,2636.0,2122.0
2025-03-06 00:00:00+05:30,Gudimalkapur,Gudumalkapur,Bottle Gourd,202.0,300.0,700.0,500.0
2025-03-07 00:00:00+05:30,Gaddiannaram,L.B Nagar,Cucumber,120.0,2000.0,3000.0,2500.0
2025-03-06 00:00:00+05:30,Vantimamidi,Vantimamidi,Bottle Gourd,9.0,500.0,500.0,500.0
2025-03-07 00:00:00+05:30,Bowenpally,Bowenpally,Field Beans,436.0,1500.0,4000.0,3000.0
2025-03-07 00:00:00+05:30,Hyderabad,Meeralamandi,Lemon,293.0,1400.0,4000.0,2700.0
2025-03-07 00:00:00+05:30,Thirumalagiri,Tirmalagiri,Groundnut pods,28.0,5269.0,6169.0,5889.0
2025-03-07 00:00:00+05:30,Warangal,Warangal,Gingelly,2.49,9000.0,11500.0,11500.0
2025-03-08 00:00:00+05:30,Gaddiannaram,L.B Nagar,Cucumber,117.0,2000.0,3000.0,2500.0
2025-03-08 00:00:00+05:30,Bowenpally,Bowenpally,Field Beans,345.0,1500.0,3500.0,3000.0
2025-03-07 00:00:00+05:30,Sadasivpet,Sadasivapet,Onions,338.0,1069.0,2511.0,1742.0
2025-03-07 00:00:00+05:30,Vantimamidi,Vantimamidi,Bottle Gourd,2.0,500.0,500.0,500.0
2025-03-07 00:00:00+05:30,Gudimalkapur,Gudumalkapur,Bottle Gourd,127.0,400.0,800.0,600.0
2025-03-08 00:00:00+05:30,Hyderabad,Meeralamandi,Lemon,370.0,1020.0,3204.0,2112.0
2025-03-08 00:00:00+05:30,Shadnagar,Shadnagar,Bitter Gourd,12.0,2800.0,3200.0,3000.0
2025-03-09 00:00:00+05:30,Gaddiannaram,L.B Nagar,Cucumber,107.0,2000.0,3000.0,2500.0
2025-03-08 00:00:00+05:30,Sadasivpet,Sadasivapet,Onions,400.0,451.0,2389.0,1640.0
2025-03-08 00:00:00+05:30,Vantimamidi,Vantimamidi,Bottle Gourd,8.0,500.0,500.0,500.0
2025-03-08 00:00:00+05:30,Gudimalkapur,Gudumalkapur,Bottle Gourd,310.0,400.0,800.0,600.0
2025-03-09 00:00:00+05:30,Bowenpally,Bowenpally,Field Beans,263.0,1500.0,4500.0,3500.0
2025-03-09 00:00:00+05:30,Venkateshwar Nagar,V Nagar,Ribbed Gourd,1.0,30.0,30.0,30.0
2025-03-09 00:00:00+05:30,Shadnagar,Shadnagar,Bitter Gourd,10.0,3200.0,3800.0,3500.0
2025-03-09 00:00:00+05:30,Gudimalkapur,Gudumalkapur,Bottle Gourd,103.0,400.0,800.0,600.0
2025-03-10 00:00:00+05:30,Bowenpally,Bowenpally,Field Beans,623.0,1000.0,4500.0,3000.0
2025-03-10 00:00:00+05:30,Gaddiannaram,L.B Nagar,Cucumber,90.0,2000.0,3000.0,2500.0
2025-03-10 00:00:00+05:30,Warangal,Warangal,Gingelly,0.97,10600.0,10600.0,10600.0
2025-03-10 00:00:00+05:30,Hyderabad,Meeralamandi,Lemon,313.0,1000.0,3400.0,2200.0
2025-03-10 00:00:00+05:30,Thirumalagiri,Tirmalagiri,Groundnut pods,6.0,5309.0,5309.0,5309.0
2025-03-10 00:00:00+05:30,Sadasivpet,Sadasivapet,Onions,690.0,906.0,1951.0,1442.0
2025-03-10 00:00:00+05:30,Shadnagar,Shadnagar,Bitter Gourd,15.0,2500.0,3500.0,3000.0
2025-03-10 00:00:00+05:30,Gudimalkapur,Gudumalkapur,Bottle Gourd,237.0,400.0,1000.0,600.0
2025-03-10 00:00:00+05:30,Vantimamidi,Vantimamidi,Bottle Gourd,72.0,500.0,500.0,500.0
2025-03-11 00:00:00+05:30,Bowenpally,Bowenpally,Field Beans,308.0,3000.0,4500.0,4000.0
2025-03-11 00:00:00+05:30,Gaddiannaram,L.B Nagar,Cucumber,117.0,2000.0,3000.0,2500.0
2025-03-11 00:00:00+05:30,Warangal,Warangal,Gingelly,0.85,10600.0,10600.0,10600.0
2025-03-11 00:00:00+05:30,Hyderabad,Meeralamandi,Lemon,307.0,1160.0,3800.0,2480.0
2025-03-11 00:00:00+05:30,Sadasivpet,Sadasivapet,Onions,239.0,506.0,1649.0,1589.0
2025-03-12 00:00:00+05:30,Bowenpally,Bowenpally,Field Beans,100.0,1500.0,4500.0,3500.0
2025-03-12 00:00:00+05:30,Gaddiannaram,L.B Nagar,Cucumber,87.0,2000.0,3000.0,2500.0
2025-03-11 00:00:00+05:30,Gudimalkapur,Gudumalkapur,Bottle Gourd,208.0,500.0,700.0,600.0
2025-03-11 00:00:00+05:30,Vantimamidi,Vantimamidi,Bottle Gourd,8.0,500.0,1000.0,750.0
2025-03-12 00:00:00+05:30,Warangal,Warangal,Gingelly,0.82,8552.0,8552.0,8552.0
2025-03-12 00:00:00+05:30,Thirumalagiri,Tirmalagiri,Groundnut pods,14.0,5569.0,6169.0,5811.0
2025-03-12 00:00:00+05:30,Hyderabad,Meeralamandi,Lemon,343.0,1280.0,3680.0,2480.0
2025-03-12 00:00:00+05:30,Gudimalkapur,Gudumalkapur,Bottle Gourd,156.0,400.0,1000.0,600.0
2025-03-12 00:00:00+05:30,Shadnagar,Shadnagar,Bitter Gourd,12.0,2800.0,3200.0,3000.0
2025-03-12 00:00:00+05:30,Sadasivpet,Sadasivapet,Onions,830.0,559.0,1669.0,1379.0
2025-03-12 00:00:00+05:30,Vantimamidi,Vantimamidi,Bottle Gourd,11.0,500.0,1000.0,750.0
2025-03-13 00:00:00+05:30,Gaddiannaram,L.B Nagar,Cucumber,145.0,2000.0,3000.0,2500.0
2025-03-13 00:00:00+05:30,Bowenpally,Bowenpally,Field Beans,247.0,1500.0,5000.0,4000.0
2025-03-13 00:00:00+05:30,Hyderabad,Meeralamandi,Lemon,342.0,1020.0,3600.0,2310.0
2025-03-13 00:00:00+05:30,Shadnagar,Shadnagar,Bitter Gourd,12.0,2800.0,3600.0,3000.0
2025-03-14 00:00:00+05:30,Gaddiannaram,L.B Nagar,Cucumber,52.0,2000.0,3000.0,2500.0
2025-03-13 00:00:00+05:30,Vantimamidi,Vantimamidi,Bottle Gourd,7.0,500.0,500.0,500.0
2025-03-13 00:00:00+05:30,Gudimalkapur,Gudumalkapur,Bottle Gourd,257.0,400.0,800.0,600.0
2025-03-14 00:00:00+05:30,Bowenpally,Bowenpally,Field Beans,420.0,1500.0,5000.0,3500.0
2025-03-15 00:00:00+05:30,Gaddiannaram,L.B Nagar,Cucumber,100.0,2000.0,3000.0,2500.0
2025-03-14 00:00:00+05:30,Gudimalkapur,Gudumalkapur,Bottle Gourd,210.0,500.0,700.0,600.0
2025-03-15 00:00:00+05:30,Bowenpally,Bowenpally,Field Beans,288.0,2000.0,5000.0,4000.0
2025-03-15 00:00:00+05:30,Hyderabad,Meeralamandi,Lemon,321.0,1020.0,3640.0,2330.0
2025-03-15 00:00:00+05:30,Thirumalagiri,Tirmalagiri,Groundnut pods,3.0,5811.0,6151.0,6151.0
2025-03-15 00:00:00+05:30,Sadasivpet,Sadasivapet,Onions,795.0,611.0,1818.0,1582.0
2025-03-16 00:00:00+05:30,Shadnagar,Shadnagar,Bitter Gourd,15.0,2500.0,3500.0,2800.0
2025-03-16 00:00:00+05:30,Hyderabad,Meeralamandi,Lemon,327.0,1040.0,3760.0,2400.0
2025-03-16 00:00:00+05:30,Gaddiannaram,L.B Nagar,Cucumber,186.0,1500.0,2500.0,2000.0
2025-03-15 00:00:00+05:30,Vantimamidi,Vantimamidi,Bottle Gourd,5.0,500.0,1000.0,750.0
2025-03-15 00:00:00+05:30,Gudimalkapur,Gudumalkapur,Bottle Gourd,240.0,400.0,1000.0,600.0
2025-03-17 00:00:00+05:30,Bowenpally,Bowenpally,Field Beans,364.0,2500.0,4000.0,3500.0
2025-03-16 00:00:00+05:30,Vantimamidi,Vantimamidi,Bottle Gourd,6.0,500.0,800.0,650.0
2025-03-16 00:00:00+05:30,Gudimalkapur,Gudumalkapur,Bottle Gourd,117.0,400.0,1000.0,600.0
2025-03-17 00:00:00+05:30,Gaddiannaram,L.B Nagar,Cucumber,127.0,2000.0,2500.0,2200.0
2025-03-17 00:00:00+05:30,Warangal,Warangal,Gingelly,1.27,8222.0,10202.0,8222.0
2025-03-17 00:00:00+05:30,Hyderabad,Meeralamandi,Lemon,322.0,1440.0,4000.0,2720.0
2025-03-17 00:00:00+05:30,Shadnagar,Shadnagar,Bitter Gourd,10.0,3200.0,3800.0,3500.0
2025-03-17 00:00:00+05:30,Sadasivpet,Sadasivapet,Onions,612.0,619.0,1779.0,1460.0
2025-03-18 00:00:00+05:30,Bowenpally,Bowenpally,Field Beans,134.0,2000.0,4000.0,3400.0
2025-03-18 00:00:00+05:30,Hyderabad,Meeralamandi,Lemon,327.0,1600.0,3760.0,2680.0
2025-03-17 00:00:00+05:30,Gudimalkapur,Gudumalkapur,Bottle Gourd,210.0,500.0,700.0,600.0
2025-03-17 00:00:00+05:30,Vantimamidi,Vantimamidi,Bottle Gourd,17.0,500.0,1000.0,750.0
2025-03-18 00:00:00+05:30,Gaddiannaram,L.B Nagar,Cucumber,134.0,2000.0,3000.0,2500.0
2025-03-18 00:00:00+05:30,Warangal,Warangal,Gingelly,0.56,9222.0,9222.0,9222.0
2025-03-18 00:00:00+05:30,Thirumalagiri,Tirmalagiri,Groundnut pods,32.0,5269.0,6209.0,6011.0
2025-03-18 00:00:00+05:30,Gudimalkapur,Gudumalkapur,Bottle Gourd,368.0,400.0,500.0,400.0
2025-03-18 00:00:00+05:30,Sadasivpet,Sadasivapet,Onions,429.0,656.0,1689.0,1542.0
2025-03-19 00:00:00+05:30,Bowenpally,Bowenpally,Field Beans,289.0,1000.0,4000.0,3000.0
2025-03-18 00:00:00+05:30,Vantimamidi,Vantimamidi,Bottle Gourd,14.0,1000.0,1000.0,1000.0
2025-03-19 00:00:00+05:30,Thirumalagiri,Tirmalagiri,Groundnut pods,9.0,5509.0,6169.0,6162.0
2025-03-19 00:00:00+05:30,Hyderabad,Meeralamandi,Lemon,330.0,1720.0,4040.0,2800.0
2025-03-19 00:00:00+05:30,Gaddiannaram,L.B Nagar,Cucumber,61.0,2000.0,3000.0,2500.0
2025-03-19 00:00:00+05:30,Sadasivpet,Sadasivapet,Onions,871.0,716.0,1819.0,1422.0
2025-03-19 00:00:00+05:30,Shadnagar,Shadnagar,Bitter Gourd,15.0,3200.0,3800.0,3500.0
2025-03-19 00:00:00+05:30,Gudimalkapur,Gudumalkapur,Bottle Gourd,304.0,200.0,400.0,300.0
2025-03-19 00:00:00+05:30,Vantimamidi,Vantimamidi,Bottle Gourd,11.0,500.0,500.0,500.0
2025-03-20 00:00:00+05:30,Gaddiannaram,L.B Nagar,Cucumber,162.0,2000.0,3000.0,2500.0
2025-03-20 00:00:00+05:30,Bowenpally,Bowenpally,Field Beans,328.0,2000.0,4500.0,3700.0
2025-03-20 00:00:00+05:30,Hyderabad,Meeralamandi,Lemon,365.0,1040.0,3880.0,2460.0
2025-03-20 00:00:00+05:30,Warangal,Warangal,Gingelly,0.78,9502.0,11000.0,9502.0
2025-03-20 00:00:00+05:30,Shadnagar,Shadnagar,Bitter Gourd,5.0,3000.0,3800.0,3500.0
2025-03-20 00:00:00+05:30,Sadasivpet,Sadasivapet,Onions,349.0,709.0,1749.0,1560.0
2025-03-20 00:00:00+05:30,Thirumalagiri,Tirmalagiri,Groundnut pods,6.0,6369.0,6369.0,6369.0
2025-03-21 00:00:00+05:30,Gaddiannaram,L.B Nagar,Cucumber,164.0,1000.0,2000.0,1500.0
2025-03-20 00:00:00+05:30,Vantimamidi,Vantimamidi,Bottle Gourd,2.0,500.0,500.0,500.0
2025-03-20 00:00:00+05:30,Gudimalkapur,Gudumalkapur,Bottle Gourd,199.0,400.0,600.0,500.0
2025-03-21 00:00:00+05:30,Bowenpally,Bowenpally,Field Beans,251.0,1000.0,4500.0,3000.0
2025-03-21 00:00:00+05:30,Warangal,Warangal,Gingelly,0.54,7552.0,7552.0,7552.0
2025-03-21 00:00:00+05:30,Thirumalagiri,Tirmalagiri,Groundnut pods,23.0,5559.0,6409.0,6209.0
2025-03-21 00:00:00+05:30,Hyderabad,Meeralamandi,Lemon,359.0,1720.0,3880.0,2800.0
2025-03-21 00:00:00+05:30,Gudimalkapur,Gudumalkapur,Bottle Gourd,207.0,200.0,600.0,400.0
2025-03-22 00:00:00+05:30,Bowenpally,Bowenpally,Field Beans,128.0,2000.0,4500.0,2800.0
2025-03-21 00:00:00+05:30,Vantimamidi,Vantimamidi,Bottle Gourd,4.0,1000.0,1000.0,1000.0
2025-03-22 00:00:00+05:30,Hyderabad,Meeralamandi,Lemon,310.0,1120.0,3800.0,2460.0
2025-03-21 00:00:00+05:30,Sadasivpet,Sadasivapet,Onions,744.0,566.0,1600.0,1262.0
2025-03-22 00:00:00+05:30,Gaddiannaram,L.B Nagar,Cucumber,158.0,2000.0,3000.0,2500.0
2025-03-22 00:00:00+05:30,Shadnagar,Shadnagar,Bitter Gourd,5.0,3000.0,3600.0,3500.0
2025-03-22 00:00:00+05:30,Sadasivpet,Sadasivapet,Onions,1106.0,716.0,1689.0,1339.0
2025-03-23 00:00:00+05:30,Gaddiannaram,L.B Nagar,Cucumber,190.0,2000.0,3000.0,2500.0
2025-03-22 00:00:00+05:30,Vantimamidi,Vantimamidi,Bottle Gourd,3.0,400.0,800.0,600.0
2025-03-22 00:00:00+05:30,Gudimalkapur,Gudumalkapur,Bottle Gourd,193.0,200.0,600.0,300.0
2025-03-23 00:00:00+05:30,Hyderabad,Meeralamandi,Lemon,392.0,1020.0,3600.0,2310.0
2025-03-23 00:00:00+05:30,Bowenpally,Bowenpally,Field Beans,133.0,3000.0,5000.0,4500.0
2025-03-23 00:00:00+05:30,Gudimalkapur,Gudumalkapur,Bottle Gourd,203.0,200.0,500.0,300.0
2025-03-24 00:00:00+05:30,Gaddiannaram,L.B Nagar,Cucumber,142.0,1500.0,2000.0,1700.0
2025-03-24 00:00:00+05:30,Bowenpally,Bowenpally,Field Beans,255.0,1500.0,4500.0,3500.0
2025-03-24 00:00:00+05:30,Warangal,Warangal,Gingelly,3.43,7122.0,10000.0,10000.0
2025-03-24 00:00:00+05:30,Hyderabad,Meeralamandi,Lemon,387.0,1800.0,3800.0,2800.0
2025-03-24 00:00:00+05:30,Gudimalkapur,Gudumalkapur,Bottle Gourd,149.0,300.0,500.0,400.0
2025-03-24 00:00:00+05:30,Sadasivpet,Sadasivapet,Onions,569.0,639.0,1689.0,1251.0
2025-03-25 00:00:00+05:30,Bowenpally,Bowenpally,Field Beans,257.0,2500.0,4500.0,4000.0
2025-03-24 00:00:00+05:30,Vantimamidi,Vantimamidi,Bottle Gourd,2.0,400.0,800.0,600.0
2025-03-25 00:00:00+05:30,Nizamabad,Nizamabad,Gingelly,6.0,9300.0,9620.0,9620.0
2025-03-25 00:00:00+05:30,Hyderabad,Meeralamandi,Lemon,337.0,1400.0,3600.0,2500.0
2025-03-25 00:00:00+05:30,Gaddiannaram,L.B Nagar,Cucumber,132.0,1000.0,2000.0,1500.0
2025-03-25 00:00:00+05:30,Vantimamidi,Vantimamidi,Bottle Gourd,3.0,500.0,1000.0,750.0
2025-03-25 00:00:00+05:30,Gudimalkapur,Gudumalkapur,Bottle Gourd,103.0,300.0,500.0,400.0
2025-03-26 00:00:00+05:30,Gaddiannaram,L.B Nagar,Cucumber,97.0,1000.0,2000.0,1500.0
2025-03-26 00:00:00+05:30,Bowenpally,Bowenpally,Field Beans,252.0,2000.0,4500.0,3200.0
2025-03-26 00:00:00+05:30,Hyderabad,Meeralamandi,Lemon,358.0,1700.0,3960.0,2830.0
2025-03-26 00:00:00+05:30,Thirumalagiri,Tirmalagiri,Groundnut pods,6.0,6369.0,6369.0,6369.0
2025-03-26 00:00:00+05:30,Shadnagar,Shadnagar,Bitter Gourd,10.0,3200.0,3500.0,3300.0
2025-03-26 00:00:00+05:30,Vantimamidi,Vantimamidi,Bottle Gourd,2.0,1000.0,1000.0,1000.0
2025-03-26 00:00:00+05:30,Gudimalkapur,Gudumalkapur,Bottle Gourd,149.0,200.0,400.0,300.0
2025-03-27 00:00:00+05:30,Gaddiannaram,L.B Nagar,Cucumber,203.0,1000.0,2000.0,1500.0
2025-03-27 00:00:00+05:30,Bowenpally,Bowenpally,Field Beans,274.0,1000.0,5000.0,4000.0
2025-03-27 00:00:00+05:30,Shadnagar,Shadnagar,Bitter Gourd,10.0,3000.0,3800.0,3500.0
2025-03-27 00:00:00+05:30,Thirumalagiri,Tirmalagiri,Groundnut pods,14.0,5159.0,5369.0,5369.0
2025-03-27 00:00:00+05:30,Hyderabad,Meeralamandi,Lemon,324.0,1400.0,3840.0,2620.0
2025-03-28 00:00:00+05:30,Gaddiannaram,L.B Nagar,Cucumber,89.0,1000.0,2000.0,1500.0
2025-03-27 00:00:00+05:30,Gudimalkapur,Gudumalkapur,Bottle Gourd,171.0,300.0,500.0,400.0
2025-03-27 00:00:00+05:30,Vantimamidi,Vantimamidi,Bottle Gourd,8.0,500.0,1000.0,750.0
2025-03-28 00:00:00+05:30,Bowenpally,Bowenpally,Field Beans,214.0,2000.0,5000.0,4000.0
2025-03-28 00:00:00+05:30,Hyderabad,Meeralamandi,Lemon,302.0,1300.0,3960.0,2630.0
2025-03-28 00:00:00+05:30,Thirumalagiri,Tirmalagiri,Groundnut pods,3.0,6369.0,6469.0,6469.0
2025-03-28 00:00:00+05:30,Gudimalkapur,Gudumalkapur,Bottle Gourd,202.0,400.0,600.0,400.0
2025-03-28 00:00:00+05:30,Sadasivpet,Sadasivapet,Onions,843.0,666.0,1717.0,1251.0
2025-03-28 00:00:00+05:30,Vantimamidi,Vantimamidi,Bottle Gourd,8.0,1000.0,1000.0,1000.0
2025-03-29 00:00:00+05:30,Gaddiannaram,L.B Nagar,Cucumber,122.0,1000.0,2000.0,1500.0
2025-03-29 00:00:00+05:30,Bowenpally,Bowenpally,Field Beans,251.0,1000.0,5000.0,3500.0
2025-03-29 00:00:00+05:30,Shadnagar,Shadnagar,Bitter Gourd,15.0,2800.0,3800.0,3000.0
2025-03-29 00:00:00+05:30,Gudimalkapur,Gudumalkapur,Bottle Gourd,221.0,400.0,600.0,400.0
2025-03-29 00:00:00+05:30,Hyderabad,Meeralamandi,Lemon,326.0,2120.0,4000.0,3060.0
2025-03-30 00:00:00+05:30,Shadnagar,Shadnagar,Bitter Gourd,10.0,3200.0,3800.0,3500.0
2025-03-31 00:00:00+05:30,Bowenpally,Bowenpally,Field Beans,17.0,2000.0,4500.0,3500.0
2025-03-31 00:00:00+05:30,Gudimalkapur,Gudumalkapur,Bottle Gourd,90.0,300.0,800.0,500.0
2025-03-31 00:00:00+05:30,Gaddiannaram,L.B Nagar,Cucumber,40.0,1000.0,2000.0,1500.0
2025-03-30 00:00:00+05:30,Vantimamidi,Vantimamidi,Bottle Gourd,7.0,1000.0,1000.0,1000.0
2025-03-31 00:00:00+05:30,Vantimamidi,Vantimamidi,Bottle Gourd,11.0,400.0,800.0,600.0
2025-03-23 00:00:00+05:30,Gudimalkapur,Gudumalkapur,Ribbed Gourd,185.0,1200.0,2500.0,1500.0
2025-03-23 00:00:00+05:30,Vantimamidi,Vantimamidi,Ribbed Gourd,29.0,2500.0,2500.0,2500.0
2025-03-23 00:00:00+05:30,Bowenpally,Bowenpally,Snake Gourd,17.0,600.0,1200.0,1000.0
2025-03-23 00:00:00+05:30,Hyderabad,Madannapeta,Donda,9.0,2000.0,2500.0,2250.0
2025-03-22 00:00:00+05:30,Gudimalkapur,Gudumalkapur,Ribbed Gourd,271.0,1000.0,3000.0,2000.0
2025-03-22 00:00:00+05:30,Vantimamidi,Vantimamidi,Ribbed Gourd,15.0,3000.0,3000.0,3000.0
2025-03-23 00:00:00+05:30,Gaddiannaram,L.B Nagar,Drumstick,44.0,2000.0,2500.0,2200.0
2025-03-22 00:00:00+05:30,Sadasivpet,Sadasivapet,Tumeric,6.0,8788.0,8788.0,8788.0
2025-03-22 00:00:00+05:30,Gaddiannaram,L.B Nagar,Drumstick,44.0,2000.0,2400.0,2200.0
2025-03-22 00:00:00+05:30,Hyderabad,Madannapeta,Donda,11.0,2200.0,2500.0,2350.0
2025-03-21 00:00:00+05:30,Vantimamidi,Vantimamidi,Ribbed Gourd,29.0,2000.0,3000.0,2500.0
2025-03-22 00:00:00+05:30,Bowenpally,Bowenpally,Snake Gourd,7.0,500.0,1000.0,800.0
2025-03-21 00:00:00+05:30,Gudimalkapur,Gudumalkapur,Ribbed Gourd,222.0,1000.0,3100.0,2000.0
2025-03-21 00:00:00+05:30,Warangal,Warangal,Gingelly,0.94,7222.0,7222.0,7222.0
2025-03-21 00:00:00+05:30,Bowenpally,Bowenpally,Snake Gourd,21.0,400.0,1200.0,1000.0
2025-03-21 00:00:00+05:30,Hyderabad,Madannapeta,Donda,5.0,2500.0,2500.0,2500.0
2025-03-20 00:00:00+05:30,Gudimalkapur,Gudumalkapur,Ribbed Gourd,212.0,1000.0,3000.0,2000.0
2025-03-20 00:00:00+05:30,Vantimamidi,Vantimamidi,Ribbed Gourd,14.0,2500.0,3200.0,2850.0
2025-03-21 00:00:00+05:30,Gaddiannaram,L.B Nagar,Drumstick,45.0,2000.0,3000.0,2500.0
2025-03-20 00:00:00+05:30,Siddipet,Siddipet,Castor,4.62,5402.0,5402.0,5402.0
2025-03-20 00:00:00+05:30,Hyderabad,Meeralamandi,Donda,2.0,2500.0,2500.0,2500.0
2025-03-20 00:00:00+05:30,Hyderabad,Madannapeta,Donda,22.0,1500.0,2000.0,1750.0
2025-03-20 00:00:00+05:30,Bowenpally,Bowenpally,Snake Gourd,12.0,500.0,1700.0,1200.0
2025-03-20 00:00:00+05:30,Gaddiannaram,L.B Nagar,Drumstick,47.0,2000.0,3000.0,2500.0
2025-03-19 00:00:00+05:30,Vantimamidi,Vantimamidi,Ribbed Gourd,11.0,2500.0,3200.0,2850.0
2025-03-19 00:00:00+05:30,Gudimalkapur,Gudumalkapur,Ribbed Gourd,244.0,1500.0,3000.0,2000.0
2025-03-19 00:00:00+05:30,Sadasivpet,Sadasivapet,Tumeric,1.0,8559.0,8559.0,8559.0
2025-03-19 00:00:00+05:30,Warangal,Warangal,Gingelly,0.52,2052.0,4122.0,2052.0
2025-03-19 00:00:00+05:30,Gaddiannaram,L.B Nagar,Drumstick,42.0,2000.0,4000.0,3000.0
2025-03-19 00:00:00+05:30,Hyderabad,Madannapeta,Donda,22.0,1500.0,2500.0,2000.0
2025-03-18 00:00:00+05:30,Vantimamidi,Vantimamidi,Ribbed Gourd,15.0,3000.0,3000.0,3000.0
2025-03-19 00:00:00+05:30,Bowenpally,Bowenpally,Snake Gourd,8.0,500.0,1500.0,1200.0
2025-03-18 00:00:00+05:30,Gudimalkapur,Gudumalkapur,Ribbed Gourd,208.0,1500.0,3500.0,2000.0
2025-03-18 00:00:00+05:30,Warangal,Warangal,Gingelly,1.67,8426.0,8426.0,8426.0
2025-03-18 00:00:00+05:30,Gaddiannaram,L.B Nagar,Drumstick,43.0,3000.0,4000.0,3500.0
2025-03-17 00:00:00+05:30,Vantimamidi,Vantimamidi,Ribbed Gourd,11.0,3000.0,3500.0,3250.0
2025-03-17 00:00:00+05:30,Gudimalkapur,Gudumalkapur,Ribbed Gourd,266.0,1500.0,3500.0,2500.0
2025-03-18 00:00:00+05:30,Hyderabad,Madannapeta,Donda,20.0,2000.0,2500.0,2250.0
2025-03-18 00:00:00+05:30,Bowenpally,Bowenpally,Snake Gourd,2.0,1000.0,1500.0,1300.0
2025-03-17 00:00:00+05:30,Sadasivpet,Sadasivapet,Tumeric,10.0,8559.0,8559.0,8559.0
2025-03-17 00:00:00+05:30,Hyderabad,Meeralamandi,Donda,3.0,2200.0,2500.0,2350.0
2025-03-17 00:00:00+05:30,Warangal,Warangal,Gingelly,2.36,6100.0,6100.0,6100.0
2025-03-17 00:00:00+05:30,Gaddiannaram,L.B Nagar,Drumstick,33.0,3000.0,4000.0,3500.0
2025-03-16 00:00:00+05:30,Gudimalkapur,Gudumalkapur,Ribbed Gourd,267.0,1500.0,3000.0,2500.0
2025-03-16 00:00:00+05:30,Vantimamidi,Vantimamidi,Ribbed Gourd,11.0,2500.0,3500.0,3000.0
2025-03-17 00:00:00+05:30,Bowenpally,Bowenpally,Snake Gourd,26.0,1000.0,1500.0,1400.0
2025-03-17 00:00:00+05:30,Hyderabad,Madannapeta,Donda,26.0,2000.0,2500.0,2250.0
2025-03-15 00:00:00+05:30,Gudimalkapur,Gudumalkapur,Ribbed Gourd,192.0,2000.0,3000.0,2500.0
2025-03-15 00:00:00+05:30,Vantimamidi,Vantimamidi,Ribbed Gourd,18.0,2000.0,3000.0,2500.0
2025-03-16 00:00:00+05:30,Gaddiannaram,L.B Nagar,Drumstick,49.0,4000.0,5000.0,4500.0
2025-03-16 00:00:00+05:30,Bowenpally,Bowenpally,Snake Gourd,7.0,500.0,1500.0,1200.0
2025-03-16 00:00:00+05:30,Hyderabad,Madannapeta,Donda,18.0,2500.0,3000.0,2750.0
2025-03-15 00:00:00+05:30,Sadasivpet,Sadasivapet,Tumeric,13.0,3339.0,8388.0,8388.0
2025-03-15 00:00:00+05:30,Hyderabad,Meeralamandi,Donda,2.0,2500.0,2500.0,2500.0
2025-03-15 00:00:00+05:30,Hyderabad,Madannapeta,Donda,13.0,2000.0,2500.0,2250.0
2025-03-15 00:00:00+05:30,Bowenpally,Bowenpally,Snake Gourd,11.0,500.0,1500.0,1200.0
2025-03-14 00:00:00+05:30,Gudimalkapur,Gudumalkapur,Ribbed Gourd,132.0,1000.0,3000.0,2000.0
2025-03-15 00:00:00+05:30,Gaddiannaram,L.B Nagar,Drumstick,56.0,4000.0,5000.0,4500.0
2025-03-14 00:00:00+05:30,Bowenpally,Bowenpally,Snake Gourd,8.0,500.0,1200.0,1000.0
2025-03-14 00:00:00+05:30,Hyderabad,Madannapeta,Donda,13.0,2800.0,3000.0,2900.0
2025-03-13 00:00:00+05:30,Gudimalkapur,Gudumalkapur,Ribbed Gourd,232.0,1000.0,2500.0,1500.0
2025-03-13 00:00:00+05:30,Vantimamidi,Vantimamidi,Ribbed Gourd,2.0,2500.0,2500.0,2500.0
2025-03-14 00:00:00+05:30,Gaddiannaram,L.B Nagar,Drumstick,23.0,4000.0,5000.0,4500.0
2025-03-13 00:00:00+05:30,Hyderabad,Madannapeta,Donda,24.0,2000.0,3000.0,2500.0
2025-03-13 00:00:00+05:30,Bowenpally,Bowenpally,Snake Gourd,11.0,500.0,1500.0,1200.0
2025-03-13 00:00:00+05:30,Gaddiannaram,L.B Nagar,Drumstick,32.0,4000.0,5000.0,4500.0
2025-03-12 00:00:00+05:30,Vantimamidi,Vantimamidi,Ribbed Gourd,18.0,2500.0,3000.0,2750.0
2025-03-12 00:00:00+05:30,Gudimalkapur,Gudumalkapur,Ribbed Gourd,377.0,1000.0,3000.0,2500.0
2025-03-12 00:00:00+05:30,Warangal,Warangal,Gingelly,38.2,8555.0,9400.0,9306.0
2025-03-11 00:00:00+05:30,Vantimamidi,Vantimamidi,Ribbed Gourd,3.0,2500.0,3000.0,2750.0
2025-03-11 00:00:00+05:30,Gudimalkapur,Gudumalkapur,Ribbed Gourd,295.0,1000.0,3000.0,2000.0
2025-03-12 00:00:00+05:30,Gaddiannaram,L.B Nagar,Drumstick,16.0,4000.0,5000.0,4500.0
2025-03-12 00:00:00+05:30,Hyderabad,Madannapeta,Donda,18.0,2800.0,3000.0,2900.0
2025-03-12 00:00:00+05:30,Bowenpally,Bowenpally,Snake Gourd,10.0,500.0,1500.0,1200.0
2025-03-11 00:00:00+05:30,Sadasivpet,Sadasivapet,Tumeric,2.0,8253.0,8253.0,8253.0
2025-03-11 00:00:00+05:30,Gaddiannaram,L.B Nagar,Drumstick,24.0,4000.0,5000.0,4500.0
2025-03-11 00:00:00+05:30,Hyderabad,Madannapeta,Donda,8.0,2500.0,3500.0,3000.0
2025-03-11 00:00:00+05:30,Bowenpally,Bowenpally,Snake Gourd,16.0,1000.0,1500.0,1300.0
2025-03-10 00:00:00+05:30,Vantimamidi,Vantimamidi,Ribbed Gourd,4.0,2000.0,2500.0,2250.0
2025-03-10 00:00:00+05:30,Gudimalkapur,Gudumalkapur,Ribbed Gourd,192.0,1000.0,3000.0,2000.0
2025-03-10 00:00:00+05:30,Hyderabad,Madannapeta,Donda,16.0,3500.0,3500.0,3500.0
2025-03-10 00:00:00+05:30,Gaddiannaram,L.B Nagar,Drumstick,17.0,4000.0,5000.0,4500.0
2025-03-10 00:00:00+05:30,Bowenpally,Bowenpally,Snake Gourd,8.0,500.0,1500.0,1200.0
2025-03-09 00:00:00+05:30,Gudimalkapur,Gudumalkapur,Ribbed Gourd,271.0,2000.0,3000.0,2500.0
2025-03-09 00:00:00+05:30,Venkateshwar Nagar,V Nagar,Bitter Gourd,1.0,25.0,25.0,25.0
2025-03-09 00:00:00+05:30,Bowenpally,Bowenpally,Snake Gourd,12.0,500.0,1500.0,1200.0
2025-03-09 00:00:00+05:30,Hyderabad,Madannapeta,Donda,15.0,3000.0,3000.0,3000.0
2025-03-08 00:00:00+05:30,Gudimalkapur,Gudumalkapur,Ribbed Gourd,180.0,1000.0,3500.0,2500.0
2025-03-09 00:00:00+05:30,Gaddiannaram,L.B Nagar,Drumstick,20.0,4000.0,4500.0,1200.0
2025-03-08 00:00:00+05:30,Hyderabad,Madannapeta,Donda,19.0,2500.0,3500.0,3000.0
2025-03-07 00:00:00+05:30,Gudimalkapur,Gudumalkapur,Ribbed Gourd,205.0,1000.0,3000.0,2500.0
2025-03-07 00:00:00+05:30,Vantimamidi,Vantimamidi,Ribbed Gourd,4.0,1500.0,1500.0,1500.0
2025-03-07 00:00:00+05:30,Sadasivpet,Sadasivapet,Tumeric,1.0,8485.0,8485.0,8485.0
2025-03-08 00:00:00+05:30,Bowenpally,Bowenpally,Snake Gourd,14.0,500.0,1200.0,1000.0
2025-03-08 00:00:00+05:30,Gaddiannaram,L.B Nagar,Drumstick,21.0,4000.0,6000.0,5000.0
2025-03-07 00:00:00+05:30,Hyderabad,Madannapeta,Donda,16.0,3000.0,3500.0,3250.0
2025-03-07 00:00:00+05:30,Bowenpally,Bowenpally,Snake Gourd,24.0,500.0,1500.0,1200.0
2025-03-06 00:00:00+05:30,Vantimamidi,Vantimamidi,Ribbed Gourd,5.0,2500.0,2500.0,2500.0
2025-03-07 00:00:00+05:30,Gaddiannaram,L.B Nagar,Drumstick,13.0,4000.0,6000.0,5000.0
2025-03-06 00:00:00+05:30,Gudimalkapur,Gudumalkapur,Ribbed Gourd,332.0,1000.0,3000.0,2500.0
2025-03-06 00:00:00+05:30,Gaddiannaram,L.B Nagar,Drumstick,19.0,4000.0,6000.0,5000.0
2025-03-06 00:00:00+05:30,Hyderabad,Madannapeta,Donda,21.0,2500.0,4000.0,3000.0
2025-03-06 00:00:00+05:30,Bowenpally,Bowenpally,Snake Gourd,34.0,1000.0,1500.0,1400.0
2025-03-05 00:00:00+05:30,Vantimamidi,Vantimamidi,Ribbed Gourd,3.0,2500.0,2500.0,250.0
2025-03-05 00:00:00+05:30,Gudimalkapur,Gudumalkapur,Ribbed Gourd,215.0,1500.0,3000.0,2000.0
2025-03-05 00:00:00+05:30,Bowenpally,Bowenpally,Snake Gourd,11.0,500.0,1200.0,1000.0
2025-03-05 00:00:00+05:30,Hyderabad,Madannapeta,Donda,22.0,2500.0,3500.0,3000.0
2025-03-05 00:00:00+05:30,Gaddiannaram,L.B Nagar,Drumstick,20.0,4000.0,6000.0,5000.0
2025-03-04 00:00:00+05:30,Vantimamidi,Vantimamidi,Ribbed Gourd,4.0,2000.0,2000.0,2000.0
2025-03-04 00:00:00+05:30,Gudimalkapur,Gudumalkapur,Ribbed Gourd,279.0,1500.0,3000.0,2500.0
2025-03-04 00:00:00+05:30,Warangal,Warangal,Gingelly,25.14,3800.0,8655.0,3800.0
2025-03-04 00:00:00+05:30,Bowenpally,Bowenpally,Snake Gourd,4.0,500.0,1200.0,1000.0
2025-03-04 00:00:00+05:30,Hyderabad,Madannapeta,Donda,11.0,3000.0,3500.0,3250.0
2025-03-04 00:00:00+05:30,Gaddiannaram,L.B Nagar,Drumstick,30.0,4000.0,5000.0,4500.0
2025-03-03 00:00:00+05:30,Gudimalkapur,Gudumalkapur,Ribbed Gourd,180.0,2000.0,3000.0,2500.0
2025-03-03 00:00:00+05:30,Hyderabad,Meeralamandi,Donda,2.0,4000.0,4000.0,4000.0
2025-03-03 00:00:00+05:30,Hyderabad,Madannapeta,Donda,16.0,3000.0,3500.0,3250.0
2025-03-03 00:00:00+05:30,Warangal,Warangal,Gingelly,0.43,4550.0,4550.0,4550.0
2025-03-03 00:00:00+05:30,Bowenpally,Bowenpally,Snake Gourd,11.0,500.0,1500.0,1200.0
2025-03-03 00:00:00+05:30,Gaddiannaram,L.B Nagar,Drumstick,13.0,4000.0,5000.0,4500.0
2025-03-02 00:00:00+05:30,Gudimalkapur,Gudumalkapur,Ribbed Gourd,227.0,2000.0,3500.0,3000.0
2025-03-02 00:00:00+05:30,Vantimamidi,Vantimamidi,Ribbed Gourd,3.0,1000.0,2000.0,1500.0
2025-03-02 00:00:00+05:30,Hyderabad,Madannapeta,Donda,5.0,2500.0,2500.0,2500.0
2025-03-02 00:00:00+05:30,Gaddiannaram,L.B Nagar,Drumstick,27.0,4000.0,5000.0,4500.0
2025-03-02 00:00:00+05:30,Bowenpally,Bowenpally,Snake Gourd,28.0,1000.0,1500.0,1400.0
2025-03-01 00:00:00+05:30,Gudimalkapur,Gudumalkapur,Ribbed Gourd,302.0,2500.0,3500.0,3000.0
2025-03-01 00:00:00+05:30,Hyderabad,Madannapeta,Donda,8.0,3100.0,3100.0,3100.0
2025-03-01 00:00:00+05:30,Bowenpally,Bowenpally,Snake Gourd,23.0,500.0,1200.0,1000.0
2025-03-01 00:00:00+05:30,Gaddiannaram,L.B Nagar,Drumstick,12.0,4000.0,5000.0,500.0
2025-03-31 00:00:00+05:30,Vantimamidi,Vantimamidi,Ribbed Gourd,28.0,2000.0,3200.0,2600.0
2025-03-30 00:00:00+05:30,Vantimamidi,Vantimamidi,Ribbed Gourd,21.0,2000.0,3000.0,2500.0
2025-03-31 00:00:00+05:30,Hyderabad,Madannapeta,Donda,5.0,1500.0,1500.0,1500.0
2025-03-31 00:00:00+05:30,Gaddiannaram,L.B Nagar,Drumstick,15.0,2000.0,2500.0,2200.0
2025-03-31 00:00:00+05:30,Gudimalkapur,Gudumalkapur,Ribbed Gourd,62.0,1500.0,3500.0,2500.0
2025-03-31 00:00:00+05:30,Bowenpally,Bowenpally,Snake Gourd,34.0,500.0,1500.0,1200.0
2025-03-29 00:00:00+05:30,Gudimalkapur,Gudumalkapur,Ribbed Gourd,130.0,2000.0,3500.0,2500.0
2025-03-29 00:00:00+05:30,Bowenpally,Bowenpally,Snake Gourd,14.0,500.0,1300.0,1000.0
2025-03-29 00:00:00+05:30,Gaddiannaram,L.B Nagar,Drumstick,56.0,2000.0,2500.0,2200.0
2025-03-29 00:00:00+05:30,Hyderabad,Madannapeta,Donda,25.0,1200.0,1800.0,1600.0
2025-03-28 00:00:00+05:30,Vantimamidi,Vantimamidi,Ribbed Gourd,41.0,2500.0,2500.0,2500.0
2025-03-28 00:00:00+05:30,Sadasivpet,Sadasivapet,Tumeric,0.5,10111.0,10111.0,10111.0
2025-03-28 00:00:00+05:30,Gudimalkapur,Gudumalkapur,Ribbed Gourd,77.0,2000.0,3000.0,2500.0
2025-03-28 00:00:00+05:30,Hyderabad,Madannapeta,Donda,34.0,1200.0,1800.0,1600.0
2025-03-28 00:00:00+05:30,Bowenpally,Bowenpally,Snake Gourd,45.0,500.0,1200.0,1000.0
2025-03-27 00:00:00+05:30,Vantimamidi,Vantimamidi,Ribbed Gourd,44.0,2000.0,2000.0,2000.0
2025-03-27 00:00:00+05:30,Gudimalkapur,Gudumalkapur,Ribbed Gourd,180.0,1500.0,3000.0,1200.0
2025-03-28 00:00:00+05:30,Gaddiannaram,L.B Nagar,Drumstick,62.0,2000.0,2500.0,2200.0
2025-03-27 00:00:00+05:30,Hyderabad,Meeralamandi,Donda,2.0,1500.0,2000.0,1750.0
2025-03-27 00:00:00+05:30,Warangal,Warangal,Gingelly,3.1,8201.0,8850.0,8201.0
2025-03-27 00:00:00+05:30,Hyderabad,Madannapeta,Donda,17.0,1500.0,2000.0,1750.0
2025-03-27 00:00:00+05:30,Bowenpally,Bowenpally,Snake Gourd,25.0,500.0,1500.0,1200.0
2025-03-27 00:00:00+05:30,Gaddiannaram,L.B Nagar,Drumstick,41.0,2000.0,2500.0,2200.0
2025-03-26 00:00:00+05:30,Gudimalkapur,Gudumalkapur,Ribbed Gourd,145.0,1200.0,2500.0,1500.0
2025-03-26 00:00:00+05:30,Vantimamidi,Vantimamidi,Ribbed Gourd,27.0,2500.0,2500.0,2500.0
2025-03-26 00:00:00+05:30,Warangal,Warangal,Gingelly,0.51,8053.0,8053.0,8053.0
2025-03-26 00:00:00+05:30,Hyderabad,Madannapeta,Donda,33.0,1400.0,1800.0,1600.0
2025-03-26 00:00:00+05:30,Bowenpally,Bowenpally,Snake Gourd,21.0,500.0,1500.0,1200.0
2025-03-26 00:00:00+05:30,Gaddiannaram,L.B Nagar,Drumstick,26.0,2000.0,2500.0,2200.0
2025-03-25 00:00:00+05:30,Gudimalkapur,Gudumalkapur,Ribbed Gourd,87.0,1500.0,2500.0,2000.0
2025-03-25 00:00:00+05:30,Vantimamidi,Vantimamidi,Ribbed Gourd,190.0,2500.0,2500.0,2500.0
2025-03-25 00:00:00+05:30,Hyderabad,Madannapeta,Donda,13.0,2000.0,2500.0,2250.0
2025-03-24 00:00:00+05:30,Vantimamidi,Vantimamidi,Ribbed Gourd,13.0,3000.0,3000.0,3000.0
2025-03-25 00:00:00+05:30,Bowenpally,Bowenpally,Snake Gourd,11.0,500.0,1500.0,1200.0
2025-03-24 00:00:00+05:30,Sadasivpet,Sadasivapet,Tumeric,6.0,8888.0,8888.0,8888.0
2025-03-24 00:00:00+05:30,Gudimalkapur,Gudumalkapur,Ribbed Gourd,125.0,1000.0,3000.0,2000.0
2025-03-24 00:00:00+05:30,Hyderabad,Meeralamandi,Donda,2.0,2500.0,2500.0,2500.0
2025-03-24 00:00:00+05:30,Warangal,Warangal,Gingelly,2.6,8659.0,8659.0,8659.0
2025-03-24 00:00:00+05:30,Bowenpally,Bowenpally,Snake Gourd,13.0,500.0,1500.0,1200.0
2025-03-24 00:00:00+05:30,Gaddiannaram,L.B Nagar,Drumstick,20.0,1600.0,2000.0,1800.0
2025-03-24 00:00:00+05:30,Hyderabad,Madannapeta,Donda,14.0,2000.0,2500.0,2250.0
2025-03-01 00:00:00+05:30,Gaddiannaram,Gaddiannaram,Apple,384.0,3000.0,11000.0,5000.0
2025-03-01 00:00:00+05:30,Bowenpally,Bowenpally,Bottle Gourd,1067.0,300.0,600.0,500.0
2025-03-01 00:00:00+05:30,Gudimalkapur,Gudumalkapur,Bitter Gourd,102.0,1500.0,3500.0,2500.0
2025-03-01 00:00:00+05:30,Jagtial,Jagtial,Field Beans,3.0,3059.0,5626.0,5625.0
2025-03-02 00:00:00+05:30,Bowenpally,Bowenpally,Bottle Gourd,836.0,200.0,600.0,500.0
2025-03-01 00:00:00+05:30,Vantimamidi,Vantimamidi,Bitter Gourd,28.0,1500.0,2500.0,2000.0
2025-03-02 00:00:00+05:30,Hyderabad,Madannapeta,Capsicum,6.0,2500.0,3000.0,2750.0
2025-03-02 00:00:00+05:30,Gaddiannaram,Gaddiannaram,Apple,708.0,3000.0,11000.0,5000.0
2025-03-02 00:00:00+05:30,Vantimamidi,Vantimamidi,Bitter Gourd,13.0,1500.0,2500.0,2000.0
2025-03-03 00:00:00+05:30,Gaddiannaram,Gaddiannaram,Apple,849.0,3000.0,11000.0,5000.0
2025-03-02 00:00:00+05:30,Gudimalkapur,Gudumalkapur,Bitter Gourd,141.0,2000.0,3000.0,2500.0
2025-03-03 00:00:00+05:30,Bowenpally,Bowenpally,Bottle Gourd,995.0,300.0,600.0,500.0
2025-03-03 00:00:00+05:30,Hyderabad,Madannapeta,Capsicum,5.0,2500.0,2500.0,2500.0
2025-03-03 00:00:00+05:30,Gudimalkapur,Gudumalkapur,Bitter Gourd,97.0,2000.0,3000.0,2500.0
2025-03-03 00:00:00+05:30,Vantimamidi,Vantimamidi,Bitter Gourd,23.0,1500.0,2500.0,2000.0
2025-03-04 00:00:00+05:30,Gaddiannaram,Gaddiannaram,Apple,1026.0,3000.0,11000.0,5000.0
2025-03-03 00:00:00+05:30,Jagtial,Jagtial,Field Beans,3.0,3300.0,5151.0,5151.0
2025-03-04 00:00:00+05:30,Hyderabad,Madannapeta,Capsicum,6.0,2500.0,2500.0,2500.0
2025-03-04 00:00:00+05:30,Bowenpally,Bowenpally,Bottle Gourd,810.0,300.0,600.0,500.0
2025-03-04 00:00:00+05:30,Gudimalkapur,Gudumalkapur,Bitter Gourd,65.0,1500.0,3500.0,2000.0
2025-03-04 00:00:00+05:30,Jagtial,Jagtial,Field Beans,4.0,2559.0,5611.0,5611.0
2025-03-04 00:00:00+05:30,Vantimamidi,Vantimamidi,Bitter Gourd,31.0,1500.0,2500.0,2000.0
2025-03-05 00:00:00+05:30,Gaddiannaram,Gaddiannaram,Apple,374.0,6650.0,20000.0,9300.0
2025-03-05 00:00:00+05:30,Hyderabad,Madannapeta,Capsicum,6.0,2250.0,2250.0,2250.0
2025-03-05 00:00:00+05:30,Bowenpally,Bowenpally,Bottle Gourd,1058.0,300.0,600.0,500.0
2025-03-05 00:00:00+05:30,Gudimalkapur,Gudumalkapur,Bitter Gourd,73.0,1500.0,3000.0,2500.0
2025-03-05 00:00:00+05:30,Vantimamidi,Vantimamidi,Bitter Gourd,37.0,1500.0,2500.0,2000.0
2025-03-06 00:00:00+05:30,Gaddiannaram,Gaddiannaram,Apple,1097.0,3000.0,11000.0,5000.0
2025-03-06 00:00:00+05:30,Bowenpally,Bowenpally,Bottle Gourd,695.0,200.0,600.0,500.0
2025-03-06 00:00:00+05:30,Hyderabad,Madannapeta,Capsicum,6.0,2500.0,3000.0,2750.0
2025-03-06 00:00:00+05:30,Gudimalkapur,Gudumalkapur,Bitter Gourd,112.0,1500.0,3500.0,2700.0
2025-03-07 00:00:00+05:30,Gaddiannaram,Gaddiannaram,Apple,1293.0,3000.0,11000.0,5500.0
2025-03-06 00:00:00+05:30,Vantimamidi,Vantimamidi,Bitter Gourd,37.0,2500.0,2500.0,2500.0
2025-03-07 00:00:00+05:30,Bowenpally,Bowenpally,Bottle Gourd,579.0,300.0,600.0,500.0
2025-03-08 00:00:00+05:30,Gaddiannaram,Gaddiannaram,Apple,766.0,3000.0,11000.0,5000.0
2025-03-08 00:00:00+05:30,Bowenpally,Bowenpally,Bottle Gourd,474.0,200.0,600.0,500.0
2025-03-07 00:00:00+05:30,Sadasivpet,Sadasivapet,Tumeric,1.0,8003.0,8003.0,8003.0
2025-03-07 00:00:00+05:30,Vantimamidi,Vantimamidi,Bitter Gourd,16.0,1000.0,3000.0,2000.0
2025-03-07 00:00:00+05:30,Gudimalkapur,Gudumalkapur,Bitter Gourd,88.0,2000.0,3000.0,2500.0
2025-03-09 00:00:00+05:30,Gaddiannaram,Gaddiannaram,Apple,341.0,6650.0,20000.0,9300.0
2025-03-08 00:00:00+05:30,Gudimalkapur,Gudumalkapur,Bitter Gourd,89.0,2000.0,3000.0,2500.0
2025-03-08 00:00:00+05:30,Vantimamidi,Vantimamidi,Bitter Gourd,7.0,1500.0,2000.0,1750.0
2025-03-09 00:00:00+05:30,Hyderabad,Madannapeta,Capsicum,10.0,1500.0,2500.0,2000.0
2025-03-09 00:00:00+05:30,Bowenpally,Bowenpally,Bottle Gourd,51.0,300.0,600.0,500.0
2025-03-09 00:00:00+05:30,Venkateshwar Nagar,V Nagar,Cucumber,3.0,30.0,30.0,30.0
2025-03-09 00:00:00+05:30,Gudimalkapur,Gudumalkapur,Bitter Gourd,137.0,2000.0,3000.0,2500.0
2025-03-10 00:00:00+05:30,Bowenpally,Bowenpally,Bottle Gourd,1004.0,300.0,800.0,600.0
2025-03-10 00:00:00+05:30,Gaddiannaram,Gaddiannaram,Apple,1935.0,3000.0,11000.0,5000.0
2025-03-10 00:00:00+05:30,Hyderabad,Madannapeta,Capsicum,3.0,2500.0,2500.0,2500.0
2025-03-10 00:00:00+05:30,Warangal,Warangal,Safflower,3.48,4452.0,4452.0,4452.0
2025-03-10 00:00:00+05:30,Jagtial,Jagtial,Field Beans,5.0,3059.0,6175.0,4410.0
2025-03-10 00:00:00+05:30,Gudimalkapur,Gudumalkapur,Bitter Gourd,47.0,2000.0,3000.0,2500.0
2025-03-10 00:00:00+05:30,Vantimamidi,Vantimamidi,Bitter Gourd,12.0,1500.0,2500.0,2000.0
2025-03-11 00:00:00+05:30,Gaddiannaram,Gaddiannaram,Apple,404.0,3000.0,12000.0,5500.0
2025-03-11 00:00:00+05:30,Bowenpally,Bowenpally,Bottle Gourd,672.0,400.0,800.0,700.0
2025-03-11 00:00:00+05:30,Sadasivpet,Sadasivapet,Tumeric,1.0,8181.0,8181.0,8181.0
2025-03-12 00:00:00+05:30,Bowenpally,Bowenpally,Bottle Gourd,779.0,300.0,600.0,500.0
2025-03-12 00:00:00+05:30,Hyderabad,Madannapeta,Capsicum,3.0,2500.0,2500.0,2500.0
2025-03-11 00:00:00+05:30,Gudimalkapur,Gudumalkapur,Bitter Gourd,69.0,1000.0,3500.0,2500.0
2025-03-11 00:00:00+05:30,Vantimamidi,Vantimamidi,Bitter Gourd,18.0,1500.0,2500.0,2000.0
2025-03-12 00:00:00+05:30,Gaddiannaram,Gaddiannaram,Apple,690.0,3000.0,12000.0,5000.0
2025-03-12 00:00:00+05:30,Gudimalkapur,Gudumalkapur,Bitter Gourd,124.0,2000.0,3000.0,2500.0
2025-03-12 00:00:00+05:30,Vantimamidi,Vantimamidi,Bitter Gourd,34.0,1500.0,2500.0,2000.0
2025-03-13 00:00:00+05:30,Gaddiannaram,Gaddiannaram,Apple,1677.0,3000.0,12000.0,5000.0
2025-03-13 00:00:00+05:30,Bowenpally,Bowenpally,Bottle Gourd,774.0,300.0,800.0,600.0
2025-03-13 00:00:00+05:30,Hyderabad,Madannapeta,Capsicum,3.0,3000.0,3000.0,3000.0
2025-03-14 00:00:00+05:30,Gaddiannaram,Gaddiannaram,Apple,306.0,6650.0,20000.0,9300.0
2025-03-13 00:00:00+05:30,Vantimamidi,Vantimamidi,Bitter Gourd,39.0,1000.0,2500.0,1750.0
2025-03-13 00:00:00+05:30,Gudimalkapur,Gudumalkapur,Bitter Gourd,78.0,2000.0,3000.0,2500.0
2025-03-13 00:00:00+05:30,Jagtial,Jagtial,Field Beans,1.0,4500.0,4500.0,4500.0
2025-03-14 00:00:00+05:30,Hyderabad,Madannapeta,Capsicum,3.0,2500.0,2500.0,2500.0
2025-03-14 00:00:00+05:30,Bowenpally,Bowenpally,Bottle Gourd,614.0,300.0,800.0,700.0
2025-03-14 00:00:00+05:30,Vantimamidi,Vantimamidi,Bitter Gourd,16.0,2000.0,2500.0,2250.0
2025-03-15 00:00:00+05:30,Gaddiannaram,Gaddiannaram,Apple,582.0,6650.0,20000.0,9300.0
2025-03-14 00:00:00+05:30,Gudimalkapur,Gudumalkapur,Bitter Gourd,75.0,1500.0,3000.0,2500.0
2025-03-15 00:00:00+05:30,Bowenpally,Bowenpally,Bottle Gourd,804.0,200.0,800.0,600.0
2025-03-15 00:00:00+05:30,Hyderabad,Madannapeta,Capsicum,5.0,4000.0,4000.0,4000.0
2025-03-15 00:00:00+05:30,Sadasivpet,Sadasivapet,Tumeric,4.0,8118.0,8118.0,8118.0
2025-03-16 00:00:00+05:30,Hyderabad,Meeralamandi,Green Mangos,49.0,1000.0,1500.0,1250.0
2025-03-16 00:00:00+05:30,Gaddiannaram,Gaddiannaram,Apple,138.0,6650.0,20000.0,9300.0
2025-03-16 00:00:00+05:30,Bowenpally,Bowenpally,Bottle Gourd,655.0,200.0,600.0,500.0
2025-03-15 00:00:00+05:30,Vantimamidi,Vantimamidi,Bitter Gourd,17.0,1500.0,2500.0,2000.0
2025-03-15 00:00:00+05:30,Gudimalkapur,Gudumalkapur,Bitter Gourd,127.0,2000.0,3000.0,2500.0
2025-03-17 00:00:00+05:30,Bowenpally,Bowenpally,Bottle Gourd,1073.0,200.0,600.0,500.0
2025-03-16 00:00:00+05:30,Vantimamidi,Vantimamidi,Bitter Gourd,24.0,1500.0,2500.0,2000.0
2025-03-16 00:00:00+05:30,Gudimalkapur,Gudumalkapur,Bitter Gourd,50.0,2000.0,3000.0,2500.0
2025-03-17 00:00:00+05:30,Gaddiannaram,Gaddiannaram,Apple,1015.0,6650.0,20000.0,9300.0
2025-03-17 00:00:00+05:30,Hyderabad,Meeralamandi,Green Mangos,82.0,1100.0,1800.0,1450.0
2025-03-17 00:00:00+05:30,Sadasivpet,Sadasivapet,Tumeric,3.0,8181.0,8181.0,8181.0
2025-03-18 00:00:00+05:30,Bowenpally,Bowenpally,Bottle Gourd,1060.0,200.0,600.0,500.0
2025-03-18 00:00:00+05:30,Hyderabad,Meeralamandi,Green Mangos,80.0,1000.0,1500.0,1250.0
2025-03-17 00:00:00+05:30,Gudimalkapur,Gudumalkapur,Bitter Gourd,70.0,1200.0,3000.0,2300.0
2025-03-17 00:00:00+05:30,Vantimamidi,Vantimamidi,Bitter Gourd,28.0,1500.0,2500.0,2000.0
2025-03-18 00:00:00+05:30,Gaddiannaram,Gaddiannaram,Apple,277.0,4000.0,11000.0,6000.0
2025-03-18 00:00:00+05:30,Gudimalkapur,Gudumalkapur,Bitter Gourd,106.0,2000.0,3500.0,2500.0
2025-03-18 00:00:00+05:30,Jagtial,Jagtial,Field Beans,1.0,4059.0,4059.0,4059.0
2025-03-19 00:00:00+05:30,Bowenpally,Bowenpally,Bottle Gourd,1249.0,200.0,600.0,500.0
2025-03-18 00:00:00+05:30,Vantimamidi,Vantimamidi,Bitter Gourd,61.0,1500.0,2400.0,1950.0
2025-03-19 00:00:00+05:30,Gaddiannaram,Gaddiannaram,Apple,285.0,6650.0,20000.0,9300.0
2025-03-19 00:00:00+05:30,Hyderabad,Meeralamandi,Green Mangos,25.0,1800.0,2000.0,1900.0
2025-03-19 00:00:00+05:30,Sadasivpet,Sadasivapet,Tumeric,1.0,8181.0,8181.0,8181.0
2025-03-19 00:00:00+05:30,Gudimalkapur,Gudumalkapur,Bitter Gourd,101.0,2000.0,3000.0,2500.0
2025-03-19 00:00:00+05:30,Vantimamidi,Vantimamidi,Bitter Gourd,31.0,1500.0,2500.0,2000.0
2025-03-20 00:00:00+05:30,Gaddiannaram,Gaddiannaram,Apple,1150.0,6650.0,20000.0,10000.0
2025-03-20 00:00:00+05:30,Bowenpally,Bowenpally,Bottle Gourd,950.0,200.0,600.0,500.0
2025-03-20 00:00:00+05:30,Hyderabad,Madannapeta,Capsicum,2.0,4000.0,4000.0,4000.0
2025-03-20 00:00:00+05:30,Hyderabad,Meeralamandi,Green Mangos,97.0,800.0,1200.0,1000.0
2025-03-20 00:00:00+05:30,Jagtial,Jagtial,Field Beans,1.0,5555.0,5555.0,5555.0
2025-03-21 00:00:00+05:30,Gaddiannaram,Gaddiannaram,Apple,784.0,6650.0,20000.0,10000.0
2025-03-20 00:00:00+05:30,Vantimamidi,Vantimamidi,Bitter Gourd,25.0,1500.0,2500.0,2000.0
2025-03-20 00:00:00+05:30,Gudimalkapur,Gudumalkapur,Bitter Gourd,120.0,1500.0,3100.0,2500.0
2025-03-21 00:00:00+05:30,Bowenpally,Bowenpally,Bottle Gourd,714.0,400.0,600.0,550.0
2025-03-21 00:00:00+05:30,Hyderabad,Meeralamandi,Green Mangos,89.0,800.0,1500.0,1150.0
2025-03-21 00:00:00+05:30,Gudimalkapur,Gudumalkapur,Bitter Gourd,98.0,1200.0,3000.0,1800.0
2025-03-21 00:00:00+05:30,Jagtial,Jagtial,Field Beans,1.0,4059.0,4059.0,4059.0
2025-03-22 00:00:00+05:30,Bowenpally,Bowenpally,Bottle Gourd,746.0,200.0,600.0,500.0
2025-03-21 00:00:00+05:30,Vantimamidi,Vantimamidi,Bitter Gourd,34.0,1500.0,2500.0,2000.0
2025-03-22 00:00:00+05:30,Gaddiannaram,Gaddiannaram,Apple,315.0,6650.0,20000.0,10000.0
2025-03-22 00:00:00+05:30,Hyderabad,Meeralamandi,Green Mangos,103.0,1000.0,1200.0,1100.0
2025-03-22 00:00:00+05:30,Sadasivpet,Sadasivapet,Tumeric,2.0,9009.0,9009.0,9009.0
2025-03-23 00:00:00+05:30,Gaddiannaram,Gaddiannaram,Apple,483.0,6650.0,20000.0,10000.0
2025-03-22 00:00:00+05:30,Vantimamidi,Vantimamidi,Bitter Gourd,36.0,1200.0,2800.0,2000.0
2025-03-22 00:00:00+05:30,Gudimalkapur,Gudumalkapur,Bitter Gourd,93.0,1500.0,2500.0,2000.0
2025-03-23 00:00:00+05:30,Hyderabad,Meeralamandi,Green Mangos,129.0,800.0,1000.0,900.0
2025-03-23 00:00:00+05:30,Bowenpally,Bowenpally,Bottle Gourd,771.0,200.0,600.0,500.0
2025-03-23 00:00:00+05:30,Vantimamidi,Vantimamidi,Bitter Gourd,38.0,1500.0,2500.0,2000.0
2025-03-23 00:00:00+05:30,Gudimalkapur,Gudumalkapur,Bitter Gourd,68.0,2000.0,2500.0,2200.0
2025-03-24 00:00:00+05:30,Gaddiannaram,Gaddiannaram,Apple,1072.0,4000.0,14000.0,7000.0
2025-03-24 00:00:00+05:30,Bowenpally,Bowenpally,Bottle Gourd,715.0,300.0,600.0,500.0
2025-03-24 00:00:00+05:30,Hyderabad,Meeralamandi,Green Mangos,135.0,800.0,1200.0,1000.0
2025-03-24 00:00:00+05:30,Gudimalkapur,Gudumalkapur,Bitter Gourd,59.0,1500.0,3000.0,2000.0
2025-03-24 00:00:00+05:30,Sadasivpet,Sadasivapet,Tumeric,2.0,9099.0,9099.0,9099.0
2025-03-25 00:00:00+05:30,Bowenpally,Bowenpally,Bottle Gourd,628.0,200.0,600.0,500.0
2025-03-24 00:00:00+05:30,Vantimamidi,Vantimamidi,Bitter Gourd,54.0,1200.0,2800.0,2000.0
2025-03-25 00:00:00+05:30,Gaddiannaram,Gaddiannaram,Apple,211.0,6650.0,20000.0,10000.0
2025-03-25 00:00:00+05:30,Hyderabad,Meeralamandi,Green Mangos,106.0,600.0,1000.0,800.0
2025-03-25 00:00:00+05:30,Vantimamidi,Vantimamidi,Bitter Gourd,35.0,1000.0,2600.0,1800.0
2025-03-25 00:00:00+05:30,Gudimalkapur,Gudumalkapur,Bitter Gourd,145.0,1500.0,2500.0,2000.0
2025-03-25 00:00:00+05:30,Jagtial,Jagtial,Field Beans,1.0,4089.0,4089.0,4089.0
2025-03-26 00:00:00+05:30,Gaddiannaram,Gaddiannaram,Apple,550.0,6650.0,20000.0,10000.0
2025-03-26 00:00:00+05:30,Bowenpally,Bowenpally,Bottle Gourd,550.0,200.0,600.0,500.0
2025-03-26 00:00:00+05:30,Hyderabad,Madannapeta,Capsicum,11.0,1500.0,3000.0,2000.0
2025-03-26 00:00:00+05:30,Hyderabad,Meeralamandi,Green Mangos,122.0,400.0,1000.0,700.0
2025-03-26 00:00:00+05:30,Jagtial,Jagtial,Field Beans,2.0,4300.0,4300.0,4300.0
2025-03-26 00:00:00+05:30,Vantimamidi,Vantimamidi,Bitter Gourd,41.0,1000.0,2500.0,1750.0
2025-03-26 00:00:00+05:30,Gudimalkapur,Gudumalkapur,Bitter Gourd,115.0,1000.0,2500.0,2000.0
2025-03-27 00:00:00+05:30,Gaddiannaram,Gaddiannaram,Apple,1624.0,5000.0,10000.0,7000.0
2025-03-27 00:00:00+05:30,Bowenpally,Bowenpally,Bottle Gourd,662.0,200.0,600.0,500.0
2025-03-27 00:00:00+05:30,Warangal,Warangal,Safflower,0.7,4259.0,4259.0,4259.0
2025-03-27 00:00:00+05:30,Hyderabad,Meeralamandi,Green Mangos,55.0,600.0,1500.0,1050.0
2025-03-27 00:00:00+05:30,Jagtial,Jagtial,Field Beans,3.0,4896.0,4896.0,4896.0
2025-03-28 00:00:00+05:30,Gaddiannaram,Gaddiannaram,Apple,691.0,9300.0,6650.0,20000.0
2025-03-27 00:00:00+05:30,Gudimalkapur,Gudumalkapur,Bitter Gourd,94.0,2000.0,2500.0,2000.0
2025-03-27 00:00:00+05:30,Vantimamidi,Vantimamidi,Bitter Gourd,42.0,1500.0,2500.0,2000.0
2025-03-28 00:00:00+05:30,Bowenpally,Bowenpally,Bottle Gourd,544.0,200.0,600.0,500.0
2025-03-28 00:00:00+05:30,Hyderabad,Madannapeta,Capsicum,12.0,3000.0,3000.0,3000.0
2025-03-28 00:00:00+05:30,Hyderabad,Meeralamandi,Green Mangos,100.0,600.0,1000.0,800.0
2025-03-28 00:00:00+05:30,Gudimalkapur,Gudumalkapur,Bitter Gourd,52.0,2000.0,2500.0,2000.0
2025-03-28 00:00:00+05:30,Sadasivpet,Sadasivapet,Tumeric,0.5,10404.0,10404.0,10404.0
2025-03-28 00:00:00+05:30,Vantimamidi,Vantimamidi,Bitter Gourd,58.0,1000.0,1500.0,1250.0
2025-03-29 00:00:00+05:30,Gaddiannaram,Gaddiannaram,Apple,180.0,6650.0,20000.0,9300.0
2025-03-28 00:00:00+05:30,Jagtial,Jagtial,Field Beans,2.0,4460.0,4460.0,4460.0
2025-03-29 00:00:00+05:30,Hyderabad,Madannapeta,Capsicum,4.0,3000.0,3000.0,3000.0
2025-03-29 00:00:00+05:30,Bowenpally,Bowenpally,Bottle Gourd,922.0,200.0,600.0,500.0
2025-03-29 00:00:00+05:30,Gudimalkapur,Gudumalkapur,Bitter Gourd,52.0,2000.0,2500.0,2000.0
2025-03-29 00:00:00+05:30,Hyderabad,Meeralamandi,Green Mangos,145.0,1000.0,1500.0,1250.0
2025-03-31 00:00:00+05:30,Bowenpally,Bowenpally,Bottle Gourd,481.0,200.0,600.0,500.0
2025-03-30 00:00:00+05:30,Gaddiannaram,Gaddiannaram,Apple,200.0,5000.0,10000.0,7000.0
2025-03-31 00:00:00+05:30,Gudimalkapur,Gudumalkapur,Bitter Gourd,7.0,2500.0,3500.0,3000.0
2025-03-30 00:00:00+05:30,Vantimamidi,Vantimamidi,Bitter Gourd,16.0,1200.0,1800.0,1500.0
2025-03-31 00:00:00+05:30,Vantimamidi,Vantimamidi,Bitter Gourd,41.0,1000.0,2000.0,1500.0
2025-03-24 00:00:00+05:30,Gaddiannaram,Gaddiannaram,Nashpati(Pear),1.0,10000.0,25000.0,12000.0
2025-03-23 00:00:00+05:30,Gudimalkapur,Gudumalkapur,Kheera,468.0,800.0,1500.0,1000.0
2025-03-23 00:00:00+05:30,Bowenpally,Bowenpally,Ribbed Gourd,556.0,800.0,1300.0,1200.0
2025-03-23 00:00:00+05:30,Jainath,Jainath,Papaya,320.0,550.0,625.0,587.0
2025-03-22 00:00:00+05:30,Khammam,Khammam,Tomato,260.0,700.0,1000.0,700.0
2025-03-22 00:00:00+05:30,Gudimalkapur,Gudumalkapur,Kheera,443.0,400.0,1000.0,600.0
2025-03-23 00:00:00+05:30,Gaddiannaram,Gaddiannaram,Nashpati(Pear),29.0,10000.0,25000.0,12000.0
2025-03-23 00:00:00+05:30,Gaddiannaram,L.B Nagar,Donda,90.0,2000.0,2500.0,2200.0
2025-03-22 00:00:00+05:30,Jainath,Jainath,Papaya,240.0,550.0,625.0,587.0
2025-03-22 00:00:00+05:30,Gaddiannaram,L.B Nagar,Donda,92.0,2000.0,2500.0,2200.0
2025-03-22 00:00:00+05:30,Gaddiannaram,Gaddiannaram,Nashpati(Pear),2.0,10000.0,25000.0,12000.0
2025-03-22 00:00:00+05:30,Bowenpally,Bowenpally,Ribbed Gourd,607.0,1500.0,3300.0,2800.0
2025-03-21 00:00:00+05:30,Gudimalkapur,Gudumalkapur,Kheera,352.0,800.0,1500.0,1100.0
2025-03-21 00:00:00+05:30,Jainath,Jainath,Papaya,320.0,550.0,625.0,587.0
2025-03-21 00:00:00+05:30,Warangal,Warangal,Chillies(Dry),7467.0,10000.0,13200.0,12000.0
2025-03-21 00:00:00+05:30,Bowenpally,Bowenpally,Ribbed Gourd,729.0,800.0,1700.0,1400.0
2025-03-20 00:00:00+05:30,Gudimalkapur,Gudumalkapur,Kheera,427.0,200.0,1000.0,600.0
2025-03-21 00:00:00+05:30,Gaddiannaram,Gaddiannaram,Nashpati(Pear),2.0,10000.0,25000.0,12000.0
2025-03-21 00:00:00+05:30,Gaddiannaram,L.B Nagar,Donda,75.0,2000.0,2500.0,2200.0
2025-03-20 00:00:00+05:30,Choppadandi,Choppadandi,Field Beans,1.0,5702.0,5702.0,5702.0
2025-03-20 00:00:00+05:30,Warangal,Warangal,Chillies(Dry),11025.0,10000.0,12700.0,11500.0
2025-03-20 00:00:00+05:30,Bowenpally,Bowenpally,Ribbed Gourd,502.0,800.0,2000.0,1600.0
2025-03-20 00:00:00+05:30,Gaddiannaram,L.B Nagar,Donda,66.0,2000.0,2500.0,2200.0
2025-03-20 00:00:00+05:30,Gaddiannaram,Gaddiannaram,Nashpati(Pear),2.0,10000.0,25000.0,12000.0
2025-03-19 00:00:00+05:30,Gudimalkapur,Gudumalkapur,Kheera,444.0,800.0,1500.0,1000.0
2025-03-19 00:00:00+05:30,Warangal,Warangal,Chillies(Dry),9551.0,10000.0,13100.0,12000.0
2025-03-19 00:00:00+05:30,Gaddiannaram,L.B Nagar,Donda,80.0,2000.0,2500.0,2200.0
2025-03-19 00:00:00+05:30,Bowenpally,Bowenpally,Ribbed Gourd,836.0,1000.0,2000.0,1700.0
2025-03-18 00:00:00+05:30,Choppadandi,Choppadandi,Field Beans,1.0,4849.0,4849.0,4849.0
2025-03-18 00:00:00+05:30,Gudimalkapur,Gudumalkapur,Kheera,404.0,800.0,1500.0,1000.0
2025-03-18 00:00:00+05:30,Warangal,Warangal,Chillies(Dry),5527.0,10000.0,13650.0,12000.0
2025-03-18 00:00:00+05:30,Gaddiannaram,L.B Nagar,Donda,90.0,2000.0,2500.0,2200.0
2025-03-17 00:00:00+05:30,Gudimalkapur,Gudumalkapur,Kheera,224.0,1000.0,1500.0,1200.0
2025-03-18 00:00:00+05:30,Bowenpally,Bowenpally,Ribbed Gourd,562.0,1000.0,2500.0,2000.0
2025-03-17 00:00:00+05:30,Choppadandi,Choppadandi,Field Beans,1.0,5858.0,5858.0,5858.0
2025-03-17 00:00:00+05:30,Jagtial,Jagtial,Lobha,1.0,6089.0,6089.0,6089.0
2025-03-17 00:00:00+05:30,Warangal,Warangal,Chillies(Dry),4041.0,1000.0,13500.0,12000.0
2025-03-17 00:00:00+05:30,Gaddiannaram,L.B Nagar,Donda,103.0,2000.0,2500.0,2200.0
2025-03-16 00:00:00+05:30,Gudimalkapur,Gudumalkapur,Kheera,330.0,800.0,1500.0,1200.0
2025-03-17 00:00:00+05:30,Bowenpally,Bowenpally,Ribbed Gourd,1049.0,1500.0,3300.0,2800.0
2025-03-15 00:00:00+05:30,Gudimalkapur,Gudumalkapur,Kheera,625.0,600.0,1000.0,800.0
2025-03-16 00:00:00+05:30,Bowenpally,Bowenpally,Ribbed Gourd,644.0,800.0,1500.0,1300.0
2025-03-16 00:00:00+05:30,Gaddiannaram,L.B Nagar,Donda,99.0,2500.0,3500.0,3000.0
2025-03-15 00:00:00+05:30,Jainath,Jainath,Papaya,160.0,550.0,625.0,587.0
2025-03-15 00:00:00+05:30,Choppadandi,Choppadandi,Field Beans,1.0,4336.0,4336.0,4336.0
2025-03-15 00:00:00+05:30,Bowenpally,Bowenpally,Ribbed Gourd,1035.0,1000.0,1700.0,1400.0
2025-03-14 00:00:00+05:30,Gudimalkapur,Gudumalkapur,Kheera,260.0,1000.0,1400.0,1200.0
2025-03-15 00:00:00+05:30,Gaddiannaram,L.B Nagar,Donda,101.0,2500.0,3500.0,3000.0
2025-03-14 00:00:00+05:30,Bowenpally,Bowenpally,Ribbed Gourd,350.0,600.0,4000.0,3000.0
2025-03-14 00:00:00+05:30,Jainath,Jainath,Papaya,320.0,550.0,625.0,587.0
2025-03-13 00:00:00+05:30,Jainath,Jainath,Papaya,320.0,550.0,625.0,587.0
2025-03-13 00:00:00+05:30,Gudimalkapur,Gudumalkapur,Kheera,439.0,800.0,1200.0,1000.0
2025-03-14 00:00:00+05:30,Gaddiannaram,L.B Nagar,Donda,56.0,2500.0,3500.0,3000.0
2025-03-13 00:00:00+05:30,Bowenpally,Bowenpally,Ribbed Gourd,811.0,800.0,2000.0,1600.0
2025-03-13 00:00:00+05:30,Gaddiannaram,L.B Nagar,Donda,60.0,3000.0,3500.0,3200.0
2025-03-12 00:00:00+05:30,Gudimalkapur,Gudumalkapur,Kheera,308.0,600.0,1500.0,1200.0
2025-03-12 00:00:00+05:30,Warangal,Warangal,Chillies(Dry),8845.0,10500.0,13400.0,12000.0
2025-03-11 00:00:00+05:30,Gudimalkapur,Gudumalkapur,Kheera,405.0,600.0,1200.0,1000.0
2025-03-12 00:00:00+05:30,Gaddiannaram,L.B Nagar,Donda,72.0,3000.0,3500.0,3200.0
2025-03-12 00:00:00+05:30,Bowenpally,Bowenpally,Ribbed Gourd,642.0,800.0,3000.0,2400.0
2025-03-11 00:00:00+05:30,Choppadandi,Choppadandi,Field Beans,2.0,4122.0,6952.0,6952.0
2025-03-11 00:00:00+05:30,Warangal,Warangal,Chillies(Dry),9618.0,10000.0,13500.0,12500.0
2025-03-11 00:00:00+05:30,Bowenpally,Bowenpally,Ribbed Gourd,459.0,3000.0,5000.0,4500.0
2025-03-11 00:00:00+05:30,Gaddiannaram,L.B Nagar,Donda,62.0,3000.0,3500.0,3200.0
2025-03-11 00:00:00+05:30,Gaddiannaram,Gaddiannaram,Nashpati(Pear),30.0,6000.0,25000.0,12000.0
2025-03-10 00:00:00+05:30,Gudimalkapur,Gudumalkapur,Kheera,251.0,600.0,1500.0,800.0
2025-03-10 00:00:00+05:30,Jagtial,Jagtial,Lobha,1.0,6089.0,6089.0,6089.0
2025-03-10 00:00:00+05:30,Warangal,Warangal,Chillies(Dry),12464.0,10000.0,13600.0,12500.0
2025-03-10 00:00:00+05:30,Gaddiannaram,L.B Nagar,Donda,65.0,3000.0,3500.0,3200.0
2025-03-10 00:00:00+05:30,Bowenpally,Bowenpally,Ribbed Gourd,420.0,800.0,1500.0,1300.0
2025-03-09 00:00:00+05:30,Gudimalkapur,Gudumalkapur,Kheera,465.0,600.0,1500.0,1000.0
2025-03-09 00:00:00+05:30,Venkateshwar Nagar,V Nagar,Donda,3.0,20.0,20.0,20.0
2025-03-09 00:00:00+05:30,Bowenpally,Bowenpally,Ribbed Gourd,541.0,800.0,1500.0,1300.0
2025-03-08 00:00:00+05:30,Gudimalkapur,Gudumalkapur,Kheera,380.0,600.0,1500.0,1000.0
2025-03-09 00:00:00+05:30,Gaddiannaram,L.B Nagar,Donda,85.0,3000.0,4000.0,3500.0
2025-03-07 00:00:00+05:30,Gudimalkapur,Gudumalkapur,Kheera,316.0,600.0,1500.0,1000.0
2025-03-08 00:00:00+05:30,Bowenpally,Bowenpally,Ribbed Gourd,408.0,1500.0,3000.0,2500.0
2025-03-08 00:00:00+05:30,Gaddiannaram,L.B Nagar,Donda,74.0,3000.0,4000.0,3500.0
2025-03-08 00:00:00+05:30,Jagtial,Jagtial,Lobha,1.0,7889.0,7889.0,7889.0
2025-03-08 00:00:00+05:30,Choppadandi,Choppadandi,Field Beans,1.0,5911.0,5911.0,5911.0
2025-03-07 00:00:00+05:30,Bowenpally,Bowenpally,Ribbed Gourd,492.0,800.0,1500.0,1300.0
2025-03-07 00:00:00+05:30,Warangal,Warangal,Chillies(Dry),8858.0,11000.0,14100.0,13000.0
2025-03-07 00:00:00+05:30,Jainath,Jainath,Papaya,160.0,550.0,625.0,587.0
2025-03-07 00:00:00+05:30,Gaddiannaram,L.B Nagar,Donda,60.0,3000.0,4000.0,3500.0
2025-03-06 00:00:00+05:30,Gudimalkapur,Gudumalkapur,Kheera,495.0,1000.0,1400.0,1200.0
2025-03-06 00:00:00+05:30,Choppadandi,Choppadandi,Field Beans,1.0,3838.0,3838.0,3838.0
2025-03-06 00:00:00+05:30,Gaddiannaram,L.B Nagar,Donda,40.0,3000.0,4000.0,3500.0
2025-03-06 00:00:00+05:30,Warangal,Warangal,Chillies(Dry),11405.0,11500.0,141500.0,13000.0
2025-03-06 00:00:00+05:30,Bowenpally,Bowenpally,Ribbed Gourd,783.0,1000.0,1500.0,1300.0
2025-03-05 00:00:00+05:30,Gudimalkapur,Gudumalkapur,Kheera,373.0,500.0,1500.0,1000.0
2025-03-05 00:00:00+05:30,Jainath,Jainath,Papaya,160.0,550.0,625.0,587.0
2025-03-05 00:00:00+05:30,Bowenpally,Bowenpally,Ribbed Gourd,725.0,800.0,1500.0,1300.0
2025-03-05 00:00:00+05:30,Warangal,Warangal,Chillies(Dry),12926.0,11500.0,14000.0,13000.0
2025-03-05 00:00:00+05:30,Gaddiannaram,Gaddiannaram,Nashpati(Pear),3.0,6000.0,25000.0,1200.0
2025-03-05 00:00:00+05:30,Gaddiannaram,L.B Nagar,Donda,55.0,3000.0,4000.0,3500.0
2025-03-04 00:00:00+05:30,Gudimalkapur,Gudumalkapur,Kheera,576.0,800.0,1200.0,1000.0
2025-03-04 00:00:00+05:30,Bowenpally,Bowenpally,Ribbed Gourd,561.0,800.0,1600.0,1300.0
2025-03-04 00:00:00+05:30,Warangal,Warangal,Chillies(Dry),6631.0,11000.0,14200.0,13500.0
2025-03-04 00:00:00+05:30,Gaddiannaram,L.B Nagar,Donda,42.0,2000.0,3000.0,2500.0
2025-03-03 00:00:00+05:30,Gudimalkapur,Gudumalkapur,Kheera,502.0,600.0,2000.0,1200.0
2025-03-03 00:00:00+05:30,Warangal,Warangal,Chillies(Dry),7564.0,10500.0,13800.0,12000.0
2025-03-03 00:00:00+05:30,Bowenpally,Bowenpally,Ribbed Gourd,672.0,800.0,1500.0,1300.0
2025-03-03 00:00:00+05:30,Gaddiannaram,L.B Nagar,Donda,40.0,2000.0,3000.0,2500.0
2025-03-02 00:00:00+05:30,Gudimalkapur,Gudumalkapur,Kheera,576.0,800.0,1400.0,1200.0
2025-03-03 00:00:00+05:30,Gaddiannaram,Gaddiannaram,Nashpati(Pear),9.0,6000.0,25000.0,12000.0
2025-03-02 00:00:00+05:30,Gaddiannaram,L.B Nagar,Donda,54.0,2000.0,3000.0,2500.0
2025-03-02 00:00:00+05:30,Bowenpally,Bowenpally,Ribbed Gourd,674.0,1000.0,1500.0,1300.0
2025-03-01 00:00:00+05:30,Choppadandi,Choppadandi,Field Beans,1.0,4802.0,4802.0,4802.0
2025-03-01 00:00:00+05:30,Gudimalkapur,Gudumalkapur,Kheera,505.0,800.0,1400.0,1000.0
2025-03-01 00:00:00+05:30,Bowenpally,Bowenpally,Ribbed Gourd,742.0,800.0,1500.0,1300.0
2025-03-01 00:00:00+05:30,Gaddiannaram,Gaddiannaram,Nashpati(Pear),7.0,6000.0,25000.0,12000.0
2025-03-01 00:00:00+05:30,Gaddiannaram,L.B Nagar,Donda,72.0,2000.0,3000.0,2500.0
2025-03-31 00:00:00+05:30,Gaddiannaram,L.B Nagar,Donda,35.0,1500.0,2500.0,2000.0
2025-03-31 00:00:00+05:30,Gudimalkapur,Gudumalkapur,Kheera,178.0,1000.0,1500.0,1200.0
2025-03-31 00:00:00+05:30,Bowenpally,Bowenpally,Ribbed Gourd,511.0,1000.0,2000.0,1700.0
2025-03-29 00:00:00+05:30,Gudimalkapur,Gudumalkapur,Kheera,267.0,600.0,1000.0,800.0
2025-03-29 00:00:00+05:30,Bowenpally,Bowenpally,Ribbed Gourd,738.0,700.0,1500.0,1200.0
2025-03-29 00:00:00+05:30,Gaddiannaram,L.B Nagar,Donda,98.0,1500.0,2000.0,1700.0
2025-03-28 00:00:00+05:30,Jainath,Jainath,Papaya,160.0,550.0,625.0,587.0
2025-03-28 00:00:00+05:30,Gudimalkapur,Gudumalkapur,Kheera,433.0,400.0,1000.0,600.0
2025-03-28 00:00:00+05:30,Bowenpally,Bowenpally,Ribbed Gourd,425.0,500.0,1500.0,1200.0
2025-03-27 00:00:00+05:30,Gudimalkapur,Gudumalkapur,Kheera,416.0,600.0,1200.0,800.0
2025-03-28 00:00:00+05:30,Gaddiannaram,Gaddiannaram,Nashpati(Pear),2.0,10000.0,25000.0,12000.0
2025-03-28 00:00:00+05:30,Gaddiannaram,L.B Nagar,Donda,65.0,1500.0,2000.0,1700.0
2025-03-27 00:00:00+05:30,Jainath,Jainath,Papaya,160.0,550.0,625.0,587.0
2025-03-27 00:00:00+05:30,Warangal,Warangal,Chillies(Dry),6311.0,10000.0,13000.0,12000.0
2025-03-27 00:00:00+05:30,Bowenpally,Bowenpally,Ribbed Gourd,529.0,500.0,1700.0,1300.0
2025-03-27 00:00:00+05:30,Gaddiannaram,Gaddiannaram,Nashpati(Pear),36.0,10000.0,25000.0,12000.0
2025-03-27 00:00:00+05:30,Gaddiannaram,L.B Nagar,Donda,100.0,1800.0,2200.0,2000.0
2025-03-26 00:00:00+05:30,Gudimalkapur,Gudumalkapur,Kheera,543.0,600.0,1200.0,900.0
2025-03-26 00:00:00+05:30,Jainath,Jainath,Papaya,960.0,550.0,625.0,587.0
2025-03-26 00:00:00+05:30,Warangal,Warangal,Chillies(Dry),6386.0,9500.0,12800.0,11500.0
2025-03-26 00:00:00+05:30,Bowenpally,Bowenpally,Ribbed Gourd,442.0,500.0,1500.0,1200.0
2025-03-26 00:00:00+05:30,Gaddiannaram,Gaddiannaram,Nashpati(Pear),5.0,10000.0,25000.0,12000.0
2025-03-26 00:00:00+05:30,Gaddiannaram,L.B Nagar,Donda,85.0,2000.0,2500.0,2200.0
2025-03-25 00:00:00+05:30,Choppadandi,Choppadandi,Field Beans,1.0,3636.0,3636.0,3636.0
2025-03-25 00:00:00+05:30,Gudimalkapur,Gudumalkapur,Kheera,444.0,800.0,1200.0,1000.0
2025-03-25 00:00:00+05:30,Gaddiannaram,L.B Nagar,Donda,57.0,2000.0,2500.0,2200.0
2025-03-25 00:00:00+05:30,Warangal,Warangal,Chillies(Dry),7167.0,9500.0,12700.0,11500.0
2025-03-25 00:00:00+05:30,Gaddiannaram,Gaddiannaram,Nashpati(Pear),5.0,10000.0,25000.0,12000.0
2025-03-25 00:00:00+05:30,Bowenpally,Bowenpally,Ribbed Gourd,642.0,800.0,1600.0,1400.0
2025-03-24 00:00:00+05:30,Gudimalkapur,Gudumalkapur,Kheera,437.0,800.0,1200.0,1000.0
2025-03-24 00:00:00+05:30,Jainath,Jainath,Papaya,320.0,550.0,625.0,587.0
2025-03-24 00:00:00+05:30,Warangal,Warangal,Chillies(Dry),9144.0,10000.0,13000.0,12000.0
2025-03-24 00:00:00+05:30,Bowenpally,Bowenpally,Ribbed Gourd,404.0,800.0,1200.0,1100.0
2025-03-24 00:00:00+05:30,Gaddiannaram,L.B Nagar,Donda,96.0,2000.0,2500.0,2200.0
2025-03-01 00:00:00+05:30,Gaddiannaram,L.B Nagar,Arati-Green Plantain,15.0,2000.0,3000.0,2500.0
2025-03-01 00:00:00+05:30,Bowenpally,Bowenpally,Bitter Gourd,1087.0,500.0,3000.0,2000.0
2025-03-01 00:00:00+05:30,Gudimalkapur,Gudumalkapur,Pumpkin,41.0,800.0,1000.0,900.0
2025-03-02 00:00:00+05:30,Bowenpally,Bowenpally,Bitter Gourd,653.0,1000.0,3000.0,2300.0
2025-03-02 00:00:00+05:30,Gaddiannaram,L.B Nagar,Arati-Green Plantain,15.0,2000.0,3000.0,2500.0
2025-03-01 00:00:00+05:30,Vantimamidi,Vantimamidi,Kheera,187.0,500.0,500.0,500.0
2025-03-03 00:00:00+05:30,Gaddiannaram,Gaddiannaram,Plum(Aloobukara),8.0,7100.0,14250.0,8550.0
2025-03-02 00:00:00+05:30,Vantimamidi,Vantimamidi,Kheera,156.0,500.0,1000.0,750.0
2025-03-02 00:00:00+05:30,Gudimalkapur,Gudumalkapur,Pumpkin,53.0,600.0,800.0,700.0
2025-03-03 00:00:00+05:30,Gaddiannaram,L.B Nagar,Arati-Green Plantain,16.0,2000.0,3000.0,2500.0
2025-03-03 00:00:00+05:30,Bowenpally,Bowenpally,Bitter Gourd,445.0,500.0,2700.0,1800.0
2025-03-03 00:00:00+05:30,Warangal,Warangal,Chillies(Dry),2126.0,13000.0,16600.0,15000.0
2025-03-03 00:00:00+05:30,Gudimalkapur,Gudumalkapur,Pumpkin,15.0,800.0,1000.0,800.0
2025-03-03 00:00:00+05:30,Vantimamidi,Vantimamidi,Kheera,190.0,500.0,1000.0,750.0
2025-03-04 00:00:00+05:30,Gaddiannaram,L.B Nagar,Arati-Green Plantain,16.0,2000.0,3000.0,2500.0
2025-03-04 00:00:00+05:30,Warangal,Warangal,Chillies(Dry),1044.0,14000.0,17000.0,16000.0
2025-03-04 00:00:00+05:30,Bowenpally,Bowenpally,Bitter Gourd,790.0,600.0,3300.0,2200.0
2025-03-04 00:00:00+05:30,Gudimalkapur,Gudumalkapur,Pumpkin,28.0,800.0,1000.0,900.0
2025-03-05 00:00:00+05:30,Gaddiannaram,L.B Nagar,Arati-Green Plantain,17.0,2000.0,3000.0,2500.0
2025-03-04 00:00:00+05:30,Vantimamidi,Vantimamidi,Kheera,144.0,500.0,1000.0,750.0
2025-03-05 00:00:00+05:30,Warangal,Warangal,Chillies(Dry),2248.0,12000.0,16700.0,15000.0
2025-03-05 00:00:00+05:30,Bowenpally,Bowenpally,Bitter Gourd,558.0,400.0,2700.0,2000.0
2025-03-05 00:00:00+05:30,Gudimalkapur,Gudumalkapur,Pumpkin,5.0,1000.0,1000.0,1000.0
2025-03-06 00:00:00+05:30,Bowenpally,Bowenpally,Bitter Gourd,346.0,1000.0,3000.0,2400.0
2025-03-05 00:00:00+05:30,Vantimamidi,Vantimamidi,Kheera,250.0,500.0,500.0,500.0
2025-03-06 00:00:00+05:30,Warangal,Warangal,Chillies(Dry),1950.0,13000.0,16900.0,15000.0
2025-03-06 00:00:00+05:30,Gaddiannaram,L.B Nagar,Arati-Green Plantain,17.0,2000.0,3000.0,2500.0
2025-03-06 00:00:00+05:30,Gudimalkapur,Gudumalkapur,Pumpkin,51.0,600.0,800.0,700.0
2025-03-07 00:00:00+05:30,Gaddiannaram,L.B Nagar,Arati-Green Plantain,16.0,2000.0,3000.0,2500.0
2025-03-06 00:00:00+05:30,Vantimamidi,Vantimamidi,Kheera,166.0,500.0,1000.0,750.0
2025-03-07 00:00:00+05:30,Warangal,Warangal,Chillies(Dry),1444.0,12500.0,17500.0,16000.0
2025-03-07 00:00:00+05:30,Bowenpally,Bowenpally,Bitter Gourd,627.0,500.0,3000.0,2000.0
2025-03-08 00:00:00+05:30,Gaddiannaram,L.B Nagar,Arati-Green Plantain,17.0,2000.0,3000.0,2500.0
2025-03-08 00:00:00+05:30,Bowenpally,Bowenpally,Bitter Gourd,557.0,1500.0,4000.0,3000.0
2025-03-07 00:00:00+05:30,Vantimamidi,Vantimamidi,Kheera,243.0,200.0,1000.0,600.0
2025-03-09 00:00:00+05:30,Gaddiannaram,L.B Nagar,Arati-Green Plantain,14.0,2000.0,3000.0,2500.0
2025-03-08 00:00:00+05:30,Gudimalkapur,Gudumalkapur,Pumpkin,50.0,800.0,800.0,800.0
2025-03-08 00:00:00+05:30,Vantimamidi,Vantimamidi,Kheera,62.0,500.0,1000.0,750.0
2025-03-09 00:00:00+05:30,Bowenpally,Bowenpally,Bitter Gourd,640.0,600.0,3500.0,2500.0
2025-03-09 00:00:00+05:30,Gudimalkapur,Gudumalkapur,Pumpkin,22.0,800.0,1000.0,800.0
2025-03-10 00:00:00+05:30,Bowenpally,Bowenpally,Bitter Gourd,217.0,600.0,4000.0,2800.0
2025-03-10 00:00:00+05:30,Gaddiannaram,L.B Nagar,Arati-Green Plantain,3.0,2000.0,3000.0,2500.0
2025-03-10 00:00:00+05:30,Gaddiannaram,Gaddiannaram,Plum(Aloobukara),4.0,7100.0,17100.0,10000.0
2025-03-10 00:00:00+05:30,Warangal,Warangal,Chillies(Dry),2446.0,12000.0,16600.0,15000.0
2025-03-10 00:00:00+05:30,Gudimalkapur,Gudumalkapur,Pumpkin,10.0,800.0,1000.0,800.0
2025-03-10 00:00:00+05:30,Vantimamidi,Vantimamidi,Kheera,225.0,500.0,1000.0,750.0
2025-03-11 00:00:00+05:30,Gaddiannaram,L.B Nagar,Arati-Green Plantain,15.0,2000.0,3000.0,2500.0
2025-03-11 00:00:00+05:30,Bowenpally,Bowenpally,Bitter Gourd,655.0,2000.0,4000.0,3500.0
2025-03-11 00:00:00+05:30,Warangal,Warangal,Chillies(Dry),2933.0,12000.0,16500.0,15000.0
2025-03-12 00:00:00+05:30,Bowenpally,Bowenpally,Bitter Gourd,230.0,700.0,4000.0,2500.0
2025-03-12 00:00:00+05:30,Gaddiannaram,L.B Nagar,Arati-Green Plantain,13.0,2000.0,3000.0,2500.0
2025-03-11 00:00:00+05:30,Gudimalkapur,Gudumalkapur,Pumpkin,26.0,600.0,800.0,600.0
2025-03-11 00:00:00+05:30,Vantimamidi,Vantimamidi,Kheera,442.0,500.0,1000.0,750.0
2025-03-12 00:00:00+05:30,Warangal,Warangal,Chillies(Dry),1925.0,12000.0,16500.0,15000.0
2025-03-12 00:00:00+05:30,Gudimalkapur,Gudumalkapur,Pumpkin,4.0,800.0,1000.0,800.0
2025-03-12 00:00:00+05:30,Choppadandi,Choppadandi,Lobha,9.0,6252.0,6751.0,6751.0
2025-03-13 00:00:00+05:30,Gaddiannaram,L.B Nagar,Arati-Green Plantain,15.0,2000.0,3000.0,2500.0
2025-03-13 00:00:00+05:30,Gaddiannaram,Gaddiannaram,Plum(Aloobukara),4.0,4250.0,14250.0,7100.0
2025-03-12 00:00:00+05:30,Vantimamidi,Vantimamidi,Kheera,222.0,500.0,1000.0,750.0
2025-03-13 00:00:00+05:30,Bowenpally,Bowenpally,Bitter Gourd,621.0,600.0,4000.0,2800.0
2025-03-14 00:00:00+05:30,Gaddiannaram,L.B Nagar,Arati-Green Plantain,15.0,2000.0,3000.0,2500.0
2025-03-13 00:00:00+05:30,Gudimalkapur,Gudumalkapur,Pumpkin,30.0,600.0,800.0,700.0
2025-03-13 00:00:00+05:30,Vantimamidi,Vantimamidi,Kheera,276.0,500.0,1000.0,750.0
2025-03-14 00:00:00+05:30,Bowenpally,Bowenpally,Bitter Gourd,233.0,600.0,4000.0,2800.0
2025-03-15 00:00:00+05:30,Gaddiannaram,L.B Nagar,Arati-Green Plantain,3.0,2000.0,3000.0,2500.0
2025-03-14 00:00:00+05:30,Vantimamidi,Vantimamidi,Kheera,102.0,500.0,1000.0,750.0
2025-03-15 00:00:00+05:30,Bowenpally,Bowenpally,Bitter Gourd,1198.0,1500.0,4000.0,3000.0
2025-03-16 00:00:00+05:30,Gaddiannaram,L.B Nagar,Arati-Green Plantain,16.0,2000.0,3000.0,2500.0
2025-03-16 00:00:00+05:30,Bowenpally,Bowenpally,Bitter Gourd,995.0,1500.0,3500.0,3000.0
2025-03-15 00:00:00+05:30,Gudimalkapur,Gudumalkapur,Pumpkin,25.0,800.0,800.0,800.0
2025-03-15 00:00:00+05:30,Vantimamidi,Vantimamidi,Kheera,211.0,200.0,600.0,400.0
2025-03-17 00:00:00+05:30,Bowenpally,Bowenpally,Bitter Gourd,623.0,1000.0,3300.0,2300.0
2025-03-16 00:00:00+05:30,Gudimalkapur,Gudumalkapur,Pumpkin,60.0,1000.0,1000.0,1000.0
2025-03-16 00:00:00+05:30,Vantimamidi,Vantimamidi,Kheera,339.0,400.0,800.0,600.0
2025-03-17 00:00:00+05:30,Gaddiannaram,L.B Nagar,Arati-Green Plantain,3.0,3000.0,3000.0,3000.0
2025-03-17 00:00:00+05:30,Warangal,Warangal,Chillies(Dry),3700.0,11500.0,15800.0,14000.0
2025-03-18 00:00:00+05:30,Bowenpally,Bowenpally,Bitter Gourd,184.0,1000.0,3300.0,2600.0
2025-03-17 00:00:00+05:30,Gudimalkapur,Gudumalkapur,Pumpkin,25.0,1000.0,1000.0,1000.0
2025-03-17 00:00:00+05:30,Vantimamidi,Vantimamidi,Kheera,160.0,500.0,1000.0,750.0
2025-03-18 00:00:00+05:30,Gaddiannaram,L.B Nagar,Arati-Green Plantain,17.0,2500.0,3500.0,3000.0
2025-03-18 00:00:00+05:30,Warangal,Warangal,Chillies(Dry),2668.0,12000.0,16000.0,15000.0
2025-03-18 00:00:00+05:30,Gudimalkapur,Gudumalkapur,Pumpkin,50.0,600.0,800.0,700.0
2025-03-19 00:00:00+05:30,Bowenpally,Bowenpally,Bitter Gourd,731.0,2000.0,4000.0,3500.0
2025-03-18 00:00:00+05:30,Vantimamidi,Vantimamidi,Kheera,258.0,400.0,800.0,600.0
2025-03-19 00:00:00+05:30,Gaddiannaram,L.B Nagar,Arati-Green Plantain,4.0,2000.0,3000.0,2500.0
2025-03-19 00:00:00+05:30,Warangal,Warangal,Chillies(Dry),4510.0,13000.0,16000.0,15000.0
2025-03-19 00:00:00+05:30,Gudimalkapur,Gudumalkapur,Pumpkin,31.0,800.0,800.0,800.0
2025-03-19 00:00:00+05:30,Vantimamidi,Vantimamidi,Kheera,180.0,500.0,1000.0,750.0
2025-03-20 00:00:00+05:30,Gaddiannaram,L.B Nagar,Arati-Green Plantain,18.0,2500.0,3500.0,3000.0
2025-03-20 00:00:00+05:30,Bowenpally,Bowenpally,Bitter Gourd,930.0,1000.0,3300.0,2400.0
2025-03-20 00:00:00+05:30,Warangal,Warangal,Chillies(Dry),2758.0,12000.0,15500.0,14000.0
2025-03-21 00:00:00+05:30,Gaddiannaram,L.B Nagar,Arati-Green Plantain,3.0,2000.0,3000.0,2500.0
2025-03-20 00:00:00+05:30,Gudimalkapur,Gudumalkapur,Pumpkin,17.0,500.0,1000.0,800.0
2025-03-20 00:00:00+05:30,Vantimamidi,Vantimamidi,Kheera,155.0,500.0,1000.0,750.0
2025-03-21 00:00:00+05:30,Bowenpally,Bowenpally,Bitter Gourd,653.0,1000.0,4000.0,3000.0
2025-03-21 00:00:00+05:30,Warangal,Warangal,Chillies(Dry),1937.0,10500.0,14800.0,13500.0
2025-03-22 00:00:00+05:30,Bowenpally,Bowenpally,Bitter Gourd,766.0,1000.0,3500.0,2800.0
2025-03-22 00:00:00+05:30,Gaddiannaram,Gaddiannaram,Plum(Aloobukara),8.0,4250.0,17100.0,7100.0
2025-03-21 00:00:00+05:30,Vantimamidi,Vantimamidi,Kheera,184.0,400.0,800.0,600.0
2025-03-22 00:00:00+05:30,Gaddiannaram,L.B Nagar,Arati-Green Plantain,4.0,3000.0,3000.0,3000.0
2025-03-23 00:00:00+05:30,Gaddiannaram,L.B Nagar,Arati-Green Plantain,18.0,2000.0,3000.0,2500.0
2025-03-22 00:00:00+05:30,Gudimalkapur,Gudumalkapur,Pumpkin,15.0,400.0,600.0,500.0
2025-03-22 00:00:00+05:30,Vantimamidi,Vantimamidi,Kheera,235.0,500.0,1000.0,750.0
2025-03-23 00:00:00+05:30,Bowenpally,Bowenpally,Bitter Gourd,993.0,1000.0,4000.0,3000.0
2025-03-23 00:00:00+05:30,Gudimalkapur,Gudumalkapur,Pumpkin,31.0,600.0,800.0,700.0
2025-03-23 00:00:00+05:30,Vantimamidi,Vantimamidi,Kheera,278.0,400.0,800.0,600.0
2025-03-24 00:00:00+05:30,Gaddiannaram,Gaddiannaram,Plum(Aloobukara),4.0,4250.0,17100.0,7100.0
2025-03-24 00:00:00+05:30,Gaddiannaram,L.B Nagar,Arati-Green Plantain,3.0,2000.0,3000.0,2500.0
2025-03-24 00:00:00+05:30,Bowenpally,Bowenpally,Bitter Gourd,608.0,600.0,3000.0,2200.0
2025-03-24 00:00:00+05:30,Warangal,Warangal,Chillies(Dry),2826.0,11000.0,14500.0,13000.0
2025-03-24 00:00:00+05:30,Gudimalkapur,Gudumalkapur,Pumpkin,36.0,800.0,800.0,800.0
2025-03-25 00:00:00+05:30,Bowenpally,Bowenpally,Bitter Gourd,705.0,1000.0,3500.0,2500.0
2025-03-24 00:00:00+05:30,Vantimamidi,Vantimamidi,Kheera,237.0,500.0,1000.0,750.0
2025-03-25 00:00:00+05:30,Warangal,Warangal,Chillies(Dry),1941.0,10500.0,14000.0,13000.0
2025-03-25 00:00:00+05:30,Gaddiannaram,L.B Nagar,Arati-Green Plantain,17.0,2000.0,3000.0,2500.0
2025-03-25 00:00:00+05:30,Gudimalkapur,Gudumalkapur,Pumpkin,20.0,700.0,800.0,700.0
2025-03-25 00:00:00+05:30,Vantimamidi,Vantimamidi,Kheera,163.0,500.0,1000.0,750.0
2025-03-26 00:00:00+05:30,Gaddiannaram,L.B Nagar,Arati-Green Plantain,2.0,2000.0,3000.0,2500.0
2025-03-26 00:00:00+05:30,Bowenpally,Bowenpally,Bitter Gourd,608.0,700.0,3000.0,2400.0
2025-03-26 00:00:00+05:30,Warangal,Warangal,Chillies(Dry),2870.0,12000.0,15500.0,14000.0
2025-03-26 00:00:00+05:30,Gudimalkapur,Gudumalkapur,Pumpkin,45.0,700.0,800.0,700.0
2025-03-26 00:00:00+05:30,Vantimamidi,Vantimamidi,Kheera,169.0,600.0,1200.0,900.0
2025-03-27 00:00:00+05:30,Gaddiannaram,L.B Nagar,Arati-Green Plantain,18.0,2000.0,3000.0,2500.0
2025-03-27 00:00:00+05:30,Gaddiannaram,Gaddiannaram,Plum(Aloobukara),4.0,4250.0,17100.0,7100.0
2025-03-27 00:00:00+05:30,Bowenpally,Bowenpally,Bitter Gourd,914.0,700.0,3000.0,2500.0
2025-03-27 00:00:00+05:30,Warangal,Warangal,Chillies(Dry),1777.0,10500.0,14200.0,12500.0
2025-03-28 00:00:00+05:30,Gaddiannaram,L.B Nagar,Arati-Green Plantain,1.0,2000.0,3000.0,2500.0
2025-03-27 00:00:00+05:30,Gudimalkapur,Gudumalkapur,Pumpkin,45.0,600.0,1000.0,800.0
2025-03-27 00:00:00+05:30,Vantimamidi,Vantimamidi,Kheera,215.0,500.0,500.0,500.0
2025-03-28 00:00:00+05:30,Bowenpally,Bowenpally,Bitter Gourd,562.0,700.0,3000.0,2400.0
2025-03-28 00:00:00+05:30,Vantimamidi,Vantimamidi,Kheera,194.0,500.0,800.0,650.0
2025-03-29 00:00:00+05:30,Gaddiannaram,L.B Nagar,Arati-Green Plantain,14.0,2000.0,3000.0,2500.0
2025-03-29 00:00:00+05:30,Bowenpally,Bowenpally,Bitter Gourd,916.0,700.0,3000.0,2400.0
2025-03-29 00:00:00+05:30,Gudimalkapur,Gudumalkapur,Pumpkin,12.0,700.0,1000.0,800.0
2025-03-31 00:00:00+05:30,Bowenpally,Bowenpally,Bitter Gourd,432.0,1000.0,4000.0,3000.0
2025-03-31 00:00:00+05:30,Gudimalkapur,Gudumalkapur,Pumpkin,13.0,800.0,1000.0,900.0
2025-03-31 00:00:00+05:30,Gaddiannaram,L.B Nagar,Arati-Green Plantain,17.0,2000.0,3000.0,2500.0
2025-03-30 00:00:00+05:30,Vantimamidi,Vantimamidi,Kheera,71.0,500.0,1200.0,850.0
2025-03-31 00:00:00+05:30,Vantimamidi,Vantimamidi,Kheera,173.0,500.0,1000.0,750.0
2025-03-23 00:00:00+05:30,Vantimamidi,Vantimamidi,Pumpkin,5.0,500.0,800.0,650.0
2025-03-23 00:00:00+05:30,Gudimalkapur,Gudumalkapur,Cucumber,87.0,600.0,800.0,700.0
2025-03-23 00:00:00+05:30,Bowenpally,Bowenpally,Kheera,1786.0,500.0,1300.0,1100.0
2025-03-22 00:00:00+05:30,Vantimamidi,Vantimamidi,Pumpkin,7.0,500.0,500.0,500.0
2025-03-22 00:00:00+05:30,Gudimalkapur,Gudumalkapur,Cucumber,84.0,1000.0,2000.0,1500.0
2025-03-23 00:00:00+05:30,Gaddiannaram,L.B Nagar,Capsicum,18.0,3000.0,3500.0,3200.0
2025-03-22 00:00:00+05:30,Gaddiannaram,L.B Nagar,Capsicum,11.0,3000.0,3500.0,3200.0
2025-03-22 00:00:00+05:30,Bowenpally,Bowenpally,Kheera,1280.0,1000.0,2000.0,1600.0
2025-03-21 00:00:00+05:30,Gudimalkapur,Gudumalkapur,Cucumber,118.0,1000.0,1500.0,1200.0
2025-03-21 00:00:00+05:30,Warangal,Warangal,Chillies(Dry),7113.0,9500.0,12800.0,11000.0
2025-03-21 00:00:00+05:30,Bowenpally,Bowenpally,Kheera,1324.0,500.0,1300.0,1100.0
2025-03-20 00:00:00+05:30,Vantimamidi,Vantimamidi,Pumpkin,16.0,400.0,600.0,500.0
2025-03-20 00:00:00+05:30,Gudimalkapur,Gudumalkapur,Cucumber,100.0,1000.0,1500.0,1200.0
2025-03-21 00:00:00+05:30,Gaddiannaram,L.B Nagar,Capsicum,20.0,3000.0,3500.0,3200.0
2025-03-20 00:00:00+05:30,Warangal,Warangal,Chillies(Dry),8439.0,10000.0,13000.0,12000.0
2025-03-20 00:00:00+05:30,Bowenpally,Bowenpally,Kheera,1694.0,500.0,1200.0,1000.0
2025-03-20 00:00:00+05:30,Gaddiannaram,L.B Nagar,Capsicum,10.0,2500.0,3500.0,3000.0
2025-03-19 00:00:00+05:30,Vantimamidi,Vantimamidi,Pumpkin,10.0,400.0,600.0,500.0
2025-03-19 00:00:00+05:30,Gudimalkapur,Gudumalkapur,Cucumber,86.0,1000.0,1500.0,1200.0
2025-03-19 00:00:00+05:30,Warangal,Warangal,Chillies(Dry),8596.0,10500.0,13100.0,12000.0
2025-03-19 00:00:00+05:30,Gaddiannaram,L.B Nagar,Capsicum,11.0,3000.0,3500.0,3200.0
2025-03-18 00:00:00+05:30,Vantimamidi,Vantimamidi,Pumpkin,21.0,500.0,500.0,500.0
2025-03-19 00:00:00+05:30,Bowenpally,Bowenpally,Kheera,1354.0,400.0,1200.0,1000.0
2025-03-18 00:00:00+05:30,Gudimalkapur,Gudumalkapur,Cucumber,26.0,1500.0,2000.0,1500.0
2025-03-18 00:00:00+05:30,Warangal,Warangal,Chillies(Dry),569.0,12000.0,15800.0,14000.0
2025-03-18 00:00:00+05:30,Gaddiannaram,L.B Nagar,Capsicum,22.0,3000.0,3500.0,3200.0
2025-03-17 00:00:00+05:30,Vantimamidi,Vantimamidi,Pumpkin,18.0,500.0,1000.0,750.0
2025-03-17 00:00:00+05:30,Gudimalkapur,Gudumalkapur,Cucumber,71.0,1000.0,1500.0,1200.0
2025-03-18 00:00:00+05:30,Bowenpally,Bowenpally,Kheera,660.0,500.0,1000.0,800.0
2025-03-17 00:00:00+05:30,Warangal,Warangal,Chillies(Dry),4145.0,10000.0,13000.0,12000.0
2025-03-17 00:00:00+05:30,Choppadandi,Choppadandi,Lobha,1.0,6002.0,6002.0,6002.0
2025-03-17 00:00:00+05:30,Gaddiannaram,L.B Nagar,Capsicum,8.0,3000.0,3500.0,3200.0
2025-03-16 00:00:00+05:30,Vantimamidi,Vantimamidi,Pumpkin,35.0,500.0,800.0,650.0
2025-03-16 00:00:00+05:30,Gudimalkapur,Gudumalkapur,Cucumber,29.0,1000.0,1500.0,1200.0
2025-03-17 00:00:00+05:30,Bowenpally,Bowenpally,Kheera,1656.0,500.0,1000.0,800.0
2025-03-15 00:00:00+05:30,Vantimamidi,Vantimamidi,Pumpkin,18.0,500.0,500.0,500.0
2025-03-15 00:00:00+05:30,Gudimalkapur,Gudumalkapur,Cucumber,56.0,1000.0,1500.0,1000.0
2025-03-16 00:00:00+05:30,Gaddiannaram,L.B Nagar,Capsicum,7.0,3000.0,3500.0,3200.0
2025-03-15 00:00:00+05:30,Bowenpally,Bowenpally,Kheera,2404.0,500.0,1000.0,800.0
2025-03-15 00:00:00+05:30,Gaddiannaram,L.B Nagar,Capsicum,8.0,3000.0,3500.0,3200.0
2025-03-14 00:00:00+05:30,Gudimalkapur,Gudumalkapur,Cucumber,2.0,1500.0,1500.0,1500.0
2025-03-14 00:00:00+05:30,Bowenpally,Bowenpally,Kheera,784.0,500.0,1000.0,800.0
2025-03-13 00:00:00+05:30,Gudimalkapur,Gudumalkapur,Cucumber,82.0,1000.0,2000.0,1500.0
2025-03-14 00:00:00+05:30,Gaddiannaram,L.B Nagar,Capsicum,5.0,3000.0,3500.0,3200.0
2025-03-13 00:00:00+05:30,Bowenpally,Bowenpally,Kheera,2219.0,500.0,1200.0,1000.0
2025-03-12 00:00:00+05:30,Vantimamidi,Vantimamidi,Pumpkin,1.0,500.0,500.0,500.0
2025-03-13 00:00:00+05:30,Gaddiannaram,L.B Nagar,Capsicum,15.0,3000.0,3500.0,3200.0
2025-03-12 00:00:00+05:30,Gudimalkapur,Gudumalkapur,Cucumber,57.0,800.0,1500.0,1200.0
2025-03-12 00:00:00+05:30,Warangal,Warangal,Chillies(Dry),7792.0,10000.0,13100.0,12000.0
2025-03-11 00:00:00+05:30,Gudimalkapur,Gudumalkapur,Cucumber,102.0,600.0,1200.0,700.0
2025-03-12 00:00:00+05:30,Gaddiannaram,L.B Nagar,Capsicum,10.0,3000.0,3500.0,3200.0
2025-03-12 00:00:00+05:30,Bowenpally,Bowenpally,Kheera,985.0,800.0,2000.0,1600.0
2025-03-11 00:00:00+05:30,Warangal,Warangal,Chillies(Dry),9627.0,10500.0,13100.0,12000.0
2025-03-11 00:00:00+05:30,Choppadandi,Choppadandi,Lobha,2.0,6402.0,6666.0,6666.0
2025-03-11 00:00:00+05:30,Bowenpally,Bowenpally,Kheera,2046.0,500.0,1500.0,1200.0
2025-03-11 00:00:00+05:30,Gaddiannaram,L.B Nagar,Capsicum,25.0,3000.0,3500.0,3200.0
2025-03-10 00:00:00+05:30,Gudimalkapur,Gudumalkapur,Cucumber,85.0,1000.0,1500.0,1200.0
2025-03-10 00:00:00+05:30,Warangal,Warangal,Chillies(Dry),10057.0,10500.0,13000.0,12000.0
2025-03-10 00:00:00+05:30,Choppadandi,Choppadandi,Lobha,1.0,7111.0,7111.0,7111.0
2025-03-10 00:00:00+05:30,Gaddiannaram,L.B Nagar,Capsicum,25.0,3000.0,3500.0,3200.0
2025-03-10 00:00:00+05:30,Bowenpally,Bowenpally,Kheera,514.0,500.0,1500.0,1200.0
2025-03-09 00:00:00+05:30,Gudimalkapur,Gudumalkapur,Cucumber,87.0,800.0,150.0,1000.0
2025-03-09 00:00:00+05:30,Bowenpally,Bowenpally,Kheera,1301.0,500.0,1500.0,1200.0
2025-03-08 00:00:00+05:30,Gudimalkapur,Gudumalkapur,Cucumber,96.0,1000.0,2000.0,1000.0
2025-03-09 00:00:00+05:30,Gaddiannaram,L.B Nagar,Capsicum,17.0,3000.0,3500.0,3200.0
2025-03-07 00:00:00+05:30,Vantimamidi,Vantimamidi,Pumpkin,50.0,500.0,500.0,500.0
2025-03-07 00:00:00+05:30,Gudimalkapur,Gudumalkapur,Cucumber,65.0,1000.0,3000.0,1500.0
2025-03-08 00:00:00+05:30,Bowenpally,Bowenpally,Kheera,1553.0,500.0,1500.0,1200.0
2025-03-08 00:00:00+05:30,Gaddiannaram,L.B Nagar,Capsicum,25.0,3000.0,3500.0,3200.0
2025-03-07 00:00:00+05:30,Bowenpally,Bowenpally,Kheera,1520.0,400.0,1500.0,1100.0
2025-03-07 00:00:00+05:30,Warangal,Warangal,Chillies(Dry),6789.0,11000.0,14000.0,13000.0
2025-03-07 00:00:00+05:30,Choppadandi,Choppadandi,Lobha,2.0,6752.0,6752.0,6752.0
2025-03-06 00:00:00+05:30,Vantimamidi,Vantimamidi,Pumpkin,17.0,500.0,500.0,500.0
2025-03-07 00:00:00+05:30,Gaddiannaram,L.B Nagar,Capsicum,19.0,3000.0,3500.0,3200.0
2025-03-06 00:00:00+05:30,Gudimalkapur,Gudumalkapur,Cucumber,144.0,1500.0,2500.0,2000.0
2025-03-06 00:00:00+05:30,Choppadandi,Choppadandi,Lobha,1.0,7575.0,7575.0,7575.0
2025-03-06 00:00:00+05:30,Gaddiannaram,L.B Nagar,Capsicum,24.0,3000.0,3500.0,3200.0
2025-03-06 00:00:00+05:30,Warangal,Warangal,Chillies(Dry),9205.0,10500.0,14000.0,12000.0
2025-03-05 00:00:00+05:30,Vantimamidi,Vantimamidi,Pumpkin,4.0,500.0,500.0,500.0
2025-03-06 00:00:00+05:30,Bowenpally,Bowenpally,Kheera,1923.0,500.0,1500.0,1200.0
2025-03-05 00:00:00+05:30,Gudimalkapur,Gudumalkapur,Cucumber,72.0,1500.0,2500.0,2000.0
2025-03-05 00:00:00+05:30,Bowenpally,Bowenpally,Kheera,1772.0,500.0,1500.0,1200.0
2025-03-05 00:00:00+05:30,Warangal,Warangal,Chillies(Dry),9104.0,11000.0,14600.0,13000.0
2025-03-04 00:00:00+05:30,Vantimamidi,Vantimamidi,Pumpkin,10.0,500.0,500.0,500.0
2025-03-05 00:00:00+05:30,Gaddiannaram,L.B Nagar,Capsicum,14.0,3000.0,3500.0,3200.0
2025-03-04 00:00:00+05:30,Gudimalkapur,Gudumalkapur,Cucumber,165.0,1000.0,2500.0,1500.0
2025-03-04 00:00:00+05:30,Bowenpally,Bowenpally,Kheera,1903.0,500.0,1500.0,1200.0
2025-03-04 00:00:00+05:30,Warangal,Warangal,Chillies(Dry),5767.0,11000.0,14100.0,13000.0
2025-03-04 00:00:00+05:30,Gaddiannaram,L.B Nagar,Capsicum,26.0,3000.0,3500.0,3200.0
2025-03-03 00:00:00+05:30,Vantimamidi,Vantimamidi,Pumpkin,20.0,500.0,500.0,500.0
2025-03-03 00:00:00+05:30,Gudimalkapur,Gudumalkapur,Cucumber,140.0,600.0,1500.0,1000.0
2025-03-03 00:00:00+05:30,Warangal,Warangal,Chillies(Dry),6476.0,10000.0,13600.0,12000.0
2025-03-03 00:00:00+05:30,Bowenpally,Bowenpally,Kheera,1070.0,500.0,1500.0,1200.0
2025-03-03 00:00:00+05:30,Gaddiannaram,L.B Nagar,Capsicum,19.0,3000.0,3500.0,3200.0
2025-03-02 00:00:00+05:30,Gudimalkapur,Gudumalkapur,Cucumber,172.0,1000.0,3000.0,1500.0
2025-03-02 00:00:00+05:30,Vantimamidi,Vantimamidi,Pumpkin,12.0,500.0,500.0,500.0
2025-03-01 00:00:00+05:30,Vantimamidi,Vantimamidi,Pumpkin,53.0,500.0,500.0,500.0
2025-03-02 00:00:00+05:30,Gaddiannaram,L.B Nagar,Capsicum,21.0,3000.0,3500.0,3200.0
2025-03-02 00:00:00+05:30,Bowenpally,Bowenpally,Kheera,2214.0,1000.0,2000.0,1700.0
2025-03-01 00:00:00+05:30,Gudimalkapur,Gudumalkapur,Cucumber,93.0,1800.0,2500.0,2100.0
2025-03-01 00:00:00+05:30,Bowenpally,Bowenpally,Kheera,2645.0,800.0,2000.0,1600.0
2025-03-01 00:00:00+05:30,Gaddiannaram,L.B Nagar,Capsicum,12.0,3000.0,3500.0,3200.0
2025-03-31 00:00:00+05:30,Vantimamidi,Vantimamidi,Pumpkin,9.0,800.0,800.0,800.0
2025-03-31 00:00:00+05:30,Gaddiannaram,L.B Nagar,Capsicum,2.0,3000.0,3500.0,3200.0
2025-03-31 00:00:00+05:30,Gudimalkapur,Gudumalkapur,Cucumber,42.0,800.0,1000.0,900.0
2025-03-31 00:00:00+05:30,Bowenpally,Bowenpally,Kheera,1199.0,700.0,1500.0,1200.0
2025-03-29 00:00:00+05:30,Gudimalkapur,Gudumalkapur,Cucumber,77.0,800.0,800.0,800.0
2025-03-29 00:00:00+05:30,Bowenpally,Bowenpally,Kheera,1897.0,400.0,1000.0,800.0
2025-03-29 00:00:00+05:30,Gaddiannaram,L.B Nagar,Capsicum,11.0,3000.0,3500.0,3200.0
2025-03-28 00:00:00+05:30,Vantimamidi,Vantimamidi,Pumpkin,32.0,500.0,500.0,500.0
2025-03-28 00:00:00+05:30,Gudimalkapur,Gudumalkapur,Cucumber,40.0,800.0,1200.0,800.0
2025-03-28 00:00:00+05:30,Bowenpally,Bowenpally,Kheera,1538.0,500.0,1000.0,800.0
2025-03-27 00:00:00+05:30,Vantimamidi,Vantimamidi,Pumpkin,17.0,500.0,500.0,500.0
2025-03-27 00:00:00+05:30,Gudimalkapur,Gudumalkapur,Cucumber,128.0,800.0,200.0,1000.0
2025-03-28 00:00:00+05:30,Gaddiannaram,L.B Nagar,Capsicum,16.0,3000.0,3500.0,3200.0
2025-03-27 00:00:00+05:30,Warangal,Warangal,Chillies(Dry),5983.0,8500.0,12000.0,10500.0
2025-03-27 00:00:00+05:30,Bowenpally,Bowenpally,Kheera,1497.0,400.0,1000.0,800.0
2025-03-27 00:00:00+05:30,Gaddiannaram,L.B Nagar,Capsicum,13.0,3000.0,3500.0,3200.0
2025-03-26 00:00:00+05:30,Vantimamidi,Vantimamidi,Pumpkin,4.0,500.0,1000.0,750.0
2025-03-26 00:00:00+05:30,Gudimalkapur,Gudumalkapur,Cucumber,132.0,800.0,1500.0,1000.0
2025-03-26 00:00:00+05:30,Warangal,Warangal,Chillies(Dry),6414.0,9000.0,12200.0,11000.0
2025-03-26 00:00:00+05:30,Bowenpally,Bowenpally,Kheera,1570.0,400.0,1200.0,1000.0
2025-03-26 00:00:00+05:30,Gaddiannaram,L.B Nagar,Capsicum,11.0,3000.0,3500.0,3200.0
2025-03-25 00:00:00+05:30,Vantimamidi,Vantimamidi,Pumpkin,47.0,500.0,500.0,500.0
2025-03-25 00:00:00+05:30,Gudimalkapur,Gudumalkapur,Cucumber,71.0,800.0,1400.0,1000.0
2025-03-25 00:00:00+05:30,Gaddiannaram,L.B Nagar,Capsicum,10.0,3000.0,3500.0,3200.0
2025-03-25 00:00:00+05:30,Warangal,Warangal,Chillies(Dry),6952.0,9000.0,12300.0,11000.0
2025-03-24 00:00:00+05:30,Vantimamidi,Vantimamidi,Pumpkin,27.0,500.0,500.0,500.0
2025-03-25 00:00:00+05:30,Bowenpally,Bowenpally,Kheera,1614.0,1000.0,1800.0,1600.0
2025-03-24 00:00:00+05:30,Gudimalkapur,Gudumalkapur,Cucumber,84.0,800.0,1000.0,900.0
2025-03-24 00:00:00+05:30,Choppadandi,Choppadandi,Lobha,2.0,6363.0,6363.0,6363.0
2025-03-24 00:00:00+05:30,Warangal,Warangal,Chillies(Dry),6859.0,9000.0,12400.0,11000.0
2025-03-24 00:00:00+05:30,Bowenpally,Bowenpally,Kheera,1771.0,400.0,1000.0,800.0
2025-03-24 00:00:00+05:30,Gaddiannaram,L.B Nagar,Capsicum,47.0,2500.0,3500.0,3000.0
2025-03-01 00:00:00+05:30,Bowenpally,Bowenpally,Pumpkin,395.0,400.0,1000.0,800.0
2025-03-01 00:00:00+05:30,Gudimalkapur,Gudumalkapur,Drumstick,81.0,2500.0,4500.0,3000.0
2025-03-02 00:00:00+05:30,Bowenpally,Bowenpally,Pumpkin,212.0,500.0,1000.0,800.0
2025-03-01 00:00:00+05:30,Vantimamidi,Vantimamidi,Cucumber,3.0,500.0,1000.0,750.0
2025-03-02 00:00:00+05:30,Vantimamidi,Vantimamidi,Cucumber,2.0,1000.0,1000.0,1000.0
2025-03-02 00:00:00+05:30,Gudimalkapur,Gudumalkapur,Drumstick,72.0,2500.0,5000.0,3000.0
2025-03-03 00:00:00+05:30,Bowenpally,Bowenpally,Pumpkin,295.0,400.0,1000.0,800.0
2025-03-03 00:00:00+05:30,Warangal,Warangal,Chillies(Dry),4.0,37000.0,37000.0,37000.0
2025-03-03 00:00:00+05:30,Gudimalkapur,Gudumalkapur,Drumstick,23.0,3000.0,500.0,3500.0
2025-03-03 00:00:00+05:30,Vantimamidi,Vantimamidi,Cucumber,3.0,500.0,1000.0,750.0
2025-03-03 00:00:00+05:30,Nizamabad,Nizamabad,Tumeric,16256.0,10000.0,13311.0,11300.0
2025-03-04 00:00:00+05:30,Warangal,Warangal,Chillies(Dry),6.0,20500.0,20500.0,20500.0
2025-03-04 00:00:00+05:30,Bowenpally,Bowenpally,Pumpkin,364.0,400.0,1000.0,800.0
2025-03-04 00:00:00+05:30,Gudimalkapur,Gudumalkapur,Drumstick,114.0,2000.0,4000.0,2500.0
2025-03-04 00:00:00+05:30,Nizamabad,Nizamabad,Tumeric,8223.0,10000.0,12630.0,11050.0
2025-03-04 00:00:00+05:30,Vantimamidi,Vantimamidi,Cucumber,2.0,2000.0,2000.0,2000.0
2025-03-05 00:00:00+05:30,Warangal,Warangal,Chillies(Dry),4.0,41000.0,41000.0,41000.0
2025-03-05 00:00:00+05:30,Nizamabad,Nizamabad,Tumeric,8662.0,10000.0,12511.0,11058.0
2025-03-05 00:00:00+05:30,Bowenpally,Bowenpally,Pumpkin,375.0,400.0,800.0,700.0
2025-03-05 00:00:00+05:30,Gudimalkapur,Gudumalkapur,Drumstick,92.0,3000.0,4500.0,3500.0
2025-03-06 00:00:00+05:30,Bowenpally,Bowenpally,Pumpkin,338.0,500.0,1000.0,800.0
2025-03-06 00:00:00+05:30,Warangal,Warangal,Chillies(Dry),24.0,39000.0,39000.0,39000.0
2025-03-06 00:00:00+05:30,Nizamabad,Nizamabad,Tumeric,7366.0,10000.0,12511.0,11058.0
2025-03-06 00:00:00+05:30,Gudimalkapur,Gudumalkapur,Drumstick,43.0,2000.0,4000.0,2500.0
2025-03-06 00:00:00+05:30,Vantimamidi,Vantimamidi,Cucumber,30.0,1000.0,1500.0,1250.0
2025-03-07 00:00:00+05:30,Warangal,Warangal,Chillies(Dry),5.0,40000.0,40000.0,40000.0
2025-03-07 00:00:00+05:30,Bowenpally,Bowenpally,Pumpkin,300.0,400.0,1000.0,800.0
2025-03-08 00:00:00+05:30,Bowenpally,Bowenpally,Pumpkin,299.0,500.0,1000.0,800.0
2025-03-07 00:00:00+05:30,Gudimalkapur,Gudumalkapur,Drumstick,73.0,2500.0,4000.0,3000.0
2025-03-08 00:00:00+05:30,Gudimalkapur,Gudumalkapur,Drumstick,93.0,3000.0,4000.0,3500.0
2025-03-08 00:00:00+05:30,Vantimamidi,Vantimamidi,Cucumber,25.0,500.0,1500.0,1000.0
2025-03-09 00:00:00+05:30,Bowenpally,Bowenpally,Pumpkin,513.0,400.0,1000.0,800.0
2025-03-09 00:00:00+05:30,Gudimalkapur,Gudumalkapur,Drumstick,74.0,3000.0,5000.0,30500.0
2025-03-10 00:00:00+05:30,Bowenpally,Bowenpally,Pumpkin,310.0,400.0,1000.0,800.0
2025-03-10 00:00:00+05:30,Warangal,Warangal,Chillies(Dry),74.0,39000.0,39000.0,39000.0
2025-03-10 00:00:00+05:30,Gudimalkapur,Gudumalkapur,Drumstick,60.0,3500.0,4500.0,3500.0
2025-03-10 00:00:00+05:30,Vantimamidi,Vantimamidi,Cucumber,34.0,500.0,1000.0,750.0
2025-03-11 00:00:00+05:30,Bowenpally,Bowenpally,Pumpkin,395.0,500.0,1000.0,800.0
2025-03-11 00:00:00+05:30,Nizamabad,Nizamabad,Tumeric,20983.0,9500.0,12239.0,10500.0
2025-03-11 00:00:00+05:30,Warangal,Warangal,Chillies(Dry),72.0,38500.0,38500.0,38500.0
2025-03-12 00:00:00+05:30,Bowenpally,Bowenpally,Pumpkin,343.0,400.0,1200.0,1000.0
2025-03-11 00:00:00+05:30,Gudimalkapur,Gudumalkapur,Drumstick,96.0,2000.0,4000.0,2500.0
2025-03-11 00:00:00+05:30,Vantimamidi,Vantimamidi,Cucumber,13.0,500.0,1500.0,1000.0
2025-03-12 00:00:00+05:30,Warangal,Warangal,Chillies(Dry),39.0,37000.0,37000.0,37000.0
2025-03-12 00:00:00+05:30,Gudimalkapur,Gudumalkapur,Drumstick,118.0,2500.0,3500.0,3000.0
2025-03-12 00:00:00+05:30,Vantimamidi,Vantimamidi,Cucumber,2.0,500.0,1500.0,1000.0
2025-03-13 00:00:00+05:30,Bowenpally,Bowenpally,Pumpkin,226.0,400.0,1000.0,800.0
2025-03-13 00:00:00+05:30,Gudimalkapur,Gudumalkapur,Drumstick,122.0,1500.0,3000.0,2000.0
2025-03-14 00:00:00+05:30,Bowenpally,Bowenpally,Pumpkin,180.0,400.0,1000.0,800.0
2025-03-14 00:00:00+05:30,Gudimalkapur,Gudumalkapur,Drumstick,47.0,2000.0,3500.0,2500.0
2025-03-14 00:00:00+05:30,Vantimamidi,Vantimamidi,Cucumber,2.0,1000.0,1500.0,1250.0
2025-03-15 00:00:00+05:30,Bowenpally,Bowenpally,Pumpkin,220.0,500.0,1000.0,800.0
2025-03-15 00:00:00+05:30,Gudimalkapur,Gudumalkapur,Drumstick,79.0,2000.0,3000.0,2500.0
2025-03-15 00:00:00+05:30,Vantimamidi,Vantimamidi,Cucumber,12.0,1000.0,1500.0,1250.0
2025-03-17 00:00:00+05:30,Bowenpally,Bowenpally,Pumpkin,348.0,800.0,1000.0,1200.0
2025-03-16 00:00:00+05:30,Gudimalkapur,Gudumalkapur,Drumstick,73.0,3000.0,4000.0,3500.0
2025-03-16 00:00:00+05:30,Vantimamidi,Vantimamidi,Cucumber,16.0,1000.0,1500.0,1250.0
2025-03-17 00:00:00+05:30,Nizamabad,Nizamabad,Tumeric,16506.0,9500.0,13188.0,10650.0
2025-03-17 00:00:00+05:30,Warangal,Warangal,Chillies(Dry),22.0,32000.0,32000.0,32000.0
2025-03-18 00:00:00+05:30,Bowenpally,Bowenpally,Pumpkin,234.0,500.0,1000.0,800.0
2025-03-17 00:00:00+05:30,Gudimalkapur,Gudumalkapur,Drumstick,149.0,2000.0,3500.0,2500.0
2025-03-17 00:00:00+05:30,Vantimamidi,Vantimamidi,Cucumber,9.0,1000.0,1500.0,1250.0
2025-03-18 00:00:00+05:30,Warangal,Warangal,Chillies(Dry),49.0,25000.0,33000.0,33000.0
2025-03-18 00:00:00+05:30,Gudimalkapur,Gudumalkapur,Drumstick,161.0,1000.0,2500.0,1500.0
2025-03-18 00:00:00+05:30,Nizamabad,Nizamabad,Tumeric,9355.0,9500.0,12598.0,11000.0
2025-03-19 00:00:00+05:30,Bowenpally,Bowenpally,Pumpkin,499.0,500.0,1000.0,800.0
2025-03-18 00:00:00+05:30,Vantimamidi,Vantimamidi,Cucumber,33.0,1000.0,1500.0,1250.0
2025-03-19 00:00:00+05:30,Warangal,Warangal,Chillies(Dry),83.0,25000.0,31000.0,31000.0
2025-03-19 00:00:00+05:30,Nizamabad,Nizamabad,Tumeric,9436.0,9500.0,13488.0,11200.0
2025-03-19 00:00:00+05:30,Gudimalkapur,Gudumalkapur,Drumstick,102.0,1000.0,2000.0,1500.0
2025-03-19 00:00:00+05:30,Vantimamidi,Vantimamidi,Cucumber,15.0,600.0,1400.0,1000.0
2025-03-20 00:00:00+05:30,Bowenpally,Bowenpally,Pumpkin,66.0,500.0,1000.0,800.0
2025-03-20 00:00:00+05:30,Warangal,Warangal,Chillies(Dry),193.0,20000.0,29000.0,29000.0
2025-03-20 00:00:00+05:30,Gudimalkapur,Gudumalkapur,Drumstick,96.0,1000.0,2000.0,1500.0
2025-03-20 00:00:00+05:30,Vantimamidi,Vantimamidi,Cucumber,30.0,600.0,1400.0,1000.0
2025-03-20 00:00:00+05:30,Nizamabad,Nizamabad,Tumeric,8121.0,9500.0,13400.0,11222.0
2025-03-21 00:00:00+05:30,Bowenpally,Bowenpally,Pumpkin,125.0,400.0,1000.0,800.0
2025-03-21 00:00:00+05:30,Warangal,Warangal,Chillies(Dry),51.0,20000.0,30000.0,30000.0
2025-03-21 00:00:00+05:30,Gudimalkapur,Gudumalkapur,Drumstick,73.0,1000.0,2000.0,1500.0
2025-03-21 00:00:00+05:30,Nizamabad,Nizamabad,Tumeric,6625.0,9500.0,13533.0,11300.0
2025-03-22 00:00:00+05:30,Bowenpally,Bowenpally,Pumpkin,285.0,600.0,1200.0,1000.0
2025-03-21 00:00:00+05:30,Vantimamidi,Vantimamidi,Cucumber,15.0,600.0,1500.0,1050.0
2025-03-22 00:00:00+05:30,Gudimalkapur,Gudumalkapur,Drumstick,72.0,1000.0,2000.0,1500.0
2025-03-22 00:00:00+05:30,Vantimamidi,Vantimamidi,Cucumber,6.0,500.0,1000.0,750.0
2025-03-23 00:00:00+05:30,Bowenpally,Bowenpally,Pumpkin,510.0,500.0,1000.0,800.0
2025-03-23 00:00:00+05:30,Gudimalkapur,Gudumalkapur,Drumstick,69.0,800.0,1500.0,1000.0
2025-03-23 00:00:00+05:30,Vantimamidi,Vantimamidi,Cucumber,40.0,400.0,800.0,600.0
2025-03-24 00:00:00+05:30,Bowenpally,Bowenpally,Pumpkin,365.0,400.0,1000.0,800.0
2025-03-24 00:00:00+05:30,Warangal,Warangal,Chillies(Dry),54.0,20000.0,26000.0,26000.0
2025-03-24 00:00:00+05:30,Nizamabad,Nizamabad,Tumeric,11429.0,9500.0,13533.0,11750.0
2025-03-24 00:00:00+05:30,Gudimalkapur,Gudumalkapur,Drumstick,43.0,1000.0,2000.0,1500.0
2025-03-25 00:00:00+05:30,Bowenpally,Bowenpally,Pumpkin,690.0,500.0,1000.0,800.0
2025-03-24 00:00:00+05:30,Vantimamidi,Vantimamidi,Cucumber,22.0,500.0,1000.0,750.0
2025-03-25 00:00:00+05:30,Warangal,Warangal,Chillies(Dry),74.0,20000.0,27000.0,24000.0
2025-03-25 00:00:00+05:30,Nizamabad,Nizamabad,Tumeric,6813.0,9500.0,13888.0,11700.0
2025-03-25 00:00:00+05:30,Gudimalkapur,Gudumalkapur,Drumstick,37.0,1000.0,2000.0,1500.0
2025-03-25 00:00:00+05:30,Vantimamidi,Vantimamidi,Cucumber,13.0,500.0,1000.0,750.0
2025-03-26 00:00:00+05:30,Bowenpally,Bowenpally,Pumpkin,717.0,500.0,1000.0,800.0
2025-03-26 00:00:00+05:30,Warangal,Warangal,Chillies(Dry),120.0,20000.0,29000.0,25000.0
2025-03-26 00:00:00+05:30,Nizamabad,Nizamabad,Tumeric,5648.0,9500.0,13233.0,11822.0
2025-03-26 00:00:00+05:30,Gudimalkapur,Gudumalkapur,Drumstick,89.0,1000.0,2000.0,1500.0
2025-03-26 00:00:00+05:30,Vantimamidi,Vantimamidi,Cucumber,16.0,1000.0,1000.0,1000.0
2025-03-27 00:00:00+05:30,Bowenpally,Bowenpally,Pumpkin,855.0,400.0,1000.0,800.0
2025-03-27 00:00:00+05:30,Warangal,Warangal,Chillies(Dry),224.0,9000.0,12200.0,11500.0
2025-03-27 00:00:00+05:30,Nizamabad,Nizamabad,Tumeric,4602.0,9500.0,13533.0,12000.0
2025-03-27 00:00:00+05:30,Gudimalkapur,Gudumalkapur,Drumstick,87.0,1000.0,2000.0,1500.0
2025-03-27 00:00:00+05:30,Vantimamidi,Vantimamidi,Cucumber,28.0,500.0,1200.0,850.0
2025-03-28 00:00:00+05:30,Bowenpally,Bowenpally,Pumpkin,796.0,400.0,1000.0,800.0
2025-03-28 00:00:00+05:30,Gudimalkapur,Gudumalkapur,Drumstick,67.0,1000.0,2000.0,1500.0
2025-03-28 00:00:00+05:30,Vantimamidi,Vantimamidi,Cucumber,5.0,1000.0,1000.0,1000.0
2025-03-29 00:00:00+05:30,Bowenpally,Bowenpally,Pumpkin,456.0,800.0,1000.0,950.0
2025-03-29 00:00:00+05:30,Gudimalkapur,Gudumalkapur,Drumstick,85.0,1500.0,2000.0,1800.0
2025-03-31 00:00:00+05:30,Bowenpally,Bowenpally,Pumpkin,585.0,400.0,1000.0,800.0
2025-03-31 00:00:00+05:30,Gudimalkapur,Gudumalkapur,Drumstick,14.0,1000.0,1500.0,1200.0
2025-03-31 00:00:00+05:30,Vantimamidi,Vantimamidi,Cucumber,14.0,500.0,1500.0,1000.0
2025-03-23 00:00:00+05:30,Vantimamidi,Vantimamidi,Drumstick,9.0,1500.0,1500.0,1500.0
2025-03-23 00:00:00+05:30,Bowenpally,Bowenpally,Cucumber,309.0,800.0,1500.0,1300.0
2025-03-22 00:00:00+05:30,Vantimamidi,Vantimamidi,Drumstick,12.0,1600.0,1600.0,1600.0
2025-03-21 00:00:00+05:30,Vantimamidi,Vantimamidi,Drumstick,9.0,1500.0,1500.0,1500.0
2025-03-22 00:00:00+05:30,Bowenpally,Bowenpally,Cucumber,349.0,500.0,1500.0,1200.0
2025-03-21 00:00:00+05:30,Nizamabad,Nizamabad,Tumeric,3126.0,8000.0,12855.0,9900.0
2025-03-21 00:00:00+05:30,Bowenpally,Bowenpally,Cucumber,385.0,500.0,1500.0,1200.0
2025-03-20 00:00:00+05:30,Nizamabad,Nizamabad,Tumeric,4092.0,8000.0,11579.0,9555.0
2025-03-20 00:00:00+05:30,Vantimamidi,Vantimamidi,Drumstick,6.0,1500.0,1800.0,1650.0
2025-03-20 00:00:00+05:30,Bowenpally,Bowenpally,Cucumber,357.0,500.0,1700.0,1200.0
2025-03-19 00:00:00+05:30,Vantimamidi,Vantimamidi,Drumstick,11.0,1500.0,1800.0,1650.0
2025-03-19 00:00:00+05:30,Nizamabad,Nizamabad,Tumeric,4450.0,8000.0,11139.0,9500.0
2025-03-18 00:00:00+05:30,Vantimamidi,Vantimamidi,Drumstick,7.0,1500.0,1500.0,1500.0
2025-03-19 00:00:00+05:30,Bowenpally,Bowenpally,Cucumber,471.0,500.0,1700.0,1300.0
2025-03-18 00:00:00+05:30,Nizamabad,Nizamabad,Tumeric,4595.0,8000.0,10770.0,9455.0
2025-03-17 00:00:00+05:30,Vantimamidi,Vantimamidi,Drumstick,6.0,2000.0,2000.0,2000.0
2025-03-18 00:00:00+05:30,Bowenpally,Bowenpally,Cucumber,481.0,1000.0,2000.0,1700.0
2025-03-17 00:00:00+05:30,Nizamabad,Nizamabad,Tumeric,7820.0,8000.0,10600.0,9400.0
2025-03-16 00:00:00+05:30,Vantimamidi,Vantimamidi,Drumstick,12.0,1500.0,1500.0,1500.0
2025-03-17 00:00:00+05:30,Bowenpally,Bowenpally,Cucumber,446.0,1000.0,2000.0,1700.0
2025-03-15 00:00:00+05:30,Vantimamidi,Vantimamidi,Drumstick,5.0,1500.0,1500.0,1500.0
2025-03-16 00:00:00+05:30,Bowenpally,Bowenpally,Cucumber,467.0,1000.0,2000.0,1800.0
2025-03-15 00:00:00+05:30,Bowenpally,Bowenpally,Cucumber,342.0,600.0,1500.0,1200.0
2025-03-14 00:00:00+05:30,Bowenpally,Bowenpally,Cucumber,93.0,500.0,1500.0,1200.0
2025-03-13 00:00:00+05:30,Vantimamidi,Vantimamidi,Drumstick,1.0,2000.0,2000.0,2000.0
2025-03-13 00:00:00+05:30,Bowenpally,Bowenpally,Cucumber,310.0,500.0,1800.0,1400.0
2025-03-12 00:00:00+05:30,Vantimamidi,Vantimamidi,Drumstick,4.0,1500.0,1500.0,1500.0
2025-03-11 00:00:00+05:30,Vantimamidi,Vantimamidi,Drumstick,9.0,2000.0,2500.0,2250.0
2025-03-12 00:00:00+05:30,Bowenpally,Bowenpally,Cucumber,502.0,500.0,1800.0,1400.0
2025-03-11 00:00:00+05:30,Nizamabad,Nizamabad,Tumeric,8395.0,8000.0,10189.0,9200.0
2025-03-11 00:00:00+05:30,Bowenpally,Bowenpally,Cucumber,431.0,800.0,2200.0,1700.0
2025-03-10 00:00:00+05:30,Vantimamidi,Vantimamidi,Drumstick,3.0,1500.0,2500.0,2000.0
2025-03-10 00:00:00+05:30,Bowenpally,Bowenpally,Cucumber,345.0,400.0,1700.0,1200.0
2025-03-09 00:00:00+05:30,Bowenpally,Bowenpally,Cucumber,324.0,500.0,1500.0,1200.0
2025-03-08 00:00:00+05:30,Bowenpally,Bowenpally,Cucumber,402.0,800.0,1500.0,1300.0
2025-03-07 00:00:00+05:30,Bowenpally,Bowenpally,Cucumber,467.0,500.0,1500.0,1200.0
2025-03-06 00:00:00+05:30,Nizamabad,Nizamabad,Tumeric,5149.0,8001.0,10568.0,9400.0
2025-03-06 00:00:00+05:30,Bowenpally,Bowenpally,Cucumber,460.0,1000.0,1500.0,1400.0
2025-03-05 00:00:00+05:30,Vantimamidi,Vantimamidi,Drumstick,3.0,1500.0,1500.0,1500.0
2025-03-05 00:00:00+05:30,Bowenpally,Bowenpally,Cucumber,410.0,500.0,150.0,1200.0
2025-03-05 00:00:00+05:30,Nizamabad,Nizamabad,Tumeric,3853.0,8001.0,10568.0,9400.0
2025-03-04 00:00:00+05:30,Vantimamidi,Vantimamidi,Drumstick,3.0,2000.0,3000.0,2500.0
2025-03-04 00:00:00+05:30,Nizamabad,Nizamabad,Tumeric,3885.0,8000.0,10678.0,9434.0
2025-03-04 00:00:00+05:30,Bowenpally,Bowenpally,Cucumber,327.0,800.0,2200.0,1800.0
2025-03-03 00:00:00+05:30,Nizamabad,Nizamabad,Tumeric,11320.0,8000.0,11089.0,9500.0
2025-03-03 00:00:00+05:30,Bowenpally,Bowenpally,Cucumber,468.0,600.0,2000.0,1500.0
2025-03-01 00:00:00+05:30,Vantimamidi,Vantimamidi,Drumstick,2.0,1500.0,1500.0,1500.0
2025-03-02 00:00:00+05:30,Bowenpally,Bowenpally,Cucumber,456.0,1000.0,2200.0,1800.0
2025-03-01 00:00:00+05:30,Bowenpally,Bowenpally,Cucumber,468.0,500.0,2500.0,2000.0
2025-03-31 00:00:00+05:30,Vantimamidi,Vantimamidi,Drumstick,2.0,2500.0,2500.0,2500.0
2025-03-31 00:00:00+05:30,Bowenpally,Bowenpally,Cucumber,91.0,800.0,2000.0,1600.0
2025-03-29 00:00:00+05:30,Bowenpally,Bowenpally,Cucumber,219.0,500.0,1500.0,1200.0
2025-03-28 00:00:00+05:30,Vantimamidi,Vantimamidi,Drumstick,9.0,2000.0,2000.0,2000.0
2025-03-28 00:00:00+05:30,Bowenpally,Bowenpally,Cucumber,233.0,500.0,1500.0,1200.0
2025-03-27 00:00:00+05:30,Vantimamidi,Vantimamidi,Drumstick,1.0,1000.0,2000.0,1500.0
2025-03-27 00:00:00+05:30,Nizamabad,Nizamabad,Tumeric,2484.0,8000.0,12315.0,10700.0
2025-03-27 00:00:00+05:30,Bowenpally,Bowenpally,Cucumber,405.0,500.0,1500.0,1200.0
2025-03-26 00:00:00+05:30,Nizamabad,Nizamabad,Tumeric,2879.0,8000.0,12222.0,10689.0
2025-03-26 00:00:00+05:30,Bowenpally,Bowenpally,Cucumber,305.0,500.0,1500.0,1200.0
2025-03-25 00:00:00+05:30,Nizamabad,Nizamabad,Tumeric,3185.0,8000.0,12090.0,10500.0
2025-03-25 00:00:00+05:30,Bowenpally,Bowenpally,Cucumber,413.0,500.0,1500.0,1200.0
2025-03-24 00:00:00+05:30,Nizamabad,Nizamabad,Tumeric,5498.0,8000.0,12059.0,10400.0
2025-03-24 00:00:00+05:30,Bowenpally,Bowenpally,Cucumber,216.0,500.0,2000.0,1600.0
2025-03-01 00:00:00+05:30,Bowenpally,Bowenpally,Drumstick,666.0,2000.0,4500.0,3500.0
2025-03-02 00:00:00+05:30,Bowenpally,Bowenpally,Drumstick,686.0,2000.0,4500.0,3500.0
2025-03-01 00:00:00+05:30,Gudimalkapur,Gudumalkapur,Donda,182.0,2400.0,3500.0,2600.0
2025-03-03 00:00:00+05:30,Bowenpally,Bowenpally,Drumstick,578.0,2000.0,5000.0,4000.0
2025-03-03 00:00:00+05:30,Warangal,Warangal,Chillies(Dry),701.0,14500.0,17000.0,16000.0
2025-03-02 00:00:00+05:30,Gudimalkapur,Gudumalkapur,Donda,193.0,1600.0,3500.0,2400.0
2025-03-03 00:00:00+05:30,Gudimalkapur,Gudumalkapur,Donda,113.0,2000.0,3500.0,2500.0
2025-03-04 00:00:00+05:30,Bowenpally,Bowenpally,Drumstick,716.0,1500.0,4500.0,3500.0
2025-03-04 00:00:00+05:30,Warangal,Warangal,Chillies(Dry),285.0,12500.0,17100.0,15500.0
2025-03-04 00:00:00+05:30,Gudimalkapur,Gudumalkapur,Donda,111.0,2000.0,3500.0,2200.0
2025-03-05 00:00:00+05:30,Warangal,Warangal,Chillies(Dry),410.0,13000.0,17100.0,15500.0
2025-03-05 00:00:00+05:30,Bowenpally,Bowenpally,Drumstick,558.0,1500.0,4000.0,3000.0
2025-03-06 00:00:00+05:30,Bowenpally,Bowenpally,Drumstick,510.0,200.0,400.0,350.0
2025-03-05 00:00:00+05:30,Gudimalkapur,Gudumalkapur,Donda,118.0,2000.0,3500.0,2400.0
2025-03-05 00:00:00+05:30,Sadasivpet,Sadasivapet,Ajwan,1.0,9101.0,9603.0,9101.0
2025-03-06 00:00:00+05:30,Warangal,Warangal,Chillies(Dry),386.0,13000.0,17300.0,16000.0
2025-03-06 00:00:00+05:30,Gudimalkapur,Gudumalkapur,Donda,118.0,1600.0,3500.0,2000.0
2025-03-07 00:00:00+05:30,Bowenpally,Bowenpally,Drumstick,568.0,1500.0,4500.0,3500.0
2025-03-07 00:00:00+05:30,Warangal,Warangal,Chillies(Dry),302.0,13000.0,17200.0,16000.0
2025-03-08 00:00:00+05:30,Bowenpally,Bowenpally,Drumstick,565.0,2000.0,4500.0,3400.0
2025-03-07 00:00:00+05:30,Gudimalkapur,Gudumalkapur,Donda,86.0,2000.0,3000.0,2400.0
2025-03-09 00:00:00+05:30,Bowenpally,Bowenpally,Drumstick,499.0,1500.0,4000.0,3000.0
2025-03-08 00:00:00+05:30,Gudimalkapur,Gudumalkapur,Donda,119.0,2000.0,3000.0,2200.0
2025-03-08 00:00:00+05:30,Siddipet,Siddipet,Sunflower,15.57,5001.0,5061.0,5040.0
2025-03-10 00:00:00+05:30,Bowenpally,Bowenpally,Drumstick,596.0,1500.0,4000.0,3000.0
2025-03-09 00:00:00+05:30,Gudimalkapur,Gudumalkapur,Donda,180.0,2000.0,3000.0,2500.0
2025-03-10 00:00:00+05:30,Gudimalkapur,Gudumalkapur,Donda,155.0,2000.0,3000.0,2400.0
2025-03-11 00:00:00+05:30,Bowenpally,Bowenpally,Drumstick,666.0,2000.0,4000.0,3500.0
2025-03-10 00:00:00+05:30,Warangal,Warangal,Chillies(Dry),605.0,13000.0,17000.0,16000.0
2025-03-10 00:00:00+05:30,Siddipet,Siddipet,Sunflower,9.21,5607.0,5607.0,5607.0
2025-03-11 00:00:00+05:30,Warangal,Warangal,Chillies(Dry),662.0,14000.0,16500.0,15500.0
2025-03-12 00:00:00+05:30,Bowenpally,Bowenpally,Drumstick,710.0,2000.0,4000.0,3500.0
2025-03-11 00:00:00+05:30,Gudimalkapur,Gudumalkapur,Donda,173.0,2000.0,3500.0,2500.0
2025-03-13 00:00:00+05:30,Bowenpally,Bowenpally,Drumstick,946.0,1500.0,4000.0,3200.0
2025-03-12 00:00:00+05:30,Gudimalkapur,Gudumalkapur,Donda,160.0,1600.0,3500.0,2000.0
2025-03-12 00:00:00+05:30,Warangal,Warangal,Chillies(Dry),454.0,13000.0,16500.0,15000.0
2025-03-13 00:00:00+05:30,Gudimalkapur,Gudumalkapur,Donda,160.0,1600.0,3000.0,2000.0
2025-03-14 00:00:00+05:30,Bowenpally,Bowenpally,Drumstick,420.0,1500.0,4000.0,3000.0
2025-03-14 00:00:00+05:30,Gudimalkapur,Gudumalkapur,Donda,53.0,1600.0,3000.0,2000.0
2025-03-15 00:00:00+05:30,Bowenpally,Bowenpally,Drumstick,678.0,1000.0,3000.0,2500.0
2025-03-15 00:00:00+05:30,Siddipet,Siddipet,Sunflower,6.19,4428.0,4428.0,4428.0
2025-03-16 00:00:00+05:30,Bowenpally,Bowenpally,Drumstick,904.0,800.0,2500.0,2000.0
2025-03-15 00:00:00+05:30,Gudimalkapur,Gudumalkapur,Donda,195.0,1600.0,2500.0,1600.0
2025-03-17 00:00:00+05:30,Bowenpally,Bowenpally,Drumstick,894.0,1500.0,2500.0,2300.0
2025-03-16 00:00:00+05:30,Gudimalkapur,Gudumalkapur,Donda,127.0,1000.0,2500.0,1000.0
2025-03-17 00:00:00+05:30,Warangal,Warangal,Chillies(Dry),925.0,13000.0,16000.0,15000.0
2025-03-18 00:00:00+05:30,Bowenpally,Bowenpally,Drumstick,847.0,1500.0,2500.0,2200.0
2025-03-17 00:00:00+05:30,Gudimalkapur,Gudumalkapur,Donda,187.0,1200.0,3000.0,1800.0
2025-03-18 00:00:00+05:30,Gudimalkapur,Gudumalkapur,Donda,183.0,1400.0,2500.0,1600.0
2025-03-18 00:00:00+05:30,Warangal,Warangal,Chillies(Dry),569.0,12000.0,15800.0,14000.0
2025-03-19 00:00:00+05:30,Bowenpally,Bowenpally,Drumstick,910.0,800.0,2000.0,1600.0
2025-03-19 00:00:00+05:30,Warangal,Warangal,Chillies(Dry),679.0,12000.0,15800.0,14000.0
2025-03-19 00:00:00+05:30,Gudimalkapur,Gudumalkapur,Donda,187.0,1600.0,2500.0,2000.0
2025-03-20 00:00:00+05:30,Bowenpally,Bowenpally,Drumstick,804.0,600.0,2000.0,1500.0
2025-03-20 00:00:00+05:30,Warangal,Warangal,Chillies(Dry),416.0,12500.0,15800.0,14000.0
2025-03-20 00:00:00+05:30,Gudimalkapur,Gudumalkapur,Donda,188.0,1500.0,3000.0,1600.0
2025-03-21 00:00:00+05:30,Bowenpally,Bowenpally,Drumstick,991.0,500.0,2000.0,1500.0
2025-03-21 00:00:00+05:30,Warangal,Warangal,Chillies(Dry),154.0,10000.0,13800.0,12500.0
2025-03-21 00:00:00+05:30,Gudimalkapur,Gudumalkapur,Donda,165.0,1000.0,1500.0,1200.0
2025-03-22 00:00:00+05:30,Bowenpally,Bowenpally,Drumstick,749.0,600.0,2000.0,1600.0
2025-03-22 00:00:00+05:30,Gudimalkapur,Gudumalkapur,Donda,140.0,800.0,2000.0,1000.0
2025-03-23 00:00:00+05:30,Bowenpally,Bowenpally,Drumstick,531.0,1000.0,2000.0,1700.0
2025-03-23 00:00:00+05:30,Gudimalkapur,Gudumalkapur,Donda,172.0,800.0,2500.0,1600.0
2025-03-24 00:00:00+05:30,Bowenpally,Bowenpally,Drumstick,773.0,500.0,2000.0,1600.0
2025-03-24 00:00:00+05:30,Warangal,Warangal,Chillies(Dry),1058.0,10500.0,13500.0,12500.0
2025-03-25 00:00:00+05:30,Bowenpally,Bowenpally,Drumstick,866.0,600.0,2000.0,1500.0
2025-03-24 00:00:00+05:30,Gudimalkapur,Gudumalkapur,Donda,140.0,800.0,2000.0,1400.0
2025-03-25 00:00:00+05:30,Warangal,Warangal,Chillies(Dry),718.0,10000.0,13300.0,12500.0
2025-03-26 00:00:00+05:30,Bowenpally,Bowenpally,Drumstick,675.0,600.0,2000.0,1500.0
2025-03-25 00:00:00+05:30,Gudimalkapur,Gudumalkapur,Donda,173.0,1000.0,2000.0,1500.0
2025-03-26 00:00:00+05:30,Warangal,Warangal,Chillies(Dry),860.0,10000.0,13000.0,12000.0
2025-03-27 00:00:00+05:30,Bowenpally,Bowenpally,Drumstick,542.0,600.0,2000.0,2500.0
2025-03-26 00:00:00+05:30,Gudimalkapur,Gudumalkapur,Donda,223.0,800.0,2000.0,1400.0
2025-03-27 00:00:00+05:30,Siddipet,Siddipet,Sunflower,7.82,4621.0,4621.0,4621.0
2025-03-27 00:00:00+05:30,Warangal,Warangal,Chillies(Dry),787.0,10500.0,13100.0,12000.0
2025-03-27 00:00:00+05:30,Gudimalkapur,Gudumalkapur,Donda,240.0,600.0,2000.0,800.0
2025-03-28 00:00:00+05:30,Bowenpally,Bowenpally,Drumstick,709.0,600.0,2000.0,1500.0
2025-03-28 00:00:00+05:30,Gudimalkapur,Gudumalkapur,Donda,225.0,400.0,2000.0,600.0
2025-03-29 00:00:00+05:30,Bowenpally,Bowenpally,Drumstick,874.0,1000.0,2000.0,1700.0
2025-03-29 00:00:00+05:30,Gudimalkapur,Gudumalkapur,Donda,170.0,1000.0,1200.0,1100.0
2025-03-31 00:00:00+05:30,Bowenpally,Bowenpally,Drumstick,270.0,1000.0,2500.0,2000.0
2025-03-31 00:00:00+05:30,Gudimalkapur,Gudumalkapur,Donda,40.0,1000.0,2000.0,1500.0
2025-03-23 00:00:00+05:30,Vantimamidi,Vantimamidi,Donda,60.0,2000.0,3000.0,2500.0
2025-03-22 00:00:00+05:30,Vantimamidi,Vantimamidi,Donda,75.0,2000.0,4000.0,3000.0
2025-03-21 00:00:00+05:30,Vantimamidi,Vantimamidi,Donda,67.0,2500.0,3500.0,3000.0
2025-03-21 00:00:00+05:30,Warangal,Warangal,Chillies(Dry),57.0,9000.0,12000.0,11000.0
2025-03-20 00:00:00+05:30,Vantimamidi,Vantimamidi,Donda,71.0,2500.0,3200.0,2850.0
2025-03-20 00:00:00+05:30,Warangal,Warangal,Chillies(Dry),162.0,9000.0,12000.0,11000.0
2025-03-19 00:00:00+05:30,Vantimamidi,Vantimamidi,Donda,65.0,2500.0,3200.0,2850.0
2025-03-19 00:00:00+05:30,Warangal,Warangal,Chillies(Dry),193.0,10000.0,12500.0,11500.0
2025-03-18 00:00:00+05:30,Vantimamidi,Vantimamidi,Donda,35.0,3000.0,3500.0,3250.0
2025-03-18 00:00:00+05:30,Warangal,Warangal,Chillies(Dry),160.0,9500.0,12400.0,11000.0
2025-03-17 00:00:00+05:30,Vantimamidi,Vantimamidi,Donda,34.0,3000.0,3500.0,3250.0
2025-03-17 00:00:00+05:30,Warangal,Warangal,Chillies(Dry),48.0,9000.0,11700.0,10200.0
2025-03-17 00:00:00+05:30,Nizamabad,Nizamabad,Tamarind,9.0,11011.0,12500.0,11800.0
2025-03-16 00:00:00+05:30,Vantimamidi,Vantimamidi,Donda,30.0,200.0,3500.0,2750.0
2025-03-15 00:00:00+05:30,Vantimamidi,Vantimamidi,Donda,40.0,2000.0,3500.0,2750.0
2025-03-14 00:00:00+05:30,Vantimamidi,Vantimamidi,Donda,62.0,2000.0,3000.0,2500.0
2025-03-13 00:00:00+05:30,Vantimamidi,Vantimamidi,Donda,25.0,2000.0,3000.0,2500.0
2025-03-12 00:00:00+05:30,Vantimamidi,Vantimamidi,Donda,8.0,2500.0,3500.0,3000.0
2025-03-11 00:00:00+05:30,Vantimamidi,Vantimamidi,Donda,10.0,1500.0,3000.0,2250.0
2025-03-10 00:00:00+05:30,Warangal,Warangal,Chillies(Dry),152.0,10000.0,12800.0,11000.0
2025-03-10 00:00:00+05:30,Vantimamidi,Vantimamidi,Donda,30.0,2500.0,3500.0,3000.0
2025-03-08 00:00:00+05:30,Vantimamidi,Vantimamidi,Donda,34.0,1000.0,3000.0,2000.0
2025-03-07 00:00:00+05:30,Vantimamidi,Vantimamidi,Donda,4.0,1500.0,2000.0,1750.0
2025-03-07 00:00:00+05:30,Warangal,Warangal,Chillies(Dry),87.0,10000.0,13100.0,12000.0
2025-03-06 00:00:00+05:30,Vantimamidi,Vantimamidi,Donda,35.0,2500.0,3000.0,2750.0
2025-03-06 00:00:00+05:30,Warangal,Warangal,Chillies(Dry),99.0,10500.0,13000.0,12000.0
2025-03-05 00:00:00+05:30,Vantimamidi,Vantimamidi,Donda,10.0,2000.0,3000.0,2500.0
2025-03-05 00:00:00+05:30,Warangal,Warangal,Chillies(Dry),266.0,10000.0,13000.0,12500.0
2025-03-04 00:00:00+05:30,Nizamabad,Nizamabad,Tamarind,13.0,9060.0,11260.0,11200.0
2025-03-04 00:00:00+05:30,Vantimamidi,Vantimamidi,Donda,35.0,2500.0,3000.0,2750.0
2025-03-04 00:00:00+05:30,Warangal,Warangal,Chillies(Dry),50.0,11000.0,13100.0,12000.0
2025-03-03 00:00:00+05:30,Vantimamidi,Vantimamidi,Donda,11.0,1500.0,2500.0,2000.0
2025-03-02 00:00:00+05:30,Vantimamidi,Vantimamidi,Donda,3.0,1000.0,3000.0,2000.0
2025-03-03 00:00:00+05:30,Warangal,Warangal,Chillies(Dry),342.0,10000.0,13000.0,12000.0
2025-03-01 00:00:00+05:30,Vantimamidi,Vantimamidi,Donda,13.0,1000.0,2000.0,1500.0
2025-03-30 00:00:00+05:30,Vantimamidi,Vantimamidi,Donda,20.0,1500.0,3200.0,2350.0
2025-03-31 00:00:00+05:30,Vantimamidi,Vantimamidi,Donda,41.0,1500.0,3500.0,2500.0
2025-03-28 00:00:00+05:30,Vantimamidi,Vantimamidi,Donda,33.0,1000.0,3000.0,2000.0
2025-03-27 00:00:00+05:30,Vantimamidi,Vantimamidi,Donda,23.0,1000.0,2500.0,1750.0
2025-03-27 00:00:00+05:30,Warangal,Warangal,Chillies(Dry),224.0,9000.0,12200.0,11500.0
2025-03-26 00:00:00+05:30,Vantimamidi,Vantimamidi,Donda,64.0,1500.0,2800.0,2150.0
2025-03-26 00:00:00+05:30,Warangal,Warangal,Chillies(Dry),333.0,9000.0,12000.0,11000.0
2025-03-25 00:00:00+05:30,Vantimamidi,Vantimamidi,Donda,36.0,2000.0,3000.0,2500.0
2025-03-25 00:00:00+05:30,Warangal,Warangal,Chillies(Dry),117.0,9000.0,12000.0,11000.0
2025-03-25 00:00:00+05:30,Nizamabad,Nizamabad,Tamarind,6.0,12624.0,13100.0,12624.0
2025-03-24 00:00:00+05:30,Vantimamidi,Vantimamidi,Donda,30.0,2000.0,4000.0,3000.0
2025-03-24 00:00:00+05:30,Warangal,Warangal,Chillies(Dry),444.0,8500.0,11000.0,10000.0
2025-03-01 00:00:00+05:30,Vantimamidi,Vantimamidi,Lobha,10.0,1000.0,1500.0,1250.0
2025-03-02 00:00:00+05:30,Bowenpally,Bowenpally,Culinery Banana,184.0,200.0,600.0,500.0
2025-03-01 00:00:00+05:30,Gudimalkapur,Gudumalkapur,Lobha,2.0,800.0,1000.0,900.0
2025-03-01 00:00:00+05:30,Bowenpally,Bowenpally,Culinery Banana,199.0,300.0,700.0,600.0
2025-03-03 00:00:00+05:30,Warangal,Warangal,Chillies(Dry),878.0,3000.0,6500.0,5000.0
2025-03-03 00:00:00+05:30,Bowenpally,Bowenpally,Culinery Banana,198.0,300.0,600.0,500.0
2025-03-02 00:00:00+05:30,Vantimamidi,Vantimamidi,Lobha,8.0,1000.0,1500.0,1250.0
2025-03-02 00:00:00+05:30,Gudimalkapur,Gudumalkapur,Lobha,3.0,1000.0,1000.0,1000.0
2025-03-03 00:00:00+05:30,Gudimalkapur,Gudumalkapur,Lobha,5.0,1000.0,1500.0,1000.0
2025-03-04 00:00:00+05:30,Warangal,Warangal,Chillies(Dry),587.0,3000.0,6000.0,5000.0
2025-03-04 00:00:00+05:30,Bowenpally,Bowenpally,Culinery Banana,175.0,300.0,600.0,500.0
2025-03-04 00:00:00+05:30,Vantimamidi,Vantimamidi,Lobha,12.0,1000.0,2000.0,1500.0
2025-03-04 00:00:00+05:30,Gudimalkapur,Gudumalkapur,Lobha,1.0,1500.0,1500.0,1500.0
2025-03-05 00:00:00+05:30,Warangal,Warangal,Chillies(Dry),1285.0,2500.0,6500.0,5000.0
2025-03-05 00:00:00+05:30,Bowenpally,Bowenpally,Culinery Banana,205.0,300.0,600.0,500.0
2025-03-05 00:00:00+05:30,Vantimamidi,Vantimamidi,Lobha,50.0,500.0,1500.0,1000.0
2025-03-06 00:00:00+05:30,Bowenpally,Bowenpally,Culinery Banana,184.0,200.0,600.0,500.0
2025-03-05 00:00:00+05:30,Gudimalkapur,Gudumalkapur,Lobha,3.0,1000.0,1000.0,1000.0
2025-03-06 00:00:00+05:30,Warangal,Warangal,Chillies(Dry),967.0,2500.0,6500.0,5000.0
2025-03-06 00:00:00+05:30,Vantimamidi,Vantimamidi,Lobha,5.0,1000.0,1500.0,1250.0
2025-03-06 00:00:00+05:30,Gudimalkapur,Gudumalkapur,Lobha,12.0,1000.0,1000.0,1000.0
2025-03-07 00:00:00+05:30,Warangal,Warangal,Chillies(Dry),765.0,3500.0,7000.0,5500.0
2025-03-07 00:00:00+05:30,Bowenpally,Bowenpally,Culinery Banana,151.0,300.0,600.0,500.0
2025-03-07 00:00:00+05:30,Vantimamidi,Vantimamidi,Lobha,28.0,1000.0,1500.0,1250.0
2025-03-07 00:00:00+05:30,Gudimalkapur,Gudumalkapur,Lobha,2.0,1000.0,1000.0,1000.0
2025-03-08 00:00:00+05:30,Bowenpally,Bowenpally,Culinery Banana,185.0,200.0,600.0,500.0
2025-03-08 00:00:00+05:30,Vantimamidi,Vantimamidi,Lobha,20.0,1500.0,2000.0,1750.0
2025-03-08 00:00:00+05:30,Gudimalkapur,Gudumalkapur,Lobha,6.0,1000.0,1000.0,1000.0
2025-03-09 00:00:00+05:30,Bowenpally,Bowenpally,Culinery Banana,216.0,300.0,600.0,500.0
2025-03-09 00:00:00+05:30,Gudimalkapur,Gudumalkapur,Lobha,2.0,1000.0,1500.0,1000.0
2025-03-10 00:00:00+05:30,Bowenpally,Bowenpally,Culinery Banana,184.0,300.0,600.0,500.0
2025-03-10 00:00:00+05:30,Vantimamidi,Vantimamidi,Lobha,9.0,500.0,1500.0,1000.0
2025-03-10 00:00:00+05:30,Gudimalkapur,Gudumalkapur,Lobha,6.0,1000.0,1500.0,1000.0
2025-03-11 00:00:00+05:30,Bowenpally,Bowenpally,Culinery Banana,136.0,200.0,600.0,500.0
2025-03-10 00:00:00+05:30,Warangal,Warangal,Chillies(Dry),1845.0,3000.0,6000.0,4500.0
2025-03-11 00:00:00+05:30,Vantimamidi,Vantimamidi,Lobha,43.0,1000.0,2000.0,1500.0
2025-03-11 00:00:00+05:30,Gudimalkapur,Gudumalkapur,Lobha,6.0,800.0,1000.0,800.0
2025-03-12 00:00:00+05:30,Bowenpally,Bowenpally,Culinery Banana,219.0,300.0,600.0,500.0
2025-03-11 00:00:00+05:30,Warangal,Warangal,Chillies(Dry),1296.0,3000.0,6000.0,4500.0
2025-03-12 00:00:00+05:30,Vantimamidi,Vantimamidi,Lobha,64.0,500.0,1500.0,1000.0
2025-03-13 00:00:00+05:30,Bowenpally,Bowenpally,Culinery Banana,179.0,300.0,600.0,500.0
2025-03-12 00:00:00+05:30,Warangal,Warangal,Chillies(Dry),872.0,2500.0,6500.0,5000.0
2025-03-12 00:00:00+05:30,Gudimalkapur,Gudumalkapur,Lobha,16.0,1000.0,1200.0,1000.0
2025-03-13 00:00:00+05:30,Vantimamidi,Vantimamidi,Lobha,32.0,500.0,1500.0,1000.0
2025-03-13 00:00:00+05:30,Gudimalkapur,Gudumalkapur,Lobha,7.0,800.0,1200.0,1000.0
2025-03-14 00:00:00+05:30,Vantimamidi,Vantimamidi,Lobha,9.0,1000.0,1500.0,1250.0
2025-03-14 00:00:00+05:30,Gudimalkapur,Gudumalkapur,Lobha,9.0,1000.0,1000.0,1000.0
2025-03-14 00:00:00+05:30,Bowenpally,Bowenpally,Culinery Banana,114.0,300.0,600.0,500.0
2025-03-15 00:00:00+05:30,Vantimamidi,Vantimamidi,Lobha,42.0,500.0,1000.0,750.0
2025-03-15 00:00:00+05:30,Bowenpally,Bowenpally,Culinery Banana,129.0,200.0,600.0,500.0
2025-03-16 00:00:00+05:30,Vantimamidi,Vantimamidi,Lobha,20.0,1000.0,1500.0,1250.0
2025-03-16 00:00:00+05:30,Gudimalkapur,Gudumalkapur,Lobha,3.0,1000.0,1500.0,1000.0
2025-03-17 00:00:00+05:30,Bowenpally,Bowenpally,Culinery Banana,166.0,200.0,600.0,500.0
2025-03-17 00:00:00+05:30,Warangal,Warangal,Chillies(Dry),609.0,2500.0,6500.0,5000.0
2025-03-17 00:00:00+05:30,Vantimamidi,Vantimamidi,Lobha,16.0,1000.0,1500.0,1250.0
2025-03-17 00:00:00+05:30,Gudimalkapur,Gudumalkapur,Lobha,6.0,800.0,1000.0,900.0
2025-03-18 00:00:00+05:30,Bowenpally,Bowenpally,Culinery Banana,130.0,200.0,600.0,500.0
2025-03-18 00:00:00+05:30,Warangal,Warangal,Chillies(Dry),735.0,2500.0,6000.0,5000.0
2025-03-18 00:00:00+05:30,Gudimalkapur,Gudumalkapur,Lobha,14.0,800.0,1000.0,900.0
2025-03-18 00:00:00+05:30,Vantimamidi,Vantimamidi,Lobha,20.0,400.0,1200.0,800.0
2025-03-19 00:00:00+05:30,Bowenpally,Bowenpally,Culinery Banana,116.0,300.0,600.0,500.0
2025-03-19 00:00:00+05:30,Warangal,Warangal,Chillies(Dry),688.0,3000.0,6500.0,5000.0
2025-03-19 00:00:00+05:30,Vantimamidi,Vantimamidi,Lobha,28.0,500.0,1500.0,1000.0
2025-03-19 00:00:00+05:30,Gudimalkapur,Gudumalkapur,Lobha,8.0,800.0,1000.0,900.0
2025-03-20 00:00:00+05:30,Warangal,Warangal,Chillies(Dry),725.0,3000.0,6500.0,5000.0
2025-03-20 00:00:00+05:30,Bowenpally,Bowenpally,Culinery Banana,229.0,200.0,600.0,500.0
2025-03-20 00:00:00+05:30,Vantimamidi,Vantimamidi,Lobha,15.0,500.0,1500.0,1000.0
2025-03-20 00:00:00+05:30,Gudimalkapur,Gudumalkapur,Lobha,6.0,1000.0,1000.0,1000.0
2025-03-21 00:00:00+05:30,Warangal,Warangal,Chillies(Dry),682.0,3000.0,6000.0,4500.0
2025-03-21 00:00:00+05:30,Bowenpally,Bowenpally,Culinery Banana,172.0,300.0,600.0,500.0
2025-03-21 00:00:00+05:30,Vantimamidi,Vantimamidi,Lobha,24.0,500.0,1200.0,850.0
2025-03-22 00:00:00+05:30,Bowenpally,Bowenpally,Culinery Banana,257.0,300.0,600.0,500.0
2025-03-21 00:00:00+05:30,Gudimalkapur,Gudumalkapur,Lobha,20.0,900.0,1100.0,800.0
2025-03-22 00:00:00+05:30,Vantimamidi,Vantimamidi,Lobha,35.0,500.0,1500.0,1000.0
2025-03-22 00:00:00+05:30,Gudimalkapur,Gudumalkapur,Lobha,9.0,1000.0,1000.0,1000.0
2025-03-23 00:00:00+05:30,Bowenpally,Bowenpally,Culinery Banana,243.0,200.0,700.0,500.0
2025-03-23 00:00:00+05:30,Vantimamidi,Vantimamidi,Lobha,29.0,300.0,500.0,400.0
2025-03-23 00:00:00+05:30,Gudimalkapur,Gudumalkapur,Lobha,11.0,900.0,1100.0,1000.0
2025-03-24 00:00:00+05:30,Warangal,Warangal,Chillies(Dry),747.0,2500.0,5000.0,4000.0
2025-03-24 00:00:00+05:30,Bowenpally,Bowenpally,Culinery Banana,147.0,300.0,600.0,500.0
2025-03-24 00:00:00+05:30,Vantimamidi,Vantimamidi,Lobha,32.0,500.0,1500.0,1000.0
2025-03-25 00:00:00+05:30,Bowenpally,Bowenpally,Culinery Banana,167.0,300.0,600.0,500.0
2025-03-24 00:00:00+05:30,Gudimalkapur,Gudumalkapur,Lobha,6.0,700.0,800.0,700.0
2025-03-25 00:00:00+05:30,Warangal,Warangal,Chillies(Dry),804.0,2500.0,5000.0,4000.0
2025-03-25 00:00:00+05:30,Vantimamidi,Vantimamidi,Lobha,19.0,500.0,1500.0,1000.0
2025-03-25 00:00:00+05:30,Gudimalkapur,Gudumalkapur,Lobha,17.0,600.0,1200.0,900.0
2025-03-26 00:00:00+05:30,Bowenpally,Bowenpally,Culinery Banana,138.0,400.0,600.0,550.0
2025-03-26 00:00:00+05:30,Warangal,Warangal,Chillies(Dry),614.0,2500.0,5000.0,4000.0
2025-03-26 00:00:00+05:30,Vantimamidi,Vantimamidi,Lobha,27.0,500.0,1500.0,1000.0
2025-03-26 00:00:00+05:30,Gudimalkapur,Gudumalkapur,Lobha,6.0,1000.0,1500.0,1200.0
2025-03-27 00:00:00+05:30,Bowenpally,Bowenpally,Culinery Banana,127.0,300.0,600.0,500.0
2025-03-27 00:00:00+05:30,Warangal,Warangal,Chillies(Dry),513.0,2500.0,5500.0,3500.0
2025-03-27 00:00:00+05:30,Vantimamidi,Vantimamidi,Lobha,30.0,500.0,1500.0,1000.0
2025-03-27 00:00:00+05:30,Gudimalkapur,Gudumalkapur,Lobha,11.0,1000.0,1500.0,1000.0
2025-03-28 00:00:00+05:30,Bowenpally,Bowenpally,Culinery Banana,74.0,200.0,600.0,500.0
2025-03-28 00:00:00+05:30,Vantimamidi,Vantimamidi,Lobha,26.0,500.0,1000.0,750.0
2025-03-29 00:00:00+05:30,Gudimalkapur,Gudumalkapur,Lobha,8.0,1000.0,1000.0,1000.0
2025-03-29 00:00:00+05:30,Bowenpally,Bowenpally,Culinery Banana,221.0,300.0,600.0,500.0
2025-03-31 00:00:00+05:30,Vantimamidi,Vantimamidi,Lobha,46.0,500.0,1000.0,750.0
2025-03-30 00:00:00+05:30,Vantimamidi,Vantimamidi,Lobha,7.0,600.0,1400.0,1000.0
2025-03-31 00:00:00+05:30,Gudimalkapur,Gudumalkapur,Lobha,2.0,120.0,1200.0,1200.0
2025-03-23 00:00:00+05:30,Gudimalkapur,Gudumalkapur,Green Mangos,35.0,2000.0,3000.0,2500.0
2025-03-23 00:00:00+05:30,Bowenpally,Bowenpally,Amla,33.0,2000.0,8000.0,6000.0
2025-03-22 00:00:00+05:30,Gudimalkapur,Gudumalkapur,Green Mangos,39.0,3000.0,3000.0,3000.0
2025-03-21 00:00:00+05:30,Gudimalkapur,Gudumalkapur,Green Mangos,21.0,3000.0,3000.0,3000.0
2025-03-22 00:00:00+05:30,Bowenpally,Bowenpally,Amla,38.0,5000.0,9500.0,6000.0
2025-03-21 00:00:00+05:30,Bowenpally,Bowenpally,Amla,12.0,2000.0,7000.0,5000.0
2025-03-21 00:00:00+05:30,Warangal,Warangal,Chillies(Dry),103.0,8000.0,11000.0,10000.0
2025-03-20 00:00:00+05:30,Gudimalkapur,Gudumalkapur,Green Mangos,82.0,2000.0,3000.0,2500.0
2025-03-20 00:00:00+05:30,Bowenpally,Bowenpally,Amla,55.0,5000.0,9000.0,8000.0
2025-03-19 00:00:00+05:30,Gudimalkapur,Gudumalkapur,Green Mangos,4.0,1000.0,1500.0,1000.0
2025-03-19 00:00:00+05:30,Warangal,Warangal,Chillies(Dry),105.0,9500.0,12500.0,11000.0
2025-03-19 00:00:00+05:30,Bowenpally,Bowenpally,Amla,45.0,3000.0,9000.0,7000.0
2025-03-18 00:00:00+05:30,Gudimalkapur,Gudumalkapur,Green Mangos,24.0,2500.0,3500.0,3000.0
2025-03-18 00:00:00+05:30,Warangal,Warangal,Chillies(Dry),389.0,9000.0,12000.0,11000.0
2025-03-18 00:00:00+05:30,Bowenpally,Bowenpally,Amla,46.0,2000.0,7000.0,5000.0
2025-03-17 00:00:00+05:30,Gudimalkapur,Gudumalkapur,Green Mangos,8.0,3000.0,3500.0,3000.0
2025-03-17 00:00:00+05:30,Bowenpally,Bowenpally,Amla,34.0,2000.0,7000.0,5000.0
2025-03-16 00:00:00+05:30,Gudimalkapur,Gudumalkapur,Green Mangos,2.0,4000.0,4000.0,4000.0
2025-03-15 00:00:00+05:30,Bowenpally,Bowenpally,Amla,9.0,3000.0,8000.0,6000.0
2025-03-15 00:00:00+05:30,Gudimalkapur,Gudumalkapur,Green Mangos,12.0,3000.0,3000.0,3000.0
2025-03-16 00:00:00+05:30,Bowenpally,Bowenpally,Amla,60.0,2000.0,9500.0,7000.0
2025-03-14 00:00:00+05:30,Bowenpally,Bowenpally,Amla,2.0,2000.0,7000.0,5000.0
2025-03-13 00:00:00+05:30,Gudimalkapur,Gudumalkapur,Green Mangos,15.0,2500.0,3000.0,2500.0
2025-03-12 00:00:00+05:30,Gudimalkapur,Gudumalkapur,Green Mangos,34.0,2500.0,3000.0,2500.0
2025-03-12 00:00:00+05:30,Warangal,Warangal,Chillies(Dry),496.0,9000.0,11500.0,10000.0
2025-03-13 00:00:00+05:30,Bowenpally,Bowenpally,Amla,23.0,2000.0,8000.0,6000.0
2025-03-11 00:00:00+05:30,Warangal,Warangal,Chillies(Dry),378.0,9500.0,12500.0,10500.0
2025-03-11 00:00:00+05:30,Gudimalkapur,Gudumalkapur,Green Mangos,22.0,3000.0,3000.0,3000.0
2025-03-10 00:00:00+05:30,Warangal,Warangal,Chillies(Dry),466.0,9500.0,12000.0,11000.0
2025-03-11 00:00:00+05:30,Bowenpally,Bowenpally,Amla,35.0,2000.0,8500.0,5500.0
2025-03-10 00:00:00+05:30,Gudimalkapur,Gudumalkapur,Green Mangos,14.0,3000.0,3000.0,3000.0
2025-03-10 00:00:00+05:30,Bowenpally,Bowenpally,Amla,12.0,1500.0,6500.0,4500.0
2025-03-09 00:00:00+05:30,Gudimalkapur,Gudumalkapur,Green Mangos,4.0,3000.0,3000.0,3000.0
2025-03-09 00:00:00+05:30,Bowenpally,Bowenpally,Amla,34.0,2000.0,8500.0,6000.0
2025-03-08 00:00:00+05:30,Gudimalkapur,Gudumalkapur,Green Mangos,28.0,2500.0,4000.0,3000.0
2025-03-08 00:00:00+05:30,Bowenpally,Bowenpally,Amla,43.0,200.0,8000.0,6000.0
2025-03-07 00:00:00+05:30,Gudimalkapur,Gudumalkapur,Green Mangos,8.0,4000.0,4500.0,4000.0
2025-03-07 00:00:00+05:30,Bowenpally,Bowenpally,Amla,62.0,2000.0,8000.0,6000.0
2025-03-07 00:00:00+05:30,Warangal,Warangal,Chillies(Dry),516.0,9500.0,12000.0,11000.0
2025-03-06 00:00:00+05:30,Gudimalkapur,Gudumalkapur,Green Mangos,14.0,3000.0,5000.0,4000.0
2025-03-06 00:00:00+05:30,Warangal,Warangal,Chillies(Dry),228.0,9500.0,12000.0,11000.0
2025-03-05 00:00:00+05:30,Gudimalkapur,Gudumalkapur,Green Mangos,13.0,3000.0,4000.0,3000.0
2025-03-06 00:00:00+05:30,Bowenpally,Bowenpally,Amla,54.0,2000.0,8000.0,6000.0
2025-03-05 00:00:00+05:30,Bowenpally,Bowenpally,Amla,46.0,2500.0,8000.0,6000.0
2025-03-05 00:00:00+05:30,Warangal,Warangal,Chillies(Dry),285.0,9500.0,12500.0,11000.0
2025-03-04 00:00:00+05:30,Gudimalkapur,Gudumalkapur,Green Mangos,20.0,2000.0,4000.0,3000.0
2025-03-04 00:00:00+05:30,Bowenpally,Bowenpally,Amla,98.0,2500.0,7000.0,5500.0
2025-03-04 00:00:00+05:30,Warangal,Warangal,Chillies(Dry),210.0,9000.0,12600.0,11000.0
2025-03-03 00:00:00+05:30,Gudimalkapur,Gudumalkapur,Green Mangos,16.0,3000.0,5000.0,4000.0
2025-03-02 00:00:00+05:30,Gudimalkapur,Gudumalkapur,Green Mangos,12.0,3000.0,5000.0,3500.0
2025-03-03 00:00:00+05:30,Bowenpally,Bowenpally,Amla,15.0,2000.0,7000.0,5000.0
2025-03-03 00:00:00+05:30,Warangal,Warangal,Chillies(Dry),407.0,9500.0,12500.0,11500.0
2025-03-01 00:00:00+05:30,Bowenpally,Bowenpally,Amla,54.0,2000.0,7000.0,5000.0
2025-03-01 00:00:00+05:30,Gudimalkapur,Gudumalkapur,Green Mangos,16.0,5000.0,600.0,5000.0
2025-03-02 00:00:00+05:30,Bowenpally,Bowenpally,Amla,31.0,2000.0,7000.0,5200.0
2025-03-31 00:00:00+05:30,Gudimalkapur,Gudumalkapur,Green Mangos,34.0,1500.0,2000.0,1700.0
2025-03-31 00:00:00+05:30,Bowenpally,Bowenpally,Amla,58.0,5000.0,9000.0,8000.0
2025-03-29 00:00:00+05:30,Bowenpally,Bowenpally,Amla,28.0,2000.0,9000.0,7000.0
2025-03-29 00:00:00+05:30,Gudimalkapur,Gudumalkapur,Green Mangos,196.0,1500.0,2200.0,1800.0
2025-03-28 00:00:00+05:30,Gudimalkapur,Gudumalkapur,Green Mangos,47.0,1500.0,2000.0,1800.0
2025-03-28 00:00:00+05:30,Bowenpally,Bowenpally,Amla,15.0,5000.0,8000.0,7000.0
2025-03-27 00:00:00+05:30,Gudimalkapur,Gudumalkapur,Green Mangos,38.0,1500.0,2000.0,1800.0
2025-03-27 00:00:00+05:30,Bowenpally,Bowenpally,Amla,58.0,2000.0,9000.0,6500.0
2025-03-26 00:00:00+05:30,Gudimalkapur,Gudumalkapur,Green Mangos,43.0,2000.0,2500.0,2000.0
2025-03-26 00:00:00+05:30,Warangal,Warangal,Chillies(Dry),164.0,8500.0,11000.0,10000.0
2025-03-26 00:00:00+05:30,Bowenpally,Bowenpally,Amla,50.0,2000.0,9500.0,7000.0
2025-03-25 00:00:00+05:30,Gudimalkapur,Gudumalkapur,Green Mangos,42.0,2000.0,3000.0,2500.0
2025-03-25 00:00:00+05:30,Warangal,Warangal,Chillies(Dry),146.0,8000.0,11500.0,10500.0
2025-03-24 00:00:00+05:30,Gudimalkapur,Gudumalkapur,Green Mangos,30.0,1500.0,3000.0,2000.0
2025-03-25 00:00:00+05:30,Bowenpally,Bowenpally,Amla,14.0,4000.0,9500.0,7000.0
2025-03-24 00:00:00+05:30,Bowenpally,Bowenpally,Amla,34.0,2000.0,9500.0,6500.0
2025-03-24 00:00:00+05:30,Warangal,Warangal,Chillies(Dry),296.0,9000.0,12000.0,11000.0
2025-03-02 00:00:00+05:30,Bowenpally,Bowenpally,Donda,399.0,2000.0,4000.0,3200.0
2025-03-01 00:00:00+05:30,Vantimamidi,Vantimamidi,Sweet Corn,425.0,500.0,1000.0,750.0
2025-03-01 00:00:00+05:30,Gudimalkapur,Gudumalkapur,Arati-Green Plantain,18.0,2000.0,3000.0,2500.0
2025-03-01 00:00:00+05:30,Bowenpally,Bowenpally,Donda,450.0,800.0,4000.0,2800.0
2025-03-03 00:00:00+05:30,Warangal,Warangal,Chillies(Dry),245.0,20000.0,27000.0,25000.0
2025-03-03 00:00:00+05:30,Bowenpally,Bowenpally,Donda,408.0,800.0,3500.0,2400.0
2025-03-02 00:00:00+05:30,Gudimalkapur,Gudumalkapur,Arati-Green Plantain,18.0,2500.0,3000.0,2500.0
2025-03-02 00:00:00+05:30,Vantimamidi,Vantimamidi,Sweet Corn,303.0,500.0,1000.0,750.0
2025-03-03 00:00:00+05:30,Gudimalkapur,Gudumalkapur,Arati-Green Plantain,17.0,2000.0,3000.0,2500.0
2025-03-03 00:00:00+05:30,Vantimamidi,Vantimamidi,Sweet Corn,359.0,500.0,1000.0,750.0
2025-03-04 00:00:00+05:30,Warangal,Warangal,Chillies(Dry),217.0,20000.0,28100.0,25000.0
2025-03-04 00:00:00+05:30,Bowenpally,Bowenpally,Donda,481.0,800.0,3000.0,2400.0
2025-03-04 00:00:00+05:30,Gudimalkapur,Gudumalkapur,Arati-Green Plantain,14.0,2000.0,3000.0,2500.0
2025-03-04 00:00:00+05:30,Nizamabad,Nizamabad,Soyabean,1.0,2000.0,2000.0,2000.0
2025-03-04 00:00:00+05:30,Vantimamidi,Vantimamidi,Sweet Corn,481.0,500.0,500.0,500.0
2025-03-05 00:00:00+05:30,Warangal,Warangal,Chillies(Dry),324.0,20000.0,28500.0,25000.0
2025-03-05 00:00:00+05:30,Bowenpally,Bowenpally,Donda,344.0,1000.0,3500.0,2500.0
2025-03-06 00:00:00+05:30,Bowenpally,Bowenpally,Donda,348.0,1000.0,3500.0,2500.0
2025-03-05 00:00:00+05:30,Vantimamidi,Vantimamidi,Sweet Corn,341.0,500.0,500.0,500.0
2025-03-05 00:00:00+05:30,Gudimalkapur,Gudumalkapur,Arati-Green Plantain,15.0,2000.0,3000.0,2500.0
2025-03-06 00:00:00+05:30,Warangal,Warangal,Chillies(Dry),338.0,20000.0,30000.0,25000.0
2025-03-06 00:00:00+05:30,Gudimalkapur,Gudumalkapur,Arati-Green Plantain,17.0,2000.0,3000.0,2500.0
2025-03-06 00:00:00+05:30,Vantimamidi,Vantimamidi,Sweet Corn,313.0,500.0,500.0,500.0
2025-03-07 00:00:00+05:30,Warangal,Warangal,Chillies(Dry),274.0,20000.0,28000.0,25000.0
2025-03-07 00:00:00+05:30,Bowenpally,Bowenpally,Donda,309.0,800.0,3800.0,2800.0
2025-03-07 00:00:00+05:30,Gudimalkapur,Gudumalkapur,Arati-Green Plantain,21.0,2000.0,2500.0,2000.0
2025-03-07 00:00:00+05:30,Vantimamidi,Vantimamidi,Sweet Corn,308.0,500.0,1000.0,750.0
2025-03-08 00:00:00+05:30,Bowenpally,Bowenpally,Donda,482.0,2000.0,3800.0,3100.0
2025-03-08 00:00:00+05:30,Gudimalkapur,Gudumalkapur,Arati-Green Plantain,19.0,2000.0,3000.0,2500.0
2025-03-08 00:00:00+05:30,Vantimamidi,Vantimamidi,Sweet Corn,264.0,500.0,1000.0,750.0
2025-03-09 00:00:00+05:30,Bowenpally,Bowenpally,Donda,460.0,800.0,3800.0,2000.0
2025-03-09 00:00:00+05:30,Gudimalkapur,Gudumalkapur,Arati-Green Plantain,17.0,2000.0,3000.0,2500.0
2025-03-10 00:00:00+05:30,Bowenpally,Bowenpally,Donda,400.0,1000.0,3700.0,2500.0
2025-03-10 00:00:00+05:30,Gudimalkapur,Gudumalkapur,Arati-Green Plantain,15.0,2000.0,3000.0,2500.0
2025-03-10 00:00:00+05:30,Vantimamidi,Vantimamidi,Sweet Corn,184.0,500.0,1000.0,750.0
2025-03-11 00:00:00+05:30,Bowenpally,Bowenpally,Donda,463.0,2000.0,4000.0,3500.0
2025-03-10 00:00:00+05:30,Warangal,Warangal,Chillies(Dry),875.0,20000.0,28100.0,25000.0
2025-03-11 00:00:00+05:30,Gudimalkapur,Gudumalkapur,Arati-Green Plantain,17.0,2000.0,3600.0,2000.0
2025-03-11 00:00:00+05:30,Vantimamidi,Vantimamidi,Sweet Corn,261.0,500.0,1000.0,750.0
2025-03-12 00:00:00+05:30,Bowenpally,Bowenpally,Donda,387.0,1000.0,3800.0,2800.0
2025-03-11 00:00:00+05:30,Warangal,Warangal,Chillies(Dry),715.0,20000.0,30000.0,24500.0
2025-03-11 00:00:00+05:30,Nizamabad,Nizamabad,Soyabean,6.0,2255.0,2455.0,2255.0
2025-03-13 00:00:00+05:30,Bowenpally,Bowenpally,Donda,399.0,800.0,3000.0,2400.0
2025-03-12 00:00:00+05:30,Vantimamidi,Vantimamidi,Sweet Corn,212.0,500.0,1000.0,750.0
2025-03-12 00:00:00+05:30,Warangal,Warangal,Chillies(Dry),526.0,20000.0,32000.0,25000.0
2025-03-12 00:00:00+05:30,Gudimalkapur,Gudumalkapur,Arati-Green Plantain,21.0,2000.0,3000.0,2500.0
2025-03-13 00:00:00+05:30,Gudimalkapur,Gudumalkapur,Arati-Green Plantain,13.0,2000.0,2500.0,2000.0
2025-03-13 00:00:00+05:30,Vantimamidi,Vantimamidi,Sweet Corn,129.0,500.0,1000.0,750.0
2025-03-14 00:00:00+05:30,Bowenpally,Bowenpally,Donda,310.0,1000.0,3000.0,2500.0
2025-03-14 00:00:00+05:30,Gudimalkapur,Gudumalkapur,Arati-Green Plantain,10.0,2000.0,3000.0,2500.0
2025-03-14 00:00:00+05:30,Vantimamidi,Vantimamidi,Sweet Corn,166.0,500.0,1000.0,750.0
2025-03-16 00:00:00+05:30,Bowenpally,Bowenpally,Donda,584.0,1000.0,3500.0,2500.0
2025-03-15 00:00:00+05:30,Gudimalkapur,Gudumalkapur,Arati-Green Plantain,1.0,2000.0,2500.0,2000.0
2025-03-15 00:00:00+05:30,Vantimamidi,Vantimamidi,Sweet Corn,376.0,400.0,800.0,600.0
2025-03-15 00:00:00+05:30,Bowenpally,Bowenpally,Donda,512.0,1000.0,3000.0,2500.0
2025-03-16 00:00:00+05:30,Gudimalkapur,Gudumalkapur,Arati-Green Plantain,20.0,2000.0,2500.0,2000.0
2025-03-16 00:00:00+05:30,Vantimamidi,Vantimamidi,Sweet Corn,237.0,500.0,1200.0,850.0
2025-03-17 00:00:00+05:30,Bowenpally,Bowenpally,Donda,418.0,1500.0,3500.0,2800.0
2025-03-17 00:00:00+05:30,Warangal,Warangal,Chillies(Dry),945.0,22000.0,30000.0,25000.0
2025-03-17 00:00:00+05:30,Gudimalkapur,Gudumalkapur,Arati-Green Plantain,22.0,2000.0,3000.0,2500.0
2025-03-17 00:00:00+05:30,Vantimamidi,Vantimamidi,Sweet Corn,349.0,500.0,1500.0,1000.0
2025-03-18 00:00:00+05:30,Bowenpally,Bowenpally,Donda,435.0,2000.0,3500.0,3000.0
2025-03-18 00:00:00+05:30,Warangal,Warangal,Chillies(Dry),974.0,20000.0,30000.0,25000.0
2025-03-18 00:00:00+05:30,Gudimalkapur,Gudumalkapur,Arati-Green Plantain,16.0,2000.0,3000.0,2500.0
2025-03-18 00:00:00+05:30,Nizamabad,Nizamabad,Soyabean,10.0,3550.0,3550.0,3550.0
2025-03-19 00:00:00+05:30,Bowenpally,Bowenpally,Donda,576.0,1000.0,3000.0,2400.0
2025-03-18 00:00:00+05:30,Vantimamidi,Vantimamidi,Sweet Corn,390.0,1000.0,1500.0,1250.0
2025-03-19 00:00:00+05:30,Warangal,Warangal,Chillies(Dry),724.0,20000.0,30000.0,25000.0
2025-03-19 00:00:00+05:30,Gudimalkapur,Gudumalkapur,Arati-Green Plantain,13.0,1500.0,2500.0,2000.0
2025-03-19 00:00:00+05:30,Vantimamidi,Vantimamidi,Sweet Corn,395.0,800.0,1800.0,1300.0
2025-03-20 00:00:00+05:30,Bowenpally,Bowenpally,Donda,661.0,1500.0,2800.0,2400.0
2025-03-20 00:00:00+05:30,Warangal,Warangal,Chillies(Dry),564.0,20000.0,28000.0,24000.0
2025-03-20 00:00:00+05:30,Gudimalkapur,Gudumalkapur,Arati-Green Plantain,18.0,2000.0,3000.0,2500.0
2025-03-20 00:00:00+05:30,Vantimamidi,Vantimamidi,Sweet Corn,423.0,800.0,1800.0,1300.0
2025-03-20 00:00:00+05:30,Nizamabad,Nizamabad,Soyabean,3.0,3215.0,3215.0,3215.0
2025-03-21 00:00:00+05:30,Warangal,Warangal,Chillies(Dry),498.0,20000.0,27000.0,24000.0
2025-03-21 00:00:00+05:30,Bowenpally,Bowenpally,Donda,408.0,1000.0,2500.0,2000.0
2025-03-22 00:00:00+05:30,Bowenpally,Bowenpally,Donda,462.0,2000.0,3500.0,2800.0
2025-03-21 00:00:00+05:30,Vantimamidi,Vantimamidi,Sweet Corn,417.0,500.0,1500.0,1000.0
2025-03-21 00:00:00+05:30,Gudimalkapur,Gudumalkapur,Arati-Green Plantain,6.0,2000.0,2500.0,2000.0
2025-03-22 00:00:00+05:30,Gudimalkapur,Gudumalkapur,Arati-Green Plantain,3.0,2000.0,2500.0,2000.0
2025-03-22 00:00:00+05:30,Vantimamidi,Vantimamidi,Sweet Corn,425.0,500.0,1500.0,1000.0
2025-03-23 00:00:00+05:30,Bowenpally,Bowenpally,Donda,531.0,1000.0,2500.0,2000.0
2025-03-23 00:00:00+05:30,Gudimalkapur,Gudumalkapur,Arati-Green Plantain,20.0,2000.0,3000.0,2500.0
2025-03-23 00:00:00+05:30,Vantimamidi,Vantimamidi,Sweet Corn,255.0,600.0,1200.0,900.0
2025-03-24 00:00:00+05:30,Warangal,Warangal,Chillies(Dry),962.0,18000.0,26500.0,23000.0
2025-03-24 00:00:00+05:30,Bowenpally,Bowenpally,Donda,483.0,700.0,2500.0,2000.0
2025-03-25 00:00:00+05:30,Bowenpally,Bowenpally,Donda,399.0,800.0,2500.0,2000.0
2025-03-24 00:00:00+05:30,Vantimamidi,Vantimamidi,Sweet Corn,232.0,500.0,1500.0,1000.0
2025-03-24 00:00:00+05:30,Gudimalkapur,Gudumalkapur,Arati-Green Plantain,8.0,2000.0,2500.0,2000.0
2025-03-25 00:00:00+05:30,Warangal,Warangal,Chillies(Dry),837.0,20000.0,28000.0,25000.0
2025-03-25 00:00:00+05:30,Gudimalkapur,Gudumalkapur,Arati-Green Plantain,20.0,2000.0,3000.0,2500.0
2025-03-25 00:00:00+05:30,Vantimamidi,Vantimamidi,Sweet Corn,25.0,500.0,1500.0,1000.0
2025-03-26 00:00:00+05:30,Bowenpally,Bowenpally,Donda,694.0,1000.0,2500.0,2000.0
2025-03-26 00:00:00+05:30,Warangal,Warangal,Chillies(Dry),665.0,18000.0,28000.0,24000.0
2025-03-26 00:00:00+05:30,Nizamabad,Nizamabad,Soyabean,2.0,2612.0,2612.0,2612.0
2025-03-26 00:00:00+05:30,Gudimalkapur,Gudumalkapur,Arati-Green Plantain,5.0,2000.0,3000.0,2500.0
2025-03-26 00:00:00+05:30,Vantimamidi,Vantimamidi,Sweet Corn,231.0,500.0,1000.0,750.0
2025-03-27 00:00:00+05:30,Bowenpally,Bowenpally,Donda,588.0,1000.0,2200.0,1800.0
2025-03-27 00:00:00+05:30,Gudimalkapur,Gudumalkapur,Arati-Green Plantain,12.0,2000.0,3000.0,2500.0
2025-03-27 00:00:00+05:30,Vantimamidi,Vantimamidi,Sweet Corn,347.0,500.0,1000.0,750.0
2025-03-28 00:00:00+05:30,Bowenpally,Bowenpally,Donda,570.0,600.0,2000.0,1500.0
2025-03-28 00:00:00+05:30,Gudimalkapur,Gudumalkapur,Arati-Green Plantain,8.0,2000.0,2500.0,2000.0
2025-03-28 00:00:00+05:30,Vantimamidi,Vantimamidi,Sweet Corn,166.0,500.0,1500.0,1000.0
2025-03-29 00:00:00+05:30,Gudimalkapur,Gudumalkapur,Arati-Green Plantain,21.0,2000.0,3000.0,2500.0
2025-03-29 00:00:00+05:30,Bowenpally,Bowenpally,Donda,575.0,1000.0,2500.0,2000.0
2025-03-31 00:00:00+05:30,Bowenpally,Bowenpally,Donda,431.0,1000.0,2300.0,2000.0
2025-03-31 00:00:00+05:30,Gudimalkapur,Gudumalkapur,Arati-Green Plantain,11.0,2000.0,2500.0,2000.0
2025-03-30 00:00:00+05:30,Vantimamidi,Vantimamidi,Sweet Corn,166.0,500.0,1200.0,850.0
2025-03-31 00:00:00+05:30,Vantimamidi,Vantimamidi,Sweet Corn,290.0,500.0,1500.0,1000.0
2025-03-23 00:00:00+05:30,Gudimalkapur,Gudumalkapur,Capsicum,127.0,1000.0,3000.0,2500.0
2025-03-23 00:00:00+05:30,Bowenpally,Bowenpally,Lobha,40.0,1000.0,2000.0,1700.0
2025-03-22 00:00:00+05:30,Gudimalkapur,Gudumalkapur,Capsicum,52.0,1000.0,2000.0,1500.0
2025-03-21 00:00:00+05:30,Gudimalkapur,Gudumalkapur,Capsicum,118.0,1500.0,3000.0,2600.0
2025-03-22 00:00:00+05:30,Bowenpally,Bowenpally,Lobha,71.0,500.0,1300.0,1000.0
2025-03-21 00:00:00+05:30,Bowenpally,Bowenpally,Lobha,36.0,500.0,1500.0,1200.0
2025-03-20 00:00:00+05:30,Gudimalkapur,Gudumalkapur,Capsicum,73.0,1000.0,2000.0,1500.0
2025-03-20 00:00:00+05:30,Bowenpally,Bowenpally,Lobha,35.0,600.0,2000.0,1600.0
2025-03-19 00:00:00+05:30,Gudimalkapur,Gudumalkapur,Capsicum,152.0,1000.0,3000.0,2200.0
2025-03-19 00:00:00+05:30,Bowenpally,Bowenpally,Lobha,24.0,1000.0,2000.0,1700.0
2025-03-18 00:00:00+05:30,Gudimalkapur,Gudumalkapur,Capsicum,97.0,800.0,3000.0,2500.0
2025-03-18 00:00:00+05:30,Bowenpally,Bowenpally,Lobha,38.0,1000.0,2000.0,1700.0
2025-03-17 00:00:00+05:30,Gudimalkapur,Gudumalkapur,Capsicum,120.0,1000.0,3000.0,2000.0
2025-03-17 00:00:00+05:30,Bowenpally,Bowenpally,Lobha,21.0,1000.0,2000.0,1600.0
2025-03-16 00:00:00+05:30,Gudimalkapur,Gudumalkapur,Capsicum,49.0,2000.0,3000.0,2500.0
2025-03-15 00:00:00+05:30,Bowenpally,Bowenpally,Lobha,12.0,1000.0,2000.0,1800.0
2025-03-15 00:00:00+05:30,Gudimalkapur,Gudumalkapur,Capsicum,51.0,1500.0,2200.0,2000.0
2025-03-16 00:00:00+05:30,Bowenpally,Bowenpally,Lobha,48.0,1000.0,2000.0,1700.0
2025-03-14 00:00:00+05:30,Gudimalkapur,Gudumalkapur,Capsicum,29.0,1000.0,3000.0,2000.0
2025-03-14 00:00:00+05:30,Bowenpally,Bowenpally,Lobha,18.0,500.0,2000.0,1300.0
2025-03-13 00:00:00+05:30,Gudimalkapur,Gudumalkapur,Capsicum,138.0,1000.0,3000.0,2000.0
2025-03-12 00:00:00+05:30,Gudimalkapur,Gudumalkapur,Capsicum,121.0,1500.0,2500.0,2000.0
2025-03-13 00:00:00+05:30,Bowenpally,Bowenpally,Lobha,26.0,500.0,2000.0,1600.0
2025-03-12 00:00:00+05:30,Bowenpally,Bowenpally,Lobha,27.0,500.0,2000.0,1600.0
2025-03-11 00:00:00+05:30,Gudimalkapur,Gudumalkapur,Capsicum,98.0,1500.0,3000.0,2000.0
2025-03-11 00:00:00+05:30,Bowenpally,Bowenpally,Lobha,5.0,1000.0,2000.0,1700.0
2025-03-10 00:00:00+05:30,Gudimalkapur,Gudumalkapur,Capsicum,66.0,2000.0,2500.0,2000.0
2025-03-10 00:00:00+05:30,Bowenpally,Bowenpally,Lobha,19.0,800.0,2000.0,1600.0
2025-03-09 00:00:00+05:30,Gudimalkapur,Gudumalkapur,Capsicum,112.0,1500.0,3000.0,2000.0
2025-03-09 00:00:00+05:30,Bowenpally,Bowenpally,Lobha,16.0,500.0,1500.0,1200.0
2025-03-08 00:00:00+05:30,Gudimalkapur,Gudumalkapur,Capsicum,163.0,2000.0,2500.0,2000.0
2025-03-08 00:00:00+05:30,Bowenpally,Bowenpally,Lobha,1.0,500.0,1500.0,1200.0
2025-03-07 00:00:00+05:30,Gudimalkapur,Gudumalkapur,Capsicum,58.0,2000.0,2500.0,2200.0
2025-03-07 00:00:00+05:30,Bowenpally,Bowenpally,Lobha,6.0,500.0,1500.0,1200.0
2025-03-06 00:00:00+05:30,Gudimalkapur,Gudumalkapur,Capsicum,103.0,1000.0,3000.0,2000.0
2025-03-05 00:00:00+05:30,Gudimalkapur,Gudumalkapur,Capsicum,91.0,1500.0,3000.0,2000.0
2025-03-06 00:00:00+05:30,Bowenpally,Bowenpally,Lobha,19.0,1000.0,1500.0,1400.0
2025-03-05 00:00:00+05:30,Bowenpally,Bowenpally,Lobha,4.0,500.0,1500.0,1200.0
2025-03-04 00:00:00+05:30,Gudimalkapur,Gudumalkapur,Capsicum,156.0,1000.0,3000.0,2000.0
2025-03-04 00:00:00+05:30,Bowenpally,Bowenpally,Lobha,6.0,500.0,1500.0,1200.0
2025-03-03 00:00:00+05:30,Gudimalkapur,Gudumalkapur,Capsicum,127.0,2000.0,3000.0,2200.0
2025-03-02 00:00:00+05:30,Gudimalkapur,Gudumalkapur,Capsicum,134.0,1500.0,3000.0,2200.0
2025-03-03 00:00:00+05:30,Bowenpally,Bowenpally,Lobha,7.0,500.0,1500.0,1200.0
2025-03-01 00:00:00+05:30,Bowenpally,Bowenpally,Lobha,18.0,500.0,1500.0,1200.0
2025-03-01 00:00:00+05:30,Gudimalkapur,Gudumalkapur,Capsicum,154.0,1500.0,3000.0,2500.0
2025-03-02 00:00:00+05:30,Bowenpally,Bowenpally,Lobha,3.0,1000.0,1500.0,1400.0
2025-03-31 00:00:00+05:30,Gudimalkapur,Gudumalkapur,Capsicum,35.0,1000.0,3000.0,2500.0
2025-03-31 00:00:00+05:30,Bowenpally,Bowenpally,Lobha,24.0,1000.0,2500.0,2000.0
2025-03-29 00:00:00+05:30,Bowenpally,Bowenpally,Lobha,42.0,700.0,1500.0,1200.0
2025-03-29 00:00:00+05:30,Gudimalkapur,Gudumalkapur,Capsicum,102.0,300.0,3000.0,2200.0
2025-03-28 00:00:00+05:30,Gudimalkapur,Gudumalkapur,Capsicum,51.0,300.0,2500.0,1500.0
2025-03-28 00:00:00+05:30,Bowenpally,Bowenpally,Lobha,35.0,500.0,1500.0,1200.0
2025-03-27 00:00:00+05:30,Gudimalkapur,Gudumalkapur,Capsicum,144.0,1000.0,2500.0,2000.0
2025-03-27 00:00:00+05:30,Bowenpally,Bowenpally,Lobha,68.0,1000.0,2000.0,1800.0
2025-03-26 00:00:00+05:30,Gudimalkapur,Gudumalkapur,Capsicum,127.0,1000.0,3000.0,2200.0
2025-03-26 00:00:00+05:30,Bowenpally,Bowenpally,Lobha,39.0,500.0,1500.0,1200.0
2025-03-25 00:00:00+05:30,Gudimalkapur,Gudumalkapur,Capsicum,142.0,1000.0,3000.0,2000.0
2025-03-25 00:00:00+05:30,Nizamabad,Nizamabad,Soyabean,3.0,3155.0,3155.0,3155.0
2025-03-24 00:00:00+05:30,Gudimalkapur,Gudumalkapur,Capsicum,109.0,2000.0,3000.0,2200.0
2025-03-25 00:00:00+05:30,Bowenpally,Bowenpally,Lobha,23.0,500.0,1000.0,800.0
2025-03-24 00:00:00+05:30,Bowenpally,Bowenpally,Lobha,68.0,500.0,2000.0,1500.0
2025-03-02 00:00:00+05:30,Bowenpally,Bowenpally,Green Mangos,202.0,2000.0,4000.0,3200.0
2025-03-01 00:00:00+05:30,Gudimalkapur,Gudumalkapur,ChowChow,4.0,800.0,1000.0,900.0
2025-03-01 00:00:00+05:30,Bowenpally,Bowenpally,Green Mangos,232.0,1000.0,3500.0,2400.0
2025-03-03 00:00:00+05:30,Bowenpally,Bowenpally,Green Mangos,224.0,1500.0,4000.0,3000.0
2025-03-03 00:00:00+05:30,Gudimalkapur,Gudumalkapur,ChowChow,13.0,600.0,800.0,600.0
2025-03-04 00:00:00+05:30,Bowenpally,Bowenpally,Green Mangos,210.0,1500.0,4000.0,3000.0
2025-03-05 00:00:00+05:30,Bowenpally,Bowenpally,Green Mangos,182.0,1500.0,3600.0,3000.0
2025-03-06 00:00:00+05:30,Bowenpally,Bowenpally,Green Mangos,204.0,1000.0,3600.0,3000.0
2025-03-06 00:00:00+05:30,Gudimalkapur,Gudumalkapur,ChowChow,2.0,90.0,1000.0,900.0
2025-03-07 00:00:00+05:30,Bowenpally,Bowenpally,Green Mangos,75.0,1500.0,3600.0,3000.0
2025-03-08 00:00:00+05:30,Bowenpally,Bowenpally,Green Mangos,270.0,1000.0,2000.0,1700.0
2025-03-09 00:00:00+05:30,Bowenpally,Bowenpally,Green Mangos,193.0,1500.0,4000.0,3000.0
2025-03-09 00:00:00+05:30,Gudimalkapur,Gudumalkapur,ChowChow,1.0,1000.0,1000.0,1000.0
2025-03-10 00:00:00+05:30,Bowenpally,Bowenpally,Green Mangos,141.0,1500.0,4000.0,3000.0
2025-03-11 00:00:00+05:30,Bowenpally,Bowenpally,Green Mangos,191.0,1000.0,4000.0,3000.0
2025-03-11 00:00:00+05:30,Gudimalkapur,Gudumalkapur,ChowChow,2.0,1000.0,1000.0,1000.0
2025-03-12 00:00:00+05:30,Bowenpally,Bowenpally,Green Mangos,288.0,1500.0,4000.0,3000.0
2025-03-13 00:00:00+05:30,Bowenpally,Bowenpally,Green Mangos,15.0,1500.0,4000.0,3000.0
2025-03-14 00:00:00+05:30,Bowenpally,Bowenpally,Green Mangos,98.0,1500.0,4000.0,3000.0
2025-03-16 00:00:00+05:30,Bowenpally,Bowenpally,Green Mangos,327.0,2000.0,4000.0,3500.0
2025-03-15 00:00:00+05:30,Gudimalkapur,Gudumalkapur,ChowChow,4.0,1000.0,1000.0,1000.0
2025-03-15 00:00:00+05:30,Bowenpally,Bowenpally,Green Mangos,217.0,1500.0,3000.0,2500.0
2025-03-17 00:00:00+05:30,Bowenpally,Bowenpally,Green Mangos,239.0,2000.0,4000.0,3500.0
2025-03-17 00:00:00+05:30,Gudimalkapur,Gudumalkapur,ChowChow,3.0,1000.0,1000.0,1000.0
2025-03-18 00:00:00+05:30,Bowenpally,Bowenpally,Green Mangos,142.0,2000.0,4000.0,3500.0
2025-03-18 00:00:00+05:30,Gudimalkapur,Gudumalkapur,ChowChow,3.0,1000.0,1000.0,1000.0
2025-03-19 00:00:00+05:30,Bowenpally,Bowenpally,Green Mangos,292.0,1000.0,3600.0,2600.0
2025-03-20 00:00:00+05:30,Bowenpally,Bowenpally,Green Mangos,370.0,1000.0,3600.0,2500.0
2025-03-21 00:00:00+05:30,Bowenpally,Bowenpally,Green Mangos,313.0,1000.0,3200.0,2400.0
2025-03-22 00:00:00+05:30,Bowenpally,Bowenpally,Green Mangos,475.0,1000.0,3000.0,2500.0
2025-03-23 00:00:00+05:30,Bowenpally,Bowenpally,Green Mangos,286.0,1000.0,3600.0,2500.0
2025-03-24 00:00:00+05:30,Bowenpally,Bowenpally,Green Mangos,286.0,1000.0,3000.0,2500.0
2025-03-25 00:00:00+05:30,Bowenpally,Bowenpally,Green Mangos,302.0,1000.0,3000.0,2400.0
2025-03-24 00:00:00+05:30,Gudimalkapur,Gudumalkapur,ChowChow,2.0,600.0,800.0,700.0
2025-03-26 00:00:00+05:30,Bowenpally,Bowenpally,Green Mangos,453.0,1000.0,3000.0,2400.0
2025-03-26 00:00:00+05:30,Gudimalkapur,Gudumalkapur,ChowChow,1.0,1000.0,1000.0,1000.0
2025-03-27 00:00:00+05:30,Bowenpally,Bowenpally,Green Mangos,501.0,800.0,3000.0,2500.0
2025-03-28 00:00:00+05:30,Bowenpally,Bowenpally,Green Mangos,662.0,600.0,3200.0,2500.0
2025-03-29 00:00:00+05:30,Gudimalkapur,Gudumalkapur,ChowChow,1.0,1000.0,1000.0,1000.0
2025-03-29 00:00:00+05:30,Bowenpally,Bowenpally,Green Mangos,1048.0,1000.0,3600.0,2800.0
2025-03-31 00:00:00+05:30,Bowenpally,Bowenpally,Green Mangos,70.0,1000.0,2000.0,1800.0
2025-03-23 00:00:00+05:30,Bowenpally,Bowenpally,Capsicum,1156.0,1500.0,3000.0,2600.0
2025-03-22 00:00:00+05:30,Bowenpally,Bowenpally,Capsicum,923.0,1000.0,3200.0,2800.0
2025-03-21 00:00:00+05:30,Gudimalkapur,Gudumalkapur,Gajar,8.0,1000.0,1200.0,1000.0
2025-03-21 00:00:00+05:30,Bowenpally,Bowenpally,Capsicum,957.0,1000.0,3500.0,2500.0
2025-03-20 00:00:00+05:30,Bowenpally,Bowenpally,Capsicum,800.0,1000.0,3200.0,2400.0
2025-03-19 00:00:00+05:30,Bowenpally,Bowenpally,Capsicum,1099.0,1000.0,3500.0,2500.0
2025-03-18 00:00:00+05:30,Bowenpally,Bowenpally,Capsicum,859.0,2500.0,3500.0,3200.0
2025-03-17 00:00:00+05:30,Bowenpally,Bowenpally,Capsicum,885.0,2500.0,3500.0,3200.0
2025-03-16 00:00:00+05:30,Gudimalkapur,Gudumalkapur,Gajar,49.0,1000.0,1500.0,1200.0
2025-03-15 00:00:00+05:30,Bowenpally,Bowenpally,Capsicum,632.0,1500.0,2600.0,2200.0
2025-03-15 00:00:00+05:30,Gudimalkapur,Gudumalkapur,Gajar,2.0,800.0,1200.0,1000.0
2025-03-16 00:00:00+05:30,Bowenpally,Bowenpally,Capsicum,718.0,1500.0,2800.0,2300.0
2025-03-14 00:00:00+05:30,Bowenpally,Bowenpally,Capsicum,423.0,1000.0,3000.0,2500.0
2025-03-13 00:00:00+05:30,Gudimalkapur,Gudumalkapur,Gajar,14.0,1000.0,2000.0,1500.0
2025-03-13 00:00:00+05:30,Bowenpally,Bowenpally,Capsicum,870.0,800.0,2500.0,2000.0
2025-03-12 00:00:00+05:30,Gudimalkapur,Gudumalkapur,Gajar,7.0,1000.0,1500.0,1200.0
2025-03-12 00:00:00+05:30,Bowenpally,Bowenpally,Capsicum,527.0,1000.0,2500.0,2000.0
2025-03-11 00:00:00+05:30,Gudimalkapur,Gudumalkapur,Gajar,25.0,1000.0,1500.0,1200.0
2025-03-11 00:00:00+05:30,Bowenpally,Bowenpally,Capsicum,962.0,1500.0,2600.0,2200.0
2025-03-10 00:00:00+05:30,Bowenpally,Bowenpally,Capsicum,453.0,800.0,2600.0,2000.0
2025-03-09 00:00:00+05:30,Gudimalkapur,Gudumalkapur,Gajar,10.0,800.0,1000.0,800.0
2025-03-09 00:00:00+05:30,Bowenpally,Bowenpally,Capsicum,957.0,1000.0,2500.0,2000.0
2025-03-08 00:00:00+05:30,Bowenpally,Bowenpally,Capsicum,996.0,1000.0,2600.0,2000.0
2025-03-07 00:00:00+05:30,Bowenpally,Bowenpally,Capsicum,961.0,800.0,2800.0,2000.0
2025-03-06 00:00:00+05:30,Gudimalkapur,Gudumalkapur,Gajar,10.0,1000.0,2000.0,1500.0
2025-03-06 00:00:00+05:30,Bowenpally,Bowenpally,Capsicum,1030.0,1500.0,2800.0,2300.0
2025-03-05 00:00:00+05:30,Gudimalkapur,Gudumalkapur,Gajar,20.0,1000.0,2000.0,1500.0
2025-03-05 00:00:00+05:30,Bowenpally,Bowenpally,Capsicum,921.0,800.0,2800.0,2200.0
2025-03-04 00:00:00+05:30,Gudimalkapur,Gudumalkapur,Gajar,7.0,1000.0,2000.0,1500.0
2025-03-04 00:00:00+05:30,Bowenpally,Bowenpally,Capsicum,1274.0,1600.0,2800.0,2400.0
2025-03-03 00:00:00+05:30,Gudimalkapur,Gudumalkapur,Gajar,32.0,1000.0,1500.0,1000.0
2025-03-03 00:00:00+05:30,Bowenpally,Bowenpally,Capsicum,1222.0,1000.0,2700.0,2000.0
2025-03-02 00:00:00+05:30,Gudimalkapur,Gudumalkapur,Gajar,12.0,1500.0,1500.0,1500.0
2025-03-01 00:00:00+05:30,Bowenpally,Bowenpally,Capsicum,1171.0,1500.0,3000.0,2500.0
2025-03-01 00:00:00+05:30,Gudimalkapur,Gudumalkapur,Gajar,28.0,600.0,1000.0,800.0
2025-03-02 00:00:00+05:30,Bowenpally,Bowenpally,Capsicum,1414.0,1500.0,2700.0,2300.0
2025-03-31 00:00:00+05:30,Bowenpally,Bowenpally,Capsicum,492.0,1000.0,4000.0,3000.0
2025-03-29 00:00:00+05:30,Bowenpally,Bowenpally,Capsicum,990.0,1000.0,3000.0,2400.0
2025-03-28 00:00:00+05:30,Bowenpally,Bowenpally,Capsicum,1101.0,1000.0,3000.0,2400.0
2025-03-27 00:00:00+05:30,Bowenpally,Bowenpally,Capsicum,1333.0,1000.0,3000.0,2400.0
2025-03-26 00:00:00+05:30,Bowenpally,Bowenpally,Capsicum,938.0,1000.0,3000.0,2400.0
2025-03-25 00:00:00+05:30,Bowenpally,Bowenpally,Capsicum,857.0,1000.0,3200.0,2400.0
2025-03-24 00:00:00+05:30,Bowenpally,Bowenpally,Capsicum,1123.0,800.0,3000.0,2200.0
2025-03-02 00:00:00+05:30,Bowenpally,Bowenpally,ChowChow,20.0,500.0,1000.0,900.0
2025-03-01 00:00:00+05:30,Bowenpally,Bowenpally,ChowChow,8.0,400.0,800.0,700.0
2025-03-03 00:00:00+05:30,Bowenpally,Bowenpally,ChowChow,42.0,500.0,1000.0,800.0
2025-03-03 00:00:00+05:30,Warangal,Warangal,Chillies(Dry),137.0,17000.0,22000.0,20000.0
2025-03-04 00:00:00+05:30,Bowenpally,Bowenpally,ChowChow,12.0,500.0,1000.0,800.0
2025-03-05 00:00:00+05:30,Bowenpally,Bowenpally,ChowChow,8.0,300.0,600.0,500.0
2025-03-06 00:00:00+05:30,Bowenpally,Bowenpally,ChowChow,6.0,500.0,1000.0,800.0
2025-03-08 00:00:00+05:30,Bowenpally,Bowenpally,ChowChow,3.0,500.0,800.0,700.0
2025-03-09 00:00:00+05:30,Bowenpally,Bowenpally,ChowChow,12.0,500.0,1000.0,800.0
2025-03-10 00:00:00+05:30,Bowenpally,Bowenpally,ChowChow,13.0,500.0,1000.0,800.0
2025-03-11 00:00:00+05:30,Bowenpally,Bowenpally,ChowChow,3.0,500.0,800.0,700.0
2025-03-12 00:00:00+05:30,Bowenpally,Bowenpally,ChowChow,16.0,500.0,800.0,700.0
2025-03-13 00:00:00+05:30,Bowenpally,Bowenpally,ChowChow,7.0,500.0,1000.0,800.0
2025-03-15 00:00:00+05:30,Bowenpally,Bowenpally,ChowChow,7.0,500.0,1500.0,1200.0
2025-03-19 00:00:00+05:30,Bowenpally,Bowenpally,ChowChow,5.0,500.0,1000.0,800.0
2025-03-20 00:00:00+05:30,Bowenpally,Bowenpally,ChowChow,3.0,500.0,1000.0,800.0
2025-03-29 00:00:00+05:30,Bowenpally,Bowenpally,ChowChow,5.0,600.0,1000.0,900.0
2025-03-20 00:00:00+05:30,Bowenpally,Bowenpally,Green Chillies (Bold),559.0,500.0,2000.0,1400.0
2025-03-21 00:00:00+05:30,Bowenpally,Bowenpally,Green Chillies (Bold),496.0,500.0,1500.0,1200.0
2025-03-22 00:00:00+05:30,Bowenpally,Bowenpally,Green Chillies (Bold),344.0,1000.0,2800.0,2400.0
2025-03-23 00:00:00+05:30,Bowenpally,Bowenpally,Green Chillies (Bold),315.0,600.0,2000.0,1500.0
2025-03-19 00:00:00+05:30,Bowenpally,Bowenpally,Green Chillies (Bold),436.0,1000.0,280.0,2200.0
2025-03-18 00:00:00+05:30,Bowenpally,Bowenpally,Green Chillies (Bold),306.0,500.0,2000.0,1500.0
2025-03-15 00:00:00+05:30,Bowenpally,Bowenpally,Green Chillies (Bold),383.0,1000.0,1800.0,1600.0
2025-03-16 00:00:00+05:30,Bowenpally,Bowenpally,Green Chillies (Bold),401.0,500.0,2000.0,1400.0
2025-03-17 00:00:00+05:30,Bowenpally,Bowenpally,Green Chillies (Bold),444.0,500.0,2000.0,1500.0
2025-03-13 00:00:00+05:30,Bowenpally,Bowenpally,Green Chillies (Bold),342.0,500.0,1500.0,1200.0
2025-03-14 00:00:00+05:30,Bowenpally,Bowenpally,Green Chillies (Bold),198.0,1000.0,2000.0,1800.0
2025-03-12 00:00:00+05:30,Bowenpally,Bowenpally,Green Chillies (Bold),500.0,500.0,1500.0,1200.0
2025-03-11 00:00:00+05:30,Bowenpally,Bowenpally,Green Chillies (Bold),387.0,800.0,1800.0,1500.0
2025-03-10 00:00:00+05:30,Bowenpally,Bowenpally,Green Chillies (Bold),416.0,800.0,2000.0,1600.0
2025-03-09 00:00:00+05:30,Bowenpally,Bowenpally,Green Chillies (Bold),585.0,500.0,1200.0,1000.0
2025-03-08 00:00:00+05:30,Bowenpally,Bowenpally,Green Chillies (Bold),366.0,1000.0,1600.0,1400.0
2025-03-06 00:00:00+05:30,Bowenpally,Bowenpally,Green Chillies (Bold),148.0,500.0,1000.0,900.0
2025-03-07 00:00:00+05:30,Bowenpally,Bowenpally,Green Chillies (Bold),368.0,500.0,1200.0,1000.0
2025-03-05 00:00:00+05:30,Bowenpally,Bowenpally,Green Chillies (Bold),354.0,600.0,1000.0,1000.0
2025-03-04 00:00:00+05:30,Bowenpally,Bowenpally,Green Chillies (Bold),465.0,800.0,1800.0,1500.0
2025-03-03 00:00:00+05:30,Bowenpally,Bowenpally,Green Chillies (Bold),424.0,800.0,2000.0,1600.0
2025-03-01 00:00:00+05:30,Bowenpally,Bowenpally,Green Chillies (Bold),454.0,500.0,1800.0,1300.0
2025-03-02 00:00:00+05:30,Bowenpally,Bowenpally,Green Chillies (Bold),649.0,1000.0,1800.0,1600.0
2025-03-29 00:00:00+05:30,Bowenpally,Bowenpally,Green Chillies (Bold),381.0,600.0,2000.0,1500.0
2025-03-31 00:00:00+05:30,Bowenpally,Bowenpally,Green Chillies (Bold),295.0,1000.0,3000.0,2500.0
2025-03-24 00:00:00+05:30,Bowenpally,Bowenpally,Green Chillies (Bold),261.0,1000.0,2500.0,2000.0
2025-03-25 00:00:00+05:30,Bowenpally,Bowenpally,Green Chillies (Bold),363.0,1000.0,2500.0,2000.0
2025-03-26 00:00:00+05:30,Bowenpally,Bowenpally,Green Chillies (Bold),482.0,500.0,1500.0,1200.0
2025-03-27 00:00:00+05:30,Bowenpally,Bowenpally,Green Chillies (Bold),268.0,600.0,2500.0,2000.0
2025-03-28 00:00:00+05:30,Bowenpally,Bowenpally,Green Chillies (Bold),284.0,500.0,2500.0,1800.0
2025-03-02 00:00:00+05:30,Bowenpally,Bowenpally,Gajar,48.0,600.0,1800.0,1400.0
2025-03-01 00:00:00+05:30,Bowenpally,Bowenpally,Gajar,53.0,800.0,2000.0,1600.0
2025-03-03 00:00:00+05:30,Bowenpally,Bowenpally,Gajar,43.0,800.0,1500.0,1400.0
2025-03-04 00:00:00+05:30,Bowenpally,Bowenpally,Gajar,60.0,800.0,2000.0,1600.0
2025-03-05 00:00:00+05:30,Bowenpally,Bowenpally,Gajar,54.0,800.0,2000.0,1600.0
2025-03-07 00:00:00+05:30,Bowenpally,Bowenpally,Gajar,38.0,800.0,2000.0,1600.0
2025-03-06 00:00:00+05:30,Bowenpally,Bowenpally,Gajar,58.0,600.0,2000.0,1500.0
2025-03-08 00:00:00+05:30,Bowenpally,Bowenpally,Gajar,41.0,500.0,2000.0,1500.0
2025-03-09 00:00:00+05:30,Bowenpally,Bowenpally,Gajar,30.0,800.0,2000.0,1600.0
2025-03-10 00:00:00+05:30,Bowenpally,Bowenpally,Gajar,25.0,800.0,2000.0,1600.0
2025-03-11 00:00:00+05:30,Bowenpally,Bowenpally,Gajar,53.0,1000.0,2000.0,1700.0
2025-03-12 00:00:00+05:30,Bowenpally,Bowenpally,Gajar,54.0,800.0,1000.0,950.0
2025-03-14 00:00:00+05:30,Bowenpally,Bowenpally,Gajar,10.0,500.0,700.0,650.0
2025-03-13 00:00:00+05:30,Bowenpally,Bowenpally,Gajar,43.0,800.0,2000.0,1600.0
2025-03-17 00:00:00+05:30,Bowenpally,Bowenpally,Gajar,15.0,500.0,1000.0,800.0
2025-03-16 00:00:00+05:30,Bowenpally,Bowenpally,Gajar,28.0,800.0,1500.0,1300.0
2025-03-15 00:00:00+05:30,Bowenpally,Bowenpally,Gajar,27.0,500.0,1500.0,1200.0
2025-03-19 00:00:00+05:30,Bowenpally,Bowenpally,Gajar,25.0,700.0,1000.0,900.0
2025-03-21 00:00:00+05:30,Bowenpally,Bowenpally,Gajar,38.0,700.0,1500.0,1300.0
2025-03-20 00:00:00+05:30,Bowenpally,Bowenpally,Gajar,35.0,800.0,1500.0,1300.0
2025-03-25 00:00:00+05:30,Bowenpally,Bowenpally,Gajar,5.0,500.0,1000.0,800.0
2025-03-20 00:00:00+05:30,Bowenpally,Bowenpally,Sweet Corn,343.0,300.0,1000.0,700.0
2025-03-21 00:00:00+05:30,Bowenpally,Bowenpally,Sweet Corn,313.0,400.0,1000.0,800.0
2025-03-22 00:00:00+05:30,Bowenpally,Bowenpally,Sweet Corn,285.0,500.0,1200.0,1000.0
2025-03-23 00:00:00+05:30,Bowenpally,Bowenpally,Sweet Corn,435.0,500.0,1000.0,800.0
2025-03-19 00:00:00+05:30,Bowenpally,Bowenpally,Sweet Corn,484.0,500.0,1000.0,800.0
2025-03-18 00:00:00+05:30,Bowenpally,Bowenpally,Sweet Corn,527.0,800.0,1400.0,1200.0
2025-03-15 00:00:00+05:30,Bowenpally,Bowenpally,Sweet Corn,147.0,800.0,1600.0,1300.0
2025-03-16 00:00:00+05:30,Bowenpally,Bowenpally,Sweet Corn,413.0,800.0,1600.0,1300.0
2025-03-17 00:00:00+05:30,Bowenpally,Bowenpally,Sweet Corn,380.0,800.0,1400.0,1200.0
2025-03-13 00:00:00+05:30,Bowenpally,Bowenpally,Sweet Corn,403.0,300.0,1200.0,800.0
2025-03-14 00:00:00+05:30,Bowenpally,Bowenpally,Sweet Corn,71.0,400.0,1200.0,1000.0
2025-03-12 00:00:00+05:30,Bowenpally,Bowenpally,Sweet Corn,277.0,400.0,1200.0,1000.0
2025-03-11 00:00:00+05:30,Bowenpally,Bowenpally,Sweet Corn,358.0,500.0,1200.0,1000.0
2025-03-10 00:00:00+05:30,Bowenpally,Bowenpally,Sweet Corn,260.0,400.0,1200.0,1000.0
2025-03-09 00:00:00+05:30,Bowenpally,Bowenpally,Sweet Corn,506.0,400.0,1200.0,1000.0
2025-03-08 00:00:00+05:30,Bowenpally,Bowenpally,Sweet Corn,202.0,600.0,1200.0,1000.0
2025-03-06 00:00:00+05:30,Bowenpally,Bowenpally,Sweet Corn,280.0,500.0,1200.0,1000.0
2025-03-07 00:00:00+05:30,Bowenpally,Bowenpally,Sweet Corn,240.0,300.0,1200.0,800.0
2025-03-05 00:00:00+05:30,Bowenpally,Bowenpally,Sweet Corn,360.0,400.0,1200.0,900.0
2025-03-04 00:00:00+05:30,Bowenpally,Bowenpally,Sweet Corn,403.0,300.0,1200.0,1000.0
2025-03-03 00:00:00+05:30,Bowenpally,Bowenpally,Sweet Corn,351.0,400.0,1200.0,1000.0
2025-03-01 00:00:00+05:30,Bowenpally,Bowenpally,Sweet Corn,616.0,400.0,1300.0,1000.0
2025-03-02 00:00:00+05:30,Bowenpally,Bowenpally,Sweet Corn,638.0,600.0,1200.0,1000.0
2025-03-25 00:00:00+05:30,Bowenpally,Bowenpally,Sweet Corn,277.0,400.0,1200.0,1000.0
2025-03-24 00:00:00+05:30,Bowenpally,Bowenpally,Sweet Corn,284.0,400.0,1300.0,1000.0
2025-03-26 00:00:00+05:30,Bowenpally,Bowenpally,Sweet Corn,556.0,500.0,1300.0,1100.0
2025-03-28 00:00:00+05:30,Bowenpally,Bowenpally,Sweet Corn,307.0,600.0,1200.0,1100.0
2025-03-27 00:00:00+05:30,Bowenpally,Bowenpally,Sweet Corn,383.0,400.0,1200.0,1000.0
2025-03-31 00:00:00+05:30,Bowenpally,Bowenpally,Sweet Corn,200.0,600.0,1400.0,1200.0
2025-03-29 00:00:00+05:30,Bowenpally,Bowenpally,Sweet Corn,190.0,400.0,1200.0,1000.0
2025-03-06 00:00:00+05:30,Warangal,Warangal,Chillies(Dry),7.0,19500.0,19500.0,19500.0
2025-03-05 00:00:00+05:30,Warangal,Warangal,Tumeric,14.43,8811.0,8811.0,8811.0
2025-03-10 00:00:00+05:30,Warangal,Warangal,Tumeric,2.14,7607.0,7607.0,7607.0
2025-03-12 00:00:00+05:30,Warangal,Warangal,Tumeric,1.2,7157.0,7157.0,7157.0
2025-03-27 00:00:00+05:30,Warangal,Warangal,Tumeric,2.15,9509.0,9509.0,9509.0
2025-03-12 00:00:00+05:30,Warangal,Warangal,Tumeric,0.35,6219.0,6219.0,6219.0
2025-03-10 00:00:00+05:30,Warangal,Warangal,Tumeric,0.36,6565.0,6565.0,6565.0
2025-03-05 00:00:00+05:30,Warangal,Warangal,Tumeric,1.8,7575.0,7575.0,7575.0
2025-03-27 00:00:00+05:30,Warangal,Warangal,Tumeric,1.91,7070.0,7070.0,7070.0
2025-03-08 00:00:00+05:30,Warangal,Warangal,Mango,10.0,3000.0,3000.0,3000.0
2025-03-10 00:00:00+05:30,Warangal,Warangal,Mango,10.0,4000.0,4000.0,4000.0
2025-03-11 00:00:00+05:30,Warangal,Warangal,Mango,15.0,3000.0,3000.0,3000.0
2025-03-12 00:00:00+05:30,Warangal,Warangal,Mango,6.0,3200.0,3200.0,3200.0
2025-03-13 00:00:00+05:30,Warangal,Warangal,Mango,15.0,4000.0,4000.0,4000.0
2025-03-17 00:00:00+05:30,Warangal,Warangal,Mango,42.0,3000.0,10000.0,6000.0
2025-03-16 00:00:00+05:30,Warangal,Warangal,Mango,15.0,4000.0,4000.0,4000.0
2025-03-18 00:00:00+05:30,Warangal,Warangal,Mango,15.0,4000.0,4000.0,4000.0
2025-03-19 00:00:00+05:30,Warangal,Warangal,Mango,67.5,3000.0,7000.0,3600.0
2025-03-22 00:00:00+05:30,Warangal,Warangal,Mango,20.0,4000.0,11500.0,7800.0
2025-03-23 00:00:00+05:30,Warangal,Warangal,Mango,55.0,3000.0,10500.0,6600.0
2025-03-21 00:00:00+05:30,Warangal,Warangal,Mango,50.0,5000.0,10000.0,7200.0
2025-03-20 00:00:00+05:30,Warangal,Warangal,Mango,55.0,4000.0,12200.0,8000.0
2025-03-27 00:00:00+05:30,Warangal,Warangal,Mango,115.0,2000.0,7000.0,4000.0
2025-03-26 00:00:00+05:30,Warangal,Warangal,Mango,165.0,2000.0,7000.0,5000.0
2025-03-24 00:00:00+05:30,Warangal,Warangal,Mango,160.0,2000.0,10000.0,6700.0
2025-03-29 00:00:00+05:30,Warangal,Warangal,Mango,85.0,2000.0,6000.0,3600.0
2025-03-28 00:00:00+05:30,Warangal,Warangal,Mango,75.0,3000.0,7000.0,6000.0
2025-03-30 00:00:00+05:30,Warangal,Warangal,Mango,39.0,2000.0,6500.0,5000.0
2025-03-31 00:00:00+05:30,Warangal,Warangal,Mango,25.0,5000.0,6000.0,5400.0
2025-03-19 00:00:00+05:30,Warangal,Warangal,Mosambi,20.0,1000.0,1000.0,1000.0
2025-03-17 00:00:00+05:30,Warangal,Warangal,Mosambi,10.0,3000.0,3000.0,3000.0
2025-03-06 00:00:00+05:30,Warangal,Warangal,Mosambi,5.0,3000.0,3000.0,3000.0
2025-03-04 00:00:00+05:30,Warangal,Warangal,Mosambi,5.0,2000.0,2000.0,2000.0
2025-03-24 00:00:00+05:30,Warangal,Warangal,Mosambi,10.0,2000.0,2000.0,2000.0
2025-03-04 00:00:00+05:30,Warangal,Warangal,Orange,80.0,2500.0,5000.0,3700.0
2025-03-05 00:00:00+05:30,Warangal,Warangal,Orange,70.0,2000.0,5000.0,3500.0
2025-03-01 00:00:00+05:30,Warangal,Warangal,Orange,20.0,3000.0,6000.0,4500.0
2025-03-03 00:00:00+05:30,Warangal,Warangal,Orange,70.0,2500.0,5000.0,3000.0
2025-03-02 00:00:00+05:30,Warangal,Warangal,Orange,60.0,3000.0,4000.0,3500.0
2025-03-07 00:00:00+05:30,Warangal,Warangal,Orange,60.0,2500.0,6000.0,4000.0
2025-03-08 00:00:00+05:30,Warangal,Warangal,Orange,110.0,3000.0,6000.0,4000.0
2025-03-09 00:00:00+05:30,Warangal,Warangal,Orange,60.0,2000.0,5000.0,3700.0
2025-03-17 00:00:00+05:30,Warangal,Warangal,Orange,20.0,3000.0,5000.0,4000.0
2025-03-19 00:00:00+05:30,Warangal,Warangal,Orange,60.0,3000.0,4000.0,3500.0
2025-03-18 00:00:00+05:30,Warangal,Warangal,Orange,20.0,3000.0,4000.0,3500.0
2025-03-12 00:00:00+05:30,Warangal,Warangal,Orange,60.0,2500.0,5000.0,3500.0
2025-03-11 00:00:00+05:30,Warangal,Warangal,Orange,40.0,2000.0,5000.0,3500.0
2025-03-10 00:00:00+05:30,Warangal,Warangal,Orange,110.0,3000.0,6000.0,4200.0
2025-03-20 00:00:00+05:30,Warangal,Warangal,Orange,50.0,5000.0,5000.0,5000.0
2025-03-21 00:00:00+05:30,Warangal,Warangal,Orange,60.0,2000.0,5000.0,4200.0
2025-03-23 00:00:00+05:30,Warangal,Warangal,Orange,110.0,3000.0,6000.0,4300.0
2025-03-22 00:00:00+05:30,Warangal,Warangal,Orange,20.0,3000.0,5000.0,4000.0
2025-03-24 00:00:00+05:30,Warangal,Warangal,Orange,60.0,3000.0,5000.0,4000.0
2025-03-26 00:00:00+05:30,Warangal,Warangal,Orange,20.0,3000.0,5000.0,4000.0
2025-03-27 00:00:00+05:30,Warangal,Warangal,Orange,50.0,3000.0,5000.0,3600.0
2025-03-28 00:00:00+05:30,Warangal,Warangal,Orange,20.0,3000.0,5000.0,4000.0
2025-03-20 00:00:00+05:30,Warangal,Warangal,Banana,63.0,4000.0,4000.0,4000.0
2025-03-10 00:00:00+05:30,Warangal,Warangal,Banana,47.0,3000.0,3000.0,3000.0
2025-03-12 00:00:00+05:30,Warangal,Warangal,Banana,40.0,3000.0,3000.0,3000.0
2025-03-18 00:00:00+05:30,Warangal,Warangal,Banana,30.0,2700.0,2700.0,2700.0
2025-03-19 00:00:00+05:30,Warangal,Warangal,Banana,42.0,4000.0,4000.0,4000.0
2025-03-08 00:00:00+05:30,Warangal,Warangal,Banana,67.0,3000.0,3000.0,3000.0
2025-03-31 00:00:00+05:30,Warangal,Warangal,Banana,53.0,3000.0,3000.0,3000.0
2025-03-24 00:00:00+05:30,Warangal,Warangal,Banana,64.0,2500.0,2500.0,2500.0
2025-03-03 00:00:00+05:30,Warangal,Warangal,Grapes,10.0,7000.0,7000.0,7000.0
2025-03-10 00:00:00+05:30,Warangal,Warangal,Grapes,11.0,7000.0,7000.0,7000.0
2025-03-10 00:00:00+05:30,Warangal,Warangal,Grapes,40.0,5500.0,5500.0,5500.0
2025-03-11 00:00:00+05:30,Warangal,Warangal,Grapes,50.0,5000.0,5000.0,5000.0
2025-03-12 00:00:00+05:30,Warangal,Warangal,Grapes,72.0,6000.0,6000.0,6000.0
2025-03-13 00:00:00+05:30,Warangal,Warangal,Grapes,10.0,6000.0,6000.0,6000.0
2025-03-19 00:00:00+05:30,Warangal,Warangal,Grapes,72.0,5000.0,5000.0,5000.0
2025-03-18 00:00:00+05:30,Warangal,Warangal,Grapes,35.0,5500.0,5500.0,5500.0
2025-03-17 00:00:00+05:30,Warangal,Warangal,Grapes,63.0,6000.0,6000.0,6000.0
2025-03-16 00:00:00+05:30,Warangal,Warangal,Grapes,72.0,5000.0,5000.0,5000.0
2025-03-15 00:00:00+05:30,Warangal,Warangal,Grapes,40.0,6000.0,6000.0,6000.0
2025-03-03 00:00:00+05:30,Warangal,Warangal,Grapes,61.0,6000.0,6000.0,6000.0
2025-03-02 00:00:00+05:30,Warangal,Warangal,Grapes,67.0,5000.0,5000.0,5000.0
2025-03-01 00:00:00+05:30,Warangal,Warangal,Grapes,66.0,5000.0,5000.0,5000.0
2025-03-05 00:00:00+05:30,Warangal,Warangal,Grapes,34.0,5000.0,5000.0,5000.0
2025-03-04 00:00:00+05:30,Warangal,Warangal,Grapes,23.0,6000.0,6000.0,6000.0
2025-03-08 00:00:00+05:30,Warangal,Warangal,Grapes,58.0,5000.0,5000.0,5000.0
2025-03-09 00:00:00+05:30,Warangal,Warangal,Grapes,19.0,6000.0,6000.0,6000.0
2025-03-07 00:00:00+05:30,Warangal,Warangal,Grapes,62.0,5000.0,5000.0,5000.0
2025-03-06 00:00:00+05:30,Warangal,Warangal,Grapes,34.0,5000.0,5000.0,5000.0
2025-03-20 00:00:00+05:30,Warangal,Warangal,Grapes,42.0,5000.0,5000.0,5000.0
2025-03-21 00:00:00+05:30,Warangal,Warangal,Grapes,68.0,6000.0,6000.0,6000.0
2025-03-22 00:00:00+05:30,Warangal,Warangal,Grapes,45.0,6000.0,6000.0,6000.0
2025-03-23 00:00:00+05:30,Warangal,Warangal,Grapes,20.0,5500.0,5500.0,5500.0
2025-03-24 00:00:00+05:30,Warangal,Warangal,Grapes,63.0,6000.0,6000.0,6000.0
2025-03-27 00:00:00+05:30,Warangal,Warangal,Grapes,60.0,5000.0,5000.0,5000.0
2025-03-26 00:00:00+05:30,Warangal,Warangal,Grapes,55.0,6000.0,6000.0,6000.0
2025-03-31 00:00:00+05:30,Warangal,Warangal,Grapes,25.0,5000.0,5000.0,5000.0
2025-03-28 00:00:00+05:30,Warangal,Warangal,Grapes,40.0,6000.0,6000.0,6000.0
2025-03-29 00:00:00+05:30,Warangal,Warangal,Grapes,20.0,6000.0,6000.0,6000.0
2025-03-07 00:00:00+05:30,Warangal,Warangal,Pomegrenates,27.0,10000.0,15000.0,13000.0
2025-03-09 00:00:00+05:30,Warangal,Warangal,Pomegrenates,15.0,10000.0,15000.0,12000.0
2025-03-05 00:00:00+05:30,Warangal,Warangal,Pomegrenates,28.0,9000.0,15000.0,12000.0
2025-03-01 00:00:00+05:30,Warangal,Warangal,Pomegrenates,16.0,10000.0,15000.0,12000.0
2025-03-03 00:00:00+05:30,Warangal,Warangal,Pomegrenates,21.0,10000.0,14000.0,12000.0
2025-03-15 00:00:00+05:30,Warangal,Warangal,Pomegrenates,30.0,10000.0,13000.0,11000.0
2025-03-17 00:00:00+05:30,Warangal,Warangal,Pomegrenates,19.0,8000.0,15000.0,10000.0
2025-03-12 00:00:00+05:30,Warangal,Warangal,Pomegrenates,14.0,8000.0,13000.0,10000.0
2025-03-10 00:00:00+05:30,Warangal,Warangal,Pomegrenates,23.0,10000.0,15000.0,12000.0
2025-03-10 00:00:00+05:30,Warangal,Warangal,Sapota,20.0,2500.0,2500.0,2500.0
2025-03-12 00:00:00+05:30,Warangal,Warangal,Sapota,40.0,2000.0,2000.0,2000.0
2025-03-17 00:00:00+05:30,Warangal,Warangal,Sapota,50.0,2000.0,2000.0,2000.0
2025-03-15 00:00:00+05:30,Warangal,Warangal,Sapota,50.0,2000.0,2000.0,2000.0
2025-03-05 00:00:00+05:30,Warangal,Warangal,Sapota,4.0,5000.0,5000.0,5000.0
2025-03-04 00:00:00+05:30,Warangal,Warangal,Sapota,35.0,2000.0,2000.0,2000.0
2025-03-06 00:00:00+05:30,Warangal,Warangal,Sapota,50.0,2000.0,2000.0,2000.0
2025-03-22 00:00:00+05:30,Warangal,Warangal,Sapota,35.0,2000.0,2000.0,2000.0
2025-03-20 00:00:00+05:30,Warangal,Warangal,Sapota,12.0,4000.0,4000.0,4000.0
2025-03-20 00:00:00+05:30,Warangal,Warangal,Musk Melon,100.0,1500.0,3000.0,2500.0
2025-03-21 00:00:00+05:30,Warangal,Warangal,Musk Melon,80.0,2000.0,3000.0,2500.0
2025-03-22 00:00:00+05:30,Warangal,Warangal,Musk Melon,80.0,2000.0,3000.0,2500.0
2025-03-23 00:00:00+05:30,Warangal,Warangal,Musk Melon,60.0,2000.0,3000.0,2500.0
2025-03-06 00:00:00+05:30,Warangal,Warangal,Musk Melon,120.0,2000.0,3500.0,2400.0
2025-03-07 00:00:00+05:30,Warangal,Warangal,Musk Melon,80.0,2000.0,4000.0,2700.0
2025-03-09 00:00:00+05:30,Warangal,Warangal,Musk Melon,60.0,2000.0,3000.0,2500.0
2025-03-08 00:00:00+05:30,Warangal,Warangal,Musk Melon,60.0,2000.0,3000.0,2400.0
2025-03-04 00:00:00+05:30,Warangal,Warangal,Musk Melon,90.0,2000.0,4000.0,2600.0
2025-03-05 00:00:00+05:30,Warangal,Warangal,Musk Melon,120.0,2000.0,3000.0,2500.0
2025-03-03 00:00:00+05:30,Warangal,Warangal,Musk Melon,100.0,2000.0,3000.0,2500.0
2025-03-02 00:00:00+05:30,Warangal,Warangal,Musk Melon,80.0,2500.0,3500.0,3000.0
2025-03-01 00:00:00+05:30,Warangal,Warangal,Musk Melon,100.0,2000.0,4000.0,2800.0
2025-03-15 00:00:00+05:30,Warangal,Warangal,Musk Melon,40.0,2000.0,3000.0,2500.0
2025-03-16 00:00:00+05:30,Warangal,Warangal,Musk Melon,60.0,2000.0,3000.0,2500.0
2025-03-17 00:00:00+05:30,Warangal,Warangal,Musk Melon,90.0,2000.0,3000.0,2500.0
2025-03-18 00:00:00+05:30,Warangal,Warangal,Musk Melon,80.0,2000.0,3000.0,2400.0
2025-03-19 00:00:00+05:30,Warangal,Warangal,Musk Melon,100.0,1500.0,3000.0,2000.0
2025-03-12 00:00:00+05:30,Warangal,Warangal,Musk Melon,80.0,2000.0,3000.0,2500.0
2025-03-13 00:00:00+05:30,Warangal,Warangal,Musk Melon,40.0,2000.0,3000.0,2500.0
2025-03-10 00:00:00+05:30,Warangal,Warangal,Musk Melon,80.0,2000.0,3000.0,2500.0
2025-03-11 00:00:00+05:30,Warangal,Warangal,Musk Melon,80.0,2000.0,3000.0,2500.0
2025-03-29 00:00:00+05:30,Warangal,Warangal,Musk Melon,50.0,2000.0,3000.0,2400.0
2025-03-28 00:00:00+05:30,Warangal,Warangal,Musk Melon,110.0,2000.0,4000.0,2500.0
2025-03-31 00:00:00+05:30,Warangal,Warangal,Musk Melon,20.0,1500.0,1500.0,1500.0
2025-03-30 00:00:00+05:30,Warangal,Warangal,Musk Melon,40.0,1500.0,2000.0,1800.0
2025-03-26 00:00:00+05:30,Warangal,Warangal,Musk Melon,60.0,2000.0,3000.0,2500.0
2025-03-27 00:00:00+05:30,Warangal,Warangal,Musk Melon,120.0,2000.0,3000.0,2300.0
2025-03-24 00:00:00+05:30,Warangal,Warangal,Musk Melon,80.0,2000.0,3000.0,2400.0
2025-03-11 00:00:00+05:30,Warangal,Warangal,Water Melon,240.0,800.0,1000.0,900.0
2025-03-10 00:00:00+05:30,Warangal,Warangal,Water Melon,180.0,1000.0,1000.0,1000.0
2025-03-13 00:00:00+05:30,Warangal,Warangal,Water Melon,240.0,300.0,1000.0,700.0
2025-03-12 00:00:00+05:30,Warangal,Warangal,Water Melon,110.0,350.0,1000.0,700.0
2025-03-19 00:00:00+05:30,Warangal,Warangal,Water Melon,340.0,400.0,1100.0,800.0
2025-03-18 00:00:00+05:30,Warangal,Warangal,Water Melon,670.0,300.0,1000.0,650.0
2025-03-17 00:00:00+05:30,Warangal,Warangal,Water Melon,180.0,400.0,1000.0,700.0
2025-03-16 00:00:00+05:30,Warangal,Warangal,Water Melon,220.0,400.0,1000.0,800.0
2025-03-15 00:00:00+05:30,Warangal,Warangal,Water Melon,30.0,1000.0,1000.0,1000.0
2025-03-01 00:00:00+05:30,Warangal,Warangal,Water Melon,130.0,800.0,1000.0,970.0
2025-03-02 00:00:00+05:30,Warangal,Warangal,Water Melon,130.0,900.0,1000.0,950.0
2025-03-03 00:00:00+05:30,Warangal,Warangal,Water Melon,480.0,800.0,1000.0,900.0
2025-03-05 00:00:00+05:30,Warangal,Warangal,Water Melon,310.0,800.0,1100.0,900.0
2025-03-04 00:00:00+05:30,Warangal,Warangal,Water Melon,270.0,800.0,1200.0,1000.0
2025-03-08 00:00:00+05:30,Warangal,Warangal,Water Melon,350.0,1000.0,1000.0,1000.0
2025-03-09 00:00:00+05:30,Warangal,Warangal,Water Melon,40.0,600.0,1000.0,900.0
2025-03-07 00:00:00+05:30,Warangal,Warangal,Water Melon,70.0,550.0,1000.0,800.0
2025-03-06 00:00:00+05:30,Warangal,Warangal,Water Melon,180.0,700.0,1200.0,900.0
2025-03-23 00:00:00+05:30,Warangal,Warangal,Water Melon,90.0,400.0,1200.0,900.0
2025-03-22 00:00:00+05:30,Warangal,Warangal,Water Melon,360.0,200.0,1000.0,700.0
2025-03-21 00:00:00+05:30,Warangal,Warangal,Water Melon,250.0,800.0,1200.0,900.0
2025-03-20 00:00:00+05:30,Warangal,Warangal,Water Melon,560.0,300.0,1200.0,800.0
2025-03-24 00:00:00+05:30,Warangal,Warangal,Water Melon,290.0,3000.0,1000.0,6000.0
2025-03-27 00:00:00+05:30,Warangal,Warangal,Water Melon,260.0,250.0,1000.0,600.0
2025-03-26 00:00:00+05:30,Warangal,Warangal,Water Melon,240.0,200.0,800.0,650.0
2025-03-30 00:00:00+05:30,Warangal,Warangal,Water Melon,160.0,250.0,900.0,600.0
2025-03-28 00:00:00+05:30,Warangal,Warangal,Water Melon,180.0,300.0,900.0,650.0
2025-03-29 00:00:00+05:30,Warangal,Warangal,Water Melon,240.0,500.0,1200.0,800.0
2025-03-08 00:00:00+05:30,Warangal,Warangal,Pine apple,10.0,3000.0,3000.0,3000.0
2025-03-05 00:00:00+05:30,Warangal,Warangal,Pine apple,10.0,3000.0,3000.0,3000.0
2025-03-03 00:00:00+05:30,Warangal,Warangal,Pine apple,20.0,3000.0,3000.0,3000.0
2025-03-17 00:00:00+05:30,Warangal,Warangal,Pine apple,25.0,3000.0,3000.0,3000.0
2025-03-10 00:00:00+05:30,Warangal,Warangal,Pine apple,30.0,3000.0,3000.0,3000.0
2025-03-11 00:00:00+05:30,Warangal,Warangal,Pine apple,30.0,3000.0,3000.0,3000.0
2025-03-11 00:00:00+05:30,Warangal,Warangal,Papaya,30.0,2500.0,2500.0,2500.0
2025-03-17 00:00:00+05:30,Warangal,Warangal,Papaya,30.0,2000.0,2000.0,2000.0
2025-03-16 00:00:00+05:30,Warangal,Warangal,Papaya,20.0,2500.0,2500.0,2500.0
2025-03-03 00:00:00+05:30,Warangal,Warangal,Papaya,20.0,3000.0,3000.0,3000.0
2025-03-08 00:00:00+05:30,Warangal,Warangal,Papaya,40.0,2500.0,2500.0,2500.0
2025-03-06 00:00:00+05:30,Warangal,Warangal,Papaya,20.0,2500.0,2500.0,2500.0
2025-03-07 00:00:00+05:30,Warangal,Warangal,Apple,40.0,10000.0,16000.0,13000.0
2025-03-08 00:00:00+05:30,Warangal,Warangal,Apple,43.0,12000.0,17000.0,14000.0
2025-03-15 00:00:00+05:30,Warangal,Warangal,Apple,30.0,10000.0,14000.0,12000.0
2025-03-21 00:00:00+05:30,Warangal,Warangal,Apple,50.0,12500.0,18000.0,14500.0
2025-03-22 00:00:00+05:30,Warangal,Warangal,Apple,39.0,10000.0,15000.0,12000.0
2025-03-28 00:00:00+05:30,Warangal,Warangal,Apple,14.0,10000.0,15000.0,14000.0
2025-03-22 00:00:00+05:30,Warangal,Warangal,Cabbage,19.0,700.0,800.0,750.0
2025-03-23 00:00:00+05:30,Warangal,Warangal,Cabbage,50.0,1200.0,1600.0,1400.0
2025-03-21 00:00:00+05:30,Warangal,Warangal,Cabbage,39.0,1000.0,1500.0,1250.0
2025-03-20 00:00:00+05:30,Warangal,Warangal,Cabbage,35.0,1000.0,1500.0,1250.0
2025-03-15 00:00:00+05:30,Warangal,Warangal,Cabbage,16.0,1000.0,1500.0,1250.0
2025-03-16 00:00:00+05:30,Warangal,Warangal,Cabbage,43.0,1200.0,1600.0,1400.0
2025-03-17 00:00:00+05:30,Warangal,Warangal,Cabbage,54.0,1000.0,1500.0,1250.0
2025-03-18 00:00:00+05:30,Warangal,Warangal,Cabbage,45.0,800.0,1000.0,900.0
2025-03-19 00:00:00+05:30,Warangal,Warangal,Cabbage,52.0,1000.0,1500.0,1250.0
2025-03-11 00:00:00+05:30,Warangal,Warangal,Cabbage,24.0,1600.0,2000.0,1800.0
2025-03-10 00:00:00+05:30,Warangal,Warangal,Cabbage,38.0,1000.0,1400.0,1200.0
2025-03-12 00:00:00+05:30,Warangal,Warangal,Cabbage,56.0,1000.0,1500.0,1250.0
2025-03-13 00:00:00+05:30,Warangal,Warangal,Cabbage,10.0,1000.0,1500.0,1250.0
2025-03-14 00:00:00+05:30,Warangal,Warangal,Cabbage,10.0,1000.0,1500.0,1250.0
2025-03-08 00:00:00+05:30,Warangal,Warangal,Cabbage,47.0,800.0,1000.0,900.0
2025-03-09 00:00:00+05:30,Warangal,Warangal,Cabbage,38.0,1000.0,1400.0,1200.0
2025-03-07 00:00:00+05:30,Warangal,Warangal,Cabbage,42.0,1600.0,2000.0,1800.0
2025-03-06 00:00:00+05:30,Warangal,Warangal,Cabbage,59.0,1000.0,1500.0,1250.0
2025-03-03 00:00:00+05:30,Warangal,Warangal,Cabbage,34.0,1400.0,2000.0,1600.0
2025-03-02 00:00:00+05:30,Warangal,Warangal,Cabbage,54.0,800.0,1000.0,900.0
2025-03-01 00:00:00+05:30,Warangal,Warangal,Cabbage,30.0,1600.0,2000.0,1800.0
2025-03-05 00:00:00+05:30,Warangal,Warangal,Cabbage,42.0,1000.0,1500.0,1250.0
2025-03-04 00:00:00+05:30,Warangal,Warangal,Cabbage,48.0,1000.0,1500.0,1250.0
2025-03-28 00:00:00+05:30,Warangal,Warangal,Cabbage,13.0,1000.0,1500.0,1250.0
2025-03-29 00:00:00+05:30,Warangal,Warangal,Cabbage,25.0,1000.0,1500.0,1250.0
2025-03-30 00:00:00+05:30,Warangal,Warangal,Cabbage,59.0,1200.0,1500.0,1350.0
2025-03-31 00:00:00+05:30,Warangal,Warangal,Cabbage,7.0,1000.0,1500.0,1250.0
2025-03-26 00:00:00+05:30,Warangal,Warangal,Cabbage,30.0,600.0,800.0,700.0
2025-03-27 00:00:00+05:30,Warangal,Warangal,Cabbage,36.0,600.0,800.0,700.0
2025-03-24 00:00:00+05:30,Warangal,Warangal,Cabbage,40.0,600.0,800.0,700.0
2025-03-25 00:00:00+05:30,Warangal,Warangal,Cabbage,33.0,800.0,1000.0,900.0
2025-03-01 00:00:00+05:30,Warangal,Warangal,Cauliflower,2.0,1000.0,1500.0,1250.0
2025-03-06 00:00:00+05:30,Warangal,Warangal,Cauliflower,3.0,2000.0,2500.0,2250.0
2025-03-07 00:00:00+05:30,Warangal,Warangal,Cauliflower,4.0,2500.0,3000.0,2750.0
2025-03-09 00:00:00+05:30,Warangal,Warangal,Cauliflower,12.0,2500.0,3000.0,2750.0
2025-03-08 00:00:00+05:30,Warangal,Warangal,Cauliflower,8.0,2500.0,3000.0,2750.0
2025-03-14 00:00:00+05:30,Warangal,Warangal,Cauliflower,6.0,1000.0,1500.0,1250.0
2025-03-13 00:00:00+05:30,Warangal,Warangal,Cauliflower,6.0,1500.0,2000.0,1750.0
2025-03-12 00:00:00+05:30,Warangal,Warangal,Cauliflower,10.0,2500.0,3000.0,2750.0
2025-03-10 00:00:00+05:30,Warangal,Warangal,Cauliflower,8.0,2500.0,3000.0,2750.0
2025-03-11 00:00:00+05:30,Warangal,Warangal,Cauliflower,7.0,3500.0,4000.0,3750.0
2025-03-19 00:00:00+05:30,Warangal,Warangal,Cauliflower,13.0,1500.0,2000.0,1750.0
2025-03-18 00:00:00+05:30,Warangal,Warangal,Cauliflower,10.0,2000.0,2500.0,2250.0
2025-03-17 00:00:00+05:30,Warangal,Warangal,Cauliflower,10.0,1600.0,2000.0,1800.0
2025-03-16 00:00:00+05:30,Warangal,Warangal,Cauliflower,12.0,2500.0,3000.0,2750.0
2025-03-15 00:00:00+05:30,Warangal,Warangal,Cauliflower,2.0,2000.0,2500.0,2250.0
2025-03-20 00:00:00+05:30,Warangal,Warangal,Cauliflower,8.0,1600.0,2000.0,1800.0
2025-03-21 00:00:00+05:30,Warangal,Warangal,Cauliflower,6.0,1600.0,2000.0,1800.0
2025-03-23 00:00:00+05:30,Warangal,Warangal,Cauliflower,10.0,2000.0,2500.0,2250.0
2025-03-22 00:00:00+05:30,Warangal,Warangal,Cauliflower,2.0,1200.0,1600.0,1400.0
2025-03-25 00:00:00+05:30,Warangal,Warangal,Cauliflower,16.0,1600.0,2000.0,1800.0
2025-03-24 00:00:00+05:30,Warangal,Warangal,Cauliflower,16.0,1600.0,2000.0,1800.0
2025-03-27 00:00:00+05:30,Warangal,Warangal,Cauliflower,17.0,1600.0,2000.0,1800.0
2025-03-26 00:00:00+05:30,Warangal,Warangal,Cauliflower,14.0,1600.0,2000.0,1800.0
2025-03-30 00:00:00+05:30,Warangal,Warangal,Cauliflower,11.0,1600.0,2000.0,1800.0
2025-03-29 00:00:00+05:30,Warangal,Warangal,Cauliflower,11.0,1600.0,2000.0,1800.0
2025-03-28 00:00:00+05:30,Warangal,Warangal,Cauliflower,5.0,1600.0,2000.0,1800.0
2025-03-22 00:00:00+05:30,Warangal,Warangal,Beet Root,17.0,2600.0,2800.0,2700.0
2025-03-23 00:00:00+05:30,Warangal,Warangal,Beet Root,19.0,2000.0,2500.0,2250.0
2025-03-21 00:00:00+05:30,Warangal,Warangal,Beet Root,16.0,2000.0,2500.0,2250.0
2025-03-20 00:00:00+05:30,Warangal,Warangal,Beet Root,19.0,1600.0,2000.0,1800.0
2025-03-15 00:00:00+05:30,Warangal,Warangal,Beet Root,6.0,2000.0,2500.0,2250.0
2025-03-16 00:00:00+05:30,Warangal,Warangal,Beet Root,16.0,2500.0,3000.0,2750.0
2025-03-17 00:00:00+05:30,Warangal,Warangal,Beet Root,32.0,2000.0,2500.0,2250.0
2025-03-18 00:00:00+05:30,Warangal,Warangal,Beet Root,19.0,2000.0,2500.0,2250.0
2025-03-19 00:00:00+05:30,Warangal,Warangal,Beet Root,18.0,2000.0,2500.0,2250.0
2025-03-11 00:00:00+05:30,Warangal,Warangal,Beet Root,19.0,2500.0,3000.0,2750.0
2025-03-10 00:00:00+05:30,Warangal,Warangal,Beet Root,15.0,2500.0,3000.0,2750.0
2025-03-12 00:00:00+05:30,Warangal,Warangal,Beet Root,18.0,2000.0,2500.0,2250.0
2025-03-13 00:00:00+05:30,Warangal,Warangal,Beet Root,11.0,2000.0,2500.0,2250.0
2025-03-14 00:00:00+05:30,Warangal,Warangal,Beet Root,6.0,2000.0,2500.0,2250.0
2025-03-08 00:00:00+05:30,Warangal,Warangal,Beet Root,18.0,2500.0,3000.0,2750.0
2025-03-09 00:00:00+05:30,Warangal,Warangal,Beet Root,20.0,2500.0,3000.0,2750.0
2025-03-07 00:00:00+05:30,Warangal,Warangal,Beet Root,8.0,3000.0,3500.0,3250.0
2025-03-06 00:00:00+05:30,Warangal,Warangal,Beet Root,14.0,2000.0,2500.0,2250.0
2025-03-01 00:00:00+05:30,Warangal,Warangal,Beet Root,16.0,2000.0,2500.0,2250.0
2025-03-02 00:00:00+05:30,Warangal,Warangal,Beet Root,20.0,2500.0,3000.0,2750.0
2025-03-03 00:00:00+05:30,Warangal,Warangal,Beet Root,20.0,2600.0,3000.0,2800.0
2025-03-04 00:00:00+05:30,Warangal,Warangal,Beet Root,16.0,2000.0,2500.0,2250.0
2025-03-05 00:00:00+05:30,Warangal,Warangal,Beet Root,19.0,2000.0,2500.0,2250.0
2025-03-28 00:00:00+05:30,Warangal,Warangal,Beet Root,19.0,2000.0,2500.0,2250.0
2025-03-29 00:00:00+05:30,Warangal,Warangal,Beet Root,19.0,2000.0,2500.0,2250.0
2025-03-30 00:00:00+05:30,Warangal,Warangal,Beet Root,24.0,2000.0,2500.0,2250.0
2025-03-26 00:00:00+05:30,Warangal,Warangal,Beet Root,15.0,3000.0,3200.0,3100.0
2025-03-27 00:00:00+05:30,Warangal,Warangal,Beet Root,17.0,3000.0,3200.0,3100.0
2025-03-24 00:00:00+05:30,Warangal,Warangal,Beet Root,18.0,2600.0,3000.0,2800.0
2025-03-25 00:00:00+05:30,Warangal,Warangal,Beet Root,19.0,2600.0,3000.0,2800.0
2025-03-05 00:00:00+05:30,Warangal,Warangal,Carrot,63.0,2000.0,2500.0,2250.0
2025-03-04 00:00:00+05:30,Warangal,Warangal,Carrot,75.0,2500.0,3000.0,2750.0
2025-03-03 00:00:00+05:30,Warangal,Warangal,Carrot,65.0,3000.0,3400.0,3200.0
2025-03-02 00:00:00+05:30,Warangal,Warangal,Carrot,70.0,2500.0,3000.0,2750.0
2025-03-01 00:00:00+05:30,Warangal,Warangal,Carrot,44.0,2500.0,3000.0,2750.0
2025-03-06 00:00:00+05:30,Warangal,Warangal,Carrot,64.0,2000.0,2500.0,2250.0
2025-03-07 00:00:00+05:30,Warangal,Warangal,Carrot,42.0,2000.0,2500.0,2250.0
2025-03-09 00:00:00+05:30,Warangal,Warangal,Carrot,50.0,1200.0,1600.0,1400.0
2025-03-08 00:00:00+05:30,Warangal,Warangal,Carrot,39.0,2500.0,3000.0,2750.0
2025-03-14 00:00:00+05:30,Warangal,Warangal,Carrot,27.0,2500.0,3000.0,2750.0
2025-03-13 00:00:00+05:30,Warangal,Warangal,Carrot,73.0,2500.0,3000.0,2750.0
2025-03-12 00:00:00+05:30,Warangal,Warangal,Carrot,74.0,2500.0,3000.0,2750.0
2025-03-10 00:00:00+05:30,Warangal,Warangal,Carrot,48.0,2500.0,3000.0,2750.0
2025-03-11 00:00:00+05:30,Warangal,Warangal,Carrot,81.0,2000.0,2400.0,2200.0
2025-03-19 00:00:00+05:30,Warangal,Warangal,Carrot,72.0,2500.0,3000.0,2750.0
2025-03-18 00:00:00+05:30,Warangal,Warangal,Carrot,64.0,2500.0,3000.0,2750.0
2025-03-17 00:00:00+05:30,Warangal,Warangal,Carrot,67.0,2000.0,2500.0,2250.0
2025-03-16 00:00:00+05:30,Warangal,Warangal,Carrot,69.0,2500.0,3000.0,2750.0
2025-03-15 00:00:00+05:30,Warangal,Warangal,Carrot,27.0,2000.0,2500.0,2250.0
2025-03-20 00:00:00+05:30,Warangal,Warangal,Carrot,66.0,2500.0,3000.0,2750.0
2025-03-21 00:00:00+05:30,Warangal,Warangal,Carrot,67.0,2000.0,2500.0,2250.0
2025-03-23 00:00:00+05:30,Warangal,Warangal,Carrot,68.0,1600.0,2000.0,1800.0
2025-03-22 00:00:00+05:30,Warangal,Warangal,Carrot,49.0,2600.0,3000.0,2800.0
2025-03-25 00:00:00+05:30,Warangal,Warangal,Carrot,50.0,2600.0,3000.0,2800.0
2025-03-24 00:00:00+05:30,Warangal,Warangal,Carrot,61.0,2500.0,3000.0,2750.0
2025-03-27 00:00:00+05:30,Warangal,Warangal,Carrot,68.0,2400.0,2800.0,2600.0
2025-03-26 00:00:00+05:30,Warangal,Warangal,Carrot,73.0,2500.0,3000.0,2750.0
2025-03-30 00:00:00+05:30,Warangal,Warangal,Carrot,86.0,2000.0,2500.0,2250.0
2025-03-29 00:00:00+05:30,Warangal,Warangal,Carrot,60.0,2000.0,2500.0,2250.0
2025-03-28 00:00:00+05:30,Warangal,Warangal,Carrot,32.0,2000.0,2500.0,2250.0
2025-03-22 00:00:00+05:30,Warangal,Warangal,Potato,30.0,2600.0,2800.0,2700.0
2025-03-23 00:00:00+05:30,Warangal,Warangal,Potato,36.0,2500.0,3000.0,2750.0
2025-03-21 00:00:00+05:30,Warangal,Warangal,Potato,34.0,2500.0,3000.0,2750.0
2025-03-20 00:00:00+05:30,Warangal,Warangal,Potato,36.0,2500.0,3000.0,2750.0
2025-03-15 00:00:00+05:30,Warangal,Warangal,Potato,32.0,2500.0,3000.0,2750.0
2025-03-16 00:00:00+05:30,Warangal,Warangal,Potato,32.0,2500.0,3000.0,2750.0
2025-03-17 00:00:00+05:30,Warangal,Warangal,Potato,85.0,2500.0,3000.0,2750.0
2025-03-18 00:00:00+05:30,Warangal,Warangal,Potato,40.0,2500.0,3000.0,2750.0
2025-03-19 00:00:00+05:30,Warangal,Warangal,Potato,36.0,2500.0,3000.0,2750.0
2025-03-11 00:00:00+05:30,Warangal,Warangal,Potato,34.0,3200.0,3600.0,3400.0
2025-03-10 00:00:00+05:30,Warangal,Warangal,Potato,36.0,2500.0,3000.0,2750.0
2025-03-12 00:00:00+05:30,Warangal,Warangal,Potato,36.0,3000.0,3500.0,3250.0
2025-03-13 00:00:00+05:30,Warangal,Warangal,Potato,45.0,2500.0,3000.0,2750.0
2025-03-14 00:00:00+05:30,Warangal,Warangal,Potato,22.0,2500.0,3000.0,2750.0
2025-03-08 00:00:00+05:30,Warangal,Warangal,Potato,34.0,2500.0,3000.0,2750.0
2025-03-09 00:00:00+05:30,Warangal,Warangal,Potato,32.0,3000.0,3400.0,3200.0
2025-03-07 00:00:00+05:30,Warangal,Warangal,Potato,36.0,2500.0,3000.0,2750.0
2025-03-06 00:00:00+05:30,Warangal,Warangal,Potato,34.0,3000.0,3400.0,3200.0
2025-03-01 00:00:00+05:30,Warangal,Warangal,Potato,36.0,2500.0,3000.0,2750.0
2025-03-02 00:00:00+05:30,Warangal,Warangal,Potato,41.0,2500.0,3000.0,2750.0
2025-03-03 00:00:00+05:30,Warangal,Warangal,Potato,45.0,3200.0,3600.0,3400.0
2025-03-04 00:00:00+05:30,Warangal,Warangal,Potato,40.0,2500.0,3000.0,2750.0
2025-03-05 00:00:00+05:30,Warangal,Warangal,Potato,34.0,2500.0,3000.0,2750.0
2025-03-28 00:00:00+05:30,Warangal,Warangal,Potato,34.0,2500.0,3000.0,2750.0
2025-03-29 00:00:00+05:30,Warangal,Warangal,Potato,36.0,2500.0,3000.0,2750.0
2025-03-30 00:00:00+05:30,Warangal,Warangal,Potato,24.0,2500.0,3000.0,2750.0
2025-03-31 00:00:00+05:30,Warangal,Warangal,Potato,20.0,2500.0,3000.0,2750.0
2025-03-26 00:00:00+05:30,Warangal,Warangal,Potato,36.0,2800.0,3000.0,2900.0
2025-03-27 00:00:00+05:30,Warangal,Warangal,Potato,34.0,2600.0,3000.0,2800.0
2025-03-24 00:00:00+05:30,Warangal,Warangal,Potato,34.0,2400.0,2800.0,2600.0
2025-03-25 00:00:00+05:30,Warangal,Warangal,Potato,38.0,2600.0,3000.0,2800.0
2025-03-05 00:00:00+05:30,Warangal,Warangal,ColaCasio(Arvi),3.0,3000.0,3500.0,3250.0
2025-03-03 00:00:00+05:30,Warangal,Warangal,ColaCasio(Arvi),5.0,4000.0,4800.0,4400.0
2025-03-02 00:00:00+05:30,Warangal,Warangal,ColaCasio(Arvi),5.0,4500.0,5000.0,4750.0
2025-03-01 00:00:00+05:30,Warangal,Warangal,ColaCasio(Arvi),4.0,3500.0,4000.0,3750.0
2025-03-06 00:00:00+05:30,Warangal,Warangal,ColaCasio(Arvi),3.0,3000.0,3500.0,3250.0
2025-03-07 00:00:00+05:30,Warangal,Warangal,ColaCasio(Arvi),3.0,3000.0,3500.0,3250.0
2025-03-09 00:00:00+05:30,Warangal,Warangal,ColaCasio(Arvi),6.0,4500.0,5000.0,4750.0
2025-03-08 00:00:00+05:30,Warangal,Warangal,ColaCasio(Arvi),4.0,4500.0,5000.0,4750.0
2025-03-14 00:00:00+05:30,Warangal,Warangal,ColaCasio(Arvi),2.0,3000.0,3500.0,3250.0
2025-03-13 00:00:00+05:30,Warangal,Warangal,ColaCasio(Arvi),4.0,3000.0,3500.0,3250.0
2025-03-12 00:00:00+05:30,Warangal,Warangal,ColaCasio(Arvi),5.0,3500.0,4000.0,3750.0
2025-03-10 00:00:00+05:30,Warangal,Warangal,ColaCasio(Arvi),5.0,4500.0,5000.0,4750.0
2025-03-11 00:00:00+05:30,Warangal,Warangal,ColaCasio(Arvi),5.0,3500.0,4000.0,3750.0
2025-03-19 00:00:00+05:30,Warangal,Warangal,ColaCasio(Arvi),8.0,3000.0,3500.0,3250.0
2025-03-18 00:00:00+05:30,Warangal,Warangal,ColaCasio(Arvi),3.0,3000.0,3500.0,3250.0
2025-03-17 00:00:00+05:30,Warangal,Warangal,ColaCasio(Arvi),7.0,3000.0,3500.0,3250.0
2025-03-16 00:00:00+05:30,Warangal,Warangal,ColaCasio(Arvi),6.0,4500.0,5000.0,4750.0
2025-03-15 00:00:00+05:30,Warangal,Warangal,ColaCasio(Arvi),2.0,3000.0,3500.0,3250.0
2025-03-20 00:00:00+05:30,Warangal,Warangal,ColaCasio(Arvi),4.0,3000.0,3500.0,3250.0
2025-03-21 00:00:00+05:30,Warangal,Warangal,ColaCasio(Arvi),5.0,3000.0,3500.0,3250.0
2025-03-23 00:00:00+05:30,Warangal,Warangal,ColaCasio(Arvi),7.0,4500.0,5000.0,4750.0
2025-03-22 00:00:00+05:30,Warangal,Warangal,ColaCasio(Arvi),4.0,3600.0,4000.0,3800.0
2025-03-25 00:00:00+05:30,Warangal,Warangal,ColaCasio(Arvi),7.0,3600.0,4000.0,3800.0
2025-03-24 00:00:00+05:30,Warangal,Warangal,ColaCasio(Arvi),6.0,3500.0,4000.0,3750.0
2025-03-27 00:00:00+05:30,Warangal,Warangal,ColaCasio(Arvi),7.0,3600.0,4000.0,3800.0
2025-03-26 00:00:00+05:30,Warangal,Warangal,ColaCasio(Arvi),8.0,3600.0,4000.0,3800.0
2025-03-30 00:00:00+05:30,Warangal,Warangal,ColaCasio(Arvi),12.0,3000.0,3500.0,3250.0
2025-03-29 00:00:00+05:30,Warangal,Warangal,ColaCasio(Arvi),8.0,3000.0,3500.0,3250.0
2025-03-28 00:00:00+05:30,Warangal,Warangal,ColaCasio(Arvi),4.0,3000.0,3500.0,3250.0
2025-03-20 00:00:00+05:30,Warangal,Warangal,Yam,2.0,5500.0,6000.0,5750.0
2025-03-16 00:00:00+05:30,Warangal,Warangal,Yam,1.0,5500.0,6000.0,5750.0
2025-03-17 00:00:00+05:30,Warangal,Warangal,Yam,1.0,5500.0,6000.0,5750.0
2025-03-18 00:00:00+05:30,Warangal,Warangal,Yam,1.0,5500.0,6000.0,5750.0
2025-03-11 00:00:00+05:30,Warangal,Warangal,Yam,2.0,6500.0,7000.0,6750.0
2025-03-10 00:00:00+05:30,Warangal,Warangal,Yam,2.0,6500.0,7000.0,6750.0
2025-03-09 00:00:00+05:30,Warangal,Warangal,Yam,1.0,5500.0,6000.0,5750.0
2025-03-06 00:00:00+05:30,Warangal,Warangal,Yam,1.0,6500.0,7000.0,6750.0
2025-03-02 00:00:00+05:30,Warangal,Warangal,Yam,2.0,6500.0,7000.0,6750.0
2025-03-05 00:00:00+05:30,Warangal,Warangal,Yam,2.0,6000.0,6500.0,6250.0
2025-03-05 00:00:00+05:30,Warangal,Warangal,Brinjal,37.0,1000.0,1500.0,1250.0
2025-03-04 00:00:00+05:30,Warangal,Warangal,Brinjal,22.0,1600.0,2000.0,1800.0
2025-03-02 00:00:00+05:30,Warangal,Warangal,Brinjal,8.0,1600.0,2000.0,1800.0
2025-03-03 00:00:00+05:30,Warangal,Warangal,Brinjal,27.0,1600.0,2000.0,1800.0
2025-03-01 00:00:00+05:30,Warangal,Warangal,Brinjal,13.0,1600.0,2000.0,1800.0
2025-03-06 00:00:00+05:30,Warangal,Warangal,Brinjal,29.0,1600.0,2000.0,1800.0
2025-03-07 00:00:00+05:30,Warangal,Warangal,Brinjal,30.0,1600.0,2000.0,1800.0
2025-03-09 00:00:00+05:30,Warangal,Warangal,Brinjal,26.0,800.0,1000.0,900.0
2025-03-08 00:00:00+05:30,Warangal,Warangal,Brinjal,23.0,800.0,1000.0,900.0
2025-03-10 00:00:00+05:30,Warangal,Warangal,Brinjal,34.0,1600.0,2000.0,1800.0
2025-03-11 00:00:00+05:30,Warangal,Warangal,Brinjal,8.0,2500.0,3000.0,2750.0
2025-03-12 00:00:00+05:30,Warangal,Warangal,Brinjal,33.0,1600.0,2000.0,1800.0
2025-03-13 00:00:00+05:30,Warangal,Warangal,Brinjal,38.0,1000.0,2000.0,1500.0
2025-03-14 00:00:00+05:30,Warangal,Warangal,Brinjal,3.0,1000.0,1500.0,1250.0
2025-03-18 00:00:00+05:30,Warangal,Warangal,Brinjal,33.0,1000.0,1500.0,1250.0
2025-03-19 00:00:00+05:30,Warangal,Warangal,Brinjal,18.0,1000.0,1500.0,1250.0
2025-03-17 00:00:00+05:30,Warangal,Warangal,Brinjal,13.0,1600.0,2000.0,1800.0
2025-03-16 00:00:00+05:30,Warangal,Warangal,Brinjal,28.0,1600.0,2000.0,1800.0
2025-03-15 00:00:00+05:30,Warangal,Warangal,Brinjal,27.0,1000.0,1500.0,1250.0
2025-03-20 00:00:00+05:30,Warangal,Warangal,Brinjal,9.0,1600.0,2000.0,1800.0
2025-03-21 00:00:00+05:30,Warangal,Warangal,Brinjal,19.0,1600.0,2000.0,1800.0
2025-03-22 00:00:00+05:30,Warangal,Warangal,Brinjal,23.0,700.0,800.0,750.0
2025-03-23 00:00:00+05:30,Warangal,Warangal,Brinjal,10.0,800.0,1000.0,900.0
2025-03-28 00:00:00+05:30,Warangal,Warangal,Brinjal,20.0,1600.0,2000.0,1800.0
2025-03-29 00:00:00+05:30,Warangal,Warangal,Brinjal,20.0,1600.0,2000.0,1800.0
2025-03-30 00:00:00+05:30,Warangal,Warangal,Brinjal,5.0,1600.0,2000.0,1800.0
2025-03-26 00:00:00+05:30,Warangal,Warangal,Brinjal,19.0,600.0,800.0,700.0
2025-03-27 00:00:00+05:30,Warangal,Warangal,Brinjal,8.0,500.0,600.0,550.0
2025-03-24 00:00:00+05:30,Warangal,Warangal,Brinjal,35.0,600.0,800.0,700.0
2025-03-25 00:00:00+05:30,Warangal,Warangal,Brinjal,13.0,600.0,800.0,700.0
2025-03-23 00:00:00+05:30,Warangal,Warangal,Ladys Finger,22.0,1600.0,2000.0,1800.0
2025-03-22 00:00:00+05:30,Warangal,Warangal,Ladys Finger,23.0,1200.0,1600.0,1400.0
2025-03-21 00:00:00+05:30,Warangal,Warangal,Ladys Finger,16.0,1600.0,2000.0,1800.0
2025-03-20 00:00:00+05:30,Warangal,Warangal,Ladys Finger,17.0,2500.0,3000.0,2750.0
2025-03-15 00:00:00+05:30,Warangal,Warangal,Ladys Finger,21.0,2500.0,3000.0,2750.0
2025-03-16 00:00:00+05:30,Warangal,Warangal,Ladys Finger,14.0,3500.0,4000.0,3750.0
2025-03-17 00:00:00+05:30,Warangal,Warangal,Ladys Finger,14.0,2000.0,2500.0,2250.0
2025-03-19 00:00:00+05:30,Warangal,Warangal,Ladys Finger,27.0,2500.0,3000.0,2750.0
2025-03-18 00:00:00+05:30,Warangal,Warangal,Ladys Finger,10.0,2000.0,2500.0,2250.0
2025-03-14 00:00:00+05:30,Warangal,Warangal,Ladys Finger,19.0,2500.0,3000.0,2750.0
2025-03-13 00:00:00+05:30,Warangal,Warangal,Ladys Finger,20.0,2500.0,3000.0,2750.0
2025-03-12 00:00:00+05:30,Warangal,Warangal,Ladys Finger,20.0,2000.0,2500.0,2250.0
2025-03-11 00:00:00+05:30,Warangal,Warangal,Ladys Finger,24.0,3000.0,3500.0,3250.0
2025-03-10 00:00:00+05:30,Warangal,Warangal,Ladys Finger,8.0,3500.0,4000.0,3750.0
2025-03-08 00:00:00+05:30,Warangal,Warangal,Ladys Finger,13.0,2500.0,3000.0,2750.0
2025-03-09 00:00:00+05:30,Warangal,Warangal,Ladys Finger,13.0,3500.0,4000.0,3750.0
2025-03-07 00:00:00+05:30,Warangal,Warangal,Ladys Finger,14.0,2500.0,3000.0,2750.0
2025-03-06 00:00:00+05:30,Warangal,Warangal,Ladys Finger,11.0,1600.0,2000.0,1800.0
2025-03-01 00:00:00+05:30,Warangal,Warangal,Ladys Finger,21.0,2500.0,3000.0,2750.0
2025-03-03 00:00:00+05:30,Warangal,Warangal,Ladys Finger,15.0,3200.0,4000.0,3600.0
2025-03-02 00:00:00+05:30,Warangal,Warangal,Ladys Finger,17.0,2500.0,3000.0,2750.0
2025-03-04 00:00:00+05:30,Warangal,Warangal,Ladys Finger,18.0,2000.0,2500.0,2250.0
2025-03-05 00:00:00+05:30,Warangal,Warangal,Ladys Finger,34.0,2000.0,2500.0,2250.0
2025-03-25 00:00:00+05:30,Warangal,Warangal,Ladys Finger,17.0,1400.0,1600.0,1500.0
2025-03-24 00:00:00+05:30,Warangal,Warangal,Ladys Finger,22.0,1600.0,2000.0,1800.0
2025-03-27 00:00:00+05:30,Warangal,Warangal,Ladys Finger,16.0,1600.0,2000.0,1800.0
2025-03-26 00:00:00+05:30,Warangal,Warangal,Ladys Finger,13.0,1600.0,2000.0,1800.0
2025-03-30 00:00:00+05:30,Warangal,Warangal,Ladys Finger,16.0,2000.0,2500.0,2250.0
2025-03-31 00:00:00+05:30,Warangal,Warangal,Ladys Finger,10.0,2000.0,2500.0,2250.0
2025-03-29 00:00:00+05:30,Warangal,Warangal,Ladys Finger,17.0,2000.0,2500.0,2250.0
2025-03-28 00:00:00+05:30,Warangal,Warangal,Ladys Finger,12.0,1600.0,2000.0,1800.0
2025-03-05 00:00:00+05:30,Warangal,Warangal,Green Chillies,349.0,2000.0,2500.0,2250.0
2025-03-04 00:00:00+05:30,Warangal,Warangal,Green Chillies,236.0,1600.0,2000.0,1800.0
2025-03-02 00:00:00+05:30,Warangal,Warangal,Green Chillies,254.0,1600.0,2000.0,1800.0
2025-03-03 00:00:00+05:30,Warangal,Warangal,Green Chillies,230.0,2600.0,3000.0,2800.0
2025-03-01 00:00:00+05:30,Warangal,Warangal,Green Chillies,238.0,1600.0,2000.0,1800.0
2025-03-06 00:00:00+05:30,Warangal,Warangal,Green Chillies,218.0,1600.0,2000.0,1800.0
2025-03-07 00:00:00+05:30,Warangal,Warangal,Green Chillies,258.0,1600.0,2000.0,1800.0
2025-03-09 00:00:00+05:30,Warangal,Warangal,Green Chillies,238.0,1600.0,2000.0,1800.0
2025-03-08 00:00:00+05:30,Warangal,Warangal,Green Chillies,228.0,1200.0,1600.0,1400.0
2025-03-10 00:00:00+05:30,Warangal,Warangal,Green Chillies,263.0,2000.0,2500.0,2250.0
2025-03-11 00:00:00+05:30,Warangal,Warangal,Green Chillies,232.0,2000.0,2400.0,2200.0
2025-03-12 00:00:00+05:30,Warangal,Warangal,Green Chillies,199.0,1600.0,2000.0,1800.0
2025-03-13 00:00:00+05:30,Warangal,Warangal,Green Chillies,313.0,1600.0,1800.0,1700.0
2025-03-14 00:00:00+05:30,Warangal,Warangal,Green Chillies,144.0,1200.0,1600.0,1400.0
2025-03-18 00:00:00+05:30,Warangal,Warangal,Green Chillies,287.0,1600.0,2000.0,1800.0
2025-03-19 00:00:00+05:30,Warangal,Warangal,Green Chillies,299.0,1200.0,1600.0,1400.0
2025-03-17 00:00:00+05:30,Warangal,Warangal,Green Chillies,221.0,1200.0,1600.0,1400.0
2025-03-16 00:00:00+05:30,Warangal,Warangal,Green Chillies,292.0,2000.0,2500.0,2250.0
2025-03-15 00:00:00+05:30,Warangal,Warangal,Green Chillies,153.0,1600.0,2000.0,1800.0
2025-03-20 00:00:00+05:30,Warangal,Warangal,Green Chillies,303.0,1500.0,2000.0,1750.0
2025-03-21 00:00:00+05:30,Warangal,Warangal,Green Chillies,234.0,1500.0,1800.0,1750.0
2025-03-22 00:00:00+05:30,Warangal,Warangal,Green Chillies,258.0,1400.0,1600.0,1500.0
2025-03-23 00:00:00+05:30,Warangal,Warangal,Green Chillies,232.0,1600.0,2000.0,1800.0
2025-03-28 00:00:00+05:30,Warangal,Warangal,Green Chillies,161.0,1200.0,1600.0,1400.0
2025-03-29 00:00:00+05:30,Warangal,Warangal,Green Chillies,117.0,1200.0,1600.0,1400.0
2025-03-31 00:00:00+05:30,Warangal,Warangal,Green Chillies,75.0,1600.0,2000.0,1800.0
2025-03-30 00:00:00+05:30,Warangal,Warangal,Green Chillies,198.0,1200.0,1500.0,1350.0
2025-03-26 00:00:00+05:30,Warangal,Warangal,Green Chillies,237.0,1600.0,2000.0,1800.0
2025-03-27 00:00:00+05:30,Warangal,Warangal,Green Chillies,240.0,1400.0,1600.0,1500.0
2025-03-24 00:00:00+05:30,Warangal,Warangal,Green Chillies,270.0,1600.0,2000.0,1800.0
2025-03-25 00:00:00+05:30,Warangal,Warangal,Green Chillies,227.0,1600.0,2000.0,1800.0
2025-03-23 00:00:00+05:30,Warangal,Warangal,Tomato,60.0,800.0,1000.0,900.0
2025-03-22 00:00:00+05:30,Warangal,Warangal,Tomato,80.0,800.0,1000.0,900.0
2025-03-21 00:00:00+05:30,Warangal,Warangal,Tomato,100.0,600.0,800.0,700.0
2025-03-20 00:00:00+05:30,Warangal,Warangal,Tomato,70.0,800.0,1000.0,900.0
2025-03-15 00:00:00+05:30,Warangal,Warangal,Tomato,20.0,800.0,1000.0,900.0
2025-03-16 00:00:00+05:30,Warangal,Warangal,Tomato,20.0,800.0,1000.0,900.0
2025-03-17 00:00:00+05:30,Warangal,Warangal,Tomato,20.0,800.0,1000.0,900.0
2025-03-19 00:00:00+05:30,Warangal,Warangal,Tomato,60.0,800.0,1000.0,900.0
2025-03-18 00:00:00+05:30,Warangal,Warangal,Tomato,130.0,600.0,800.0,700.0
2025-03-13 00:00:00+05:30,Warangal,Warangal,Tomato,75.0,1000.0,1200.0,1100.0
2025-03-12 00:00:00+05:30,Warangal,Warangal,Tomato,80.0,800.0,1000.0,900.0
2025-03-11 00:00:00+05:30,Warangal,Warangal,Tomato,20.0,800.0,1000.0,900.0
2025-03-10 00:00:00+05:30,Warangal,Warangal,Tomato,20.0,800.0,1000.0,900.0
2025-03-08 00:00:00+05:30,Warangal,Warangal,Tomato,20.0,800.0,1000.0,900.0
2025-03-09 00:00:00+05:30,Warangal,Warangal,Tomato,40.0,800.0,1000.0,900.0
2025-03-07 00:00:00+05:30,Warangal,Warangal,Tomato,10.0,800.0,1000.0,900.0
2025-03-06 00:00:00+05:30,Warangal,Warangal,Tomato,20.0,800.0,1000.0,900.0
2025-03-01 00:00:00+05:30,Warangal,Warangal,Tomato,42.0,800.0,1000.0,900.0
2025-03-03 00:00:00+05:30,Warangal,Warangal,Tomato,25.0,1000.0,1500.0,1250.0
2025-03-02 00:00:00+05:30,Warangal,Warangal,Tomato,36.0,600.0,800.0,700.0
2025-03-04 00:00:00+05:30,Warangal,Warangal,Tomato,20.0,800.0,1000.0,900.0
2025-03-05 00:00:00+05:30,Warangal,Warangal,Tomato,20.0,800.0,1000.0,900.0
2025-03-25 00:00:00+05:30,Warangal,Warangal,Tomato,150.0,600.0,800.0,700.0
2025-03-24 00:00:00+05:30,Warangal,Warangal,Tomato,100.0,600.0,800.0,700.0
2025-03-27 00:00:00+05:30,Warangal,Warangal,Tomato,100.0,600.0,800.0,700.0
2025-03-26 00:00:00+05:30,Warangal,Warangal,Tomato,40.0,600.0,800.0,700.0
2025-03-30 00:00:00+05:30,Warangal,Warangal,Tomato,140.0,600.0,800.0,700.0
2025-03-29 00:00:00+05:30,Warangal,Warangal,Tomato,20.0,600.0,800.0,700.0
2025-03-28 00:00:00+05:30,Warangal,Warangal,Tomato,70.0,600.0,800.0,700.0
2025-03-05 00:00:00+05:30,Warangal,Warangal,French Beans,2.0,3000.0,3500.0,3250.0
2025-03-04 00:00:00+05:30,Warangal,Warangal,French Beans,2.0,3000.0,3500.0,3250.0
2025-03-02 00:00:00+05:30,Warangal,Warangal,French Beans,3.0,4500.0,5000.0,4750.0
2025-03-03 00:00:00+05:30,Warangal,Warangal,French Beans,2.0,4800.0,5000.0,4900.0
2025-03-01 00:00:00+05:30,Warangal,Warangal,French Beans,1.0,3500.0,4000.0,3750.0
2025-03-06 00:00:00+05:30,Warangal,Warangal,French Beans,3.0,3000.0,3500.0,3250.0
2025-03-07 00:00:00+05:30,Warangal,Warangal,French Beans,1.0,3500.0,4000.0,3750.0
2025-03-09 00:00:00+05:30,Warangal,Warangal,French Beans,4.0,4500.0,5000.0,4750.0
2025-03-08 00:00:00+05:30,Warangal,Warangal,French Beans,7.0,4500.0,5000.0,4750.0
2025-03-10 00:00:00+05:30,Warangal,Warangal,French Beans,2.0,4500.0,5000.0,4750.0
2025-03-12 00:00:00+05:30,Warangal,Warangal,French Beans,4.0,3000.0,3500.0,3250.0
2025-03-13 00:00:00+05:30,Warangal,Warangal,French Beans,3.0,3000.0,3500.0,3250.0
2025-03-18 00:00:00+05:30,Warangal,Warangal,French Beans,3.0,2500.0,3000.0,2750.0
2025-03-19 00:00:00+05:30,Warangal,Warangal,French Beans,8.0,3000.0,3500.0,3250.0
2025-03-17 00:00:00+05:30,Warangal,Warangal,French Beans,4.0,2500.0,3000.0,2750.0
2025-03-16 00:00:00+05:30,Warangal,Warangal,French Beans,4.0,4500.0,5000.0,4750.0
2025-03-15 00:00:00+05:30,Warangal,Warangal,French Beans,2.0,3500.0,4000.0,3750.0
2025-03-20 00:00:00+05:30,Warangal,Warangal,French Beans,3.0,3000.0,3500.0,3250.0
2025-03-21 00:00:00+05:30,Warangal,Warangal,French Beans,2.0,3000.0,3500.0,3250.0
2025-03-22 00:00:00+05:30,Warangal,Warangal,French Beans,3.0,3600.0,4000.0,3800.0
2025-03-23 00:00:00+05:30,Warangal,Warangal,French Beans,4.0,4000.0,4500.0,4250.0
2025-03-28 00:00:00+05:30,Warangal,Warangal,French Beans,1.0,3000.0,3500.0,3250.0
2025-03-29 00:00:00+05:30,Warangal,Warangal,French Beans,1.0,3000.0,3500.0,3250.0
2025-03-26 00:00:00+05:30,Warangal,Warangal,French Beans,4.0,4500.0,5000.0,4750.0
2025-03-27 00:00:00+05:30,Warangal,Warangal,French Beans,3.0,4500.0,5000.0,4750.0
2025-03-24 00:00:00+05:30,Warangal,Warangal,French Beans,2.0,4500.0,5000.0,4750.0
2025-03-25 00:00:00+05:30,Warangal,Warangal,French Beans,2.0,4500.0,5000.0,4750.0
2025-03-23 00:00:00+05:30,Warangal,Warangal,Cluster Beans,3.0,2500.0,3000.0,2750.0
2025-03-22 00:00:00+05:30,Warangal,Warangal,Cluster Beans,5.0,1200.0,1600.0,1400.0
2025-03-21 00:00:00+05:30,Warangal,Warangal,Cluster Beans,6.0,2500.0,3000.0,2750.0
2025-03-20 00:00:00+05:30,Warangal,Warangal,Cluster Beans,5.0,2500.0,3000.0,2750.0
2025-03-15 00:00:00+05:30,Warangal,Warangal,Cluster Beans,14.0,2500.0,3000.0,2750.0
2025-03-16 00:00:00+05:30,Warangal,Warangal,Cluster Beans,8.0,4000.0,4500.0,4250.0
2025-03-17 00:00:00+05:30,Warangal,Warangal,Cluster Beans,5.0,2500.0,3000.0,2750.0
2025-03-19 00:00:00+05:30,Warangal,Warangal,Cluster Beans,10.0,2500.0,3000.0,2750.0
2025-03-18 00:00:00+05:30,Warangal,Warangal,Cluster Beans,9.0,2500.0,3000.0,2750.0
2025-03-13 00:00:00+05:30,Warangal,Warangal,Cluster Beans,9.0,2000.0,3000.0,2500.0
2025-03-14 00:00:00+05:30,Warangal,Warangal,Cluster Beans,2.0,2500.0,3000.0,2750.0
2025-03-12 00:00:00+05:30,Warangal,Warangal,Cluster Beans,11.0,2500.0,3000.0,2750.0
2025-03-10 00:00:00+05:30,Warangal,Warangal,Cluster Beans,8.0,4200.0,4600.0,4400.0
2025-03-11 00:00:00+05:30,Warangal,Warangal,Cluster Beans,10.0,3500.0,4000.0,3750.0
2025-03-08 00:00:00+05:30,Warangal,Warangal,Cluster Beans,3.0,3000.0,3500.0,3250.0
2025-03-09 00:00:00+05:30,Warangal,Warangal,Cluster Beans,2.0,3000.0,3400.0,3200.0
2025-03-07 00:00:00+05:30,Warangal,Warangal,Cluster Beans,2.0,3500.0,4000.0,3750.0
2025-03-06 00:00:00+05:30,Warangal,Warangal,Cluster Beans,8.0,2500.0,3000.0,2750.0
2025-03-01 00:00:00+05:30,Warangal,Warangal,Cluster Beans,13.0,3000.0,3500.0,3250.0
2025-03-03 00:00:00+05:30,Warangal,Warangal,Cluster Beans,11.0,4200.0,5000.0,4600.0
2025-03-02 00:00:00+05:30,Warangal,Warangal,Cluster Beans,3.0,4000.0,4500.0,4250.0
2025-03-04 00:00:00+05:30,Warangal,Warangal,Cluster Beans,15.0,3000.0,3500.0,3250.0
2025-03-05 00:00:00+05:30,Warangal,Warangal,Cluster Beans,13.0,2500.0,3000.0,2750.0
2025-03-25 00:00:00+05:30,Warangal,Warangal,Cluster Beans,6.0,1600.0,1800.0,1700.0
2025-03-24 00:00:00+05:30,Warangal,Warangal,Cluster Beans,6.0,1200.0,1600.0,1400.0
2025-03-27 00:00:00+05:30,Warangal,Warangal,Cluster Beans,8.0,2600.0,3000.0,2800.0
2025-03-26 00:00:00+05:30,Warangal,Warangal,Cluster Beans,5.0,2500.0,3000.0,2750.0
2025-03-29 00:00:00+05:30,Warangal,Warangal,Cluster Beans,7.0,2500.0,3000.0,2750.0
2025-03-28 00:00:00+05:30,Warangal,Warangal,Cluster Beans,9.0,2500.0,3000.0,2750.0
2025-03-30 00:00:00+05:30,Warangal,Warangal,Cluster Beans,1.0,2500.0,3000.0,2750.0
2025-03-05 00:00:00+05:30,Warangal,Warangal,Field Beans,8.0,3500.0,4000.0,3750.0
2025-03-04 00:00:00+05:30,Warangal,Warangal,Field Beans,32.0,4500.0,5000.0,4750.0
2025-03-02 00:00:00+05:30,Warangal,Warangal,Field Beans,35.0,3500.0,4000.0,3750.0
2025-03-03 00:00:00+05:30,Warangal,Warangal,Field Beans,22.0,5600.0,6000.0,5800.0
2025-03-01 00:00:00+05:30,Warangal,Warangal,Field Beans,32.0,3500.0,4000.0,3750.0
2025-03-06 00:00:00+05:30,Warangal,Warangal,Field Beans,30.0,4500.0,5000.0,4750.0
2025-03-09 00:00:00+05:30,Warangal,Warangal,Field Beans,17.0,5500.0,6000.0,5750.0
2025-03-08 00:00:00+05:30,Warangal,Warangal,Field Beans,10.0,5500.0,6000.0,5750.0
2025-03-11 00:00:00+05:30,Warangal,Warangal,Field Beans,16.0,5500.0,6000.0,5750.0
2025-03-10 00:00:00+05:30,Warangal,Warangal,Field Beans,16.0,4500.0,5000.0,4750.0
2025-03-12 00:00:00+05:30,Warangal,Warangal,Field Beans,10.0,5500.0,6000.0,5750.0
2025-03-14 00:00:00+05:30,Warangal,Warangal,Field Beans,2.0,4000.0,4500.0,4250.0
2025-03-13 00:00:00+05:30,Warangal,Warangal,Field Beans,16.0,5500.0,6500.0,6000.0
2025-03-18 00:00:00+05:30,Warangal,Warangal,Field Beans,17.0,4500.0,5000.0,4750.0
2025-03-19 00:00:00+05:30,Warangal,Warangal,Field Beans,32.0,4000.0,4500.0,4250.0
2025-03-17 00:00:00+05:30,Warangal,Warangal,Field Beans,12.0,4500.0,5000.0,4750.0
2025-03-16 00:00:00+05:30,Warangal,Warangal,Field Beans,20.0,3500.0,4000.0,3750.0
2025-03-20 00:00:00+05:30,Warangal,Warangal,Field Beans,15.0,4500.0,5000.0,4750.0
2025-03-21 00:00:00+05:30,Warangal,Warangal,Field Beans,11.0,3500.0,4000.0,3750.0
2025-03-22 00:00:00+05:30,Warangal,Warangal,Field Beans,17.0,5500.0,6000.0,5750.0
2025-03-23 00:00:00+05:30,Warangal,Warangal,Field Beans,22.0,3500.0,4000.0,3750.0
2025-03-28 00:00:00+05:30,Warangal,Warangal,Field Beans,20.0,3500.0,4000.0,3750.0
2025-03-29 00:00:00+05:30,Warangal,Warangal,Field Beans,14.0,3500.0,4000.0,3750.0
2025-03-26 00:00:00+05:30,Warangal,Warangal,Field Beans,5.0,5500.0,6000.0,5750.0
2025-03-27 00:00:00+05:30,Warangal,Warangal,Field Beans,9.0,5500.0,6000.0,5750.0
2025-03-24 00:00:00+05:30,Warangal,Warangal,Field Beans,20.0,4000.0,4500.0,4250.0
2025-03-25 00:00:00+05:30,Warangal,Warangal,Field Beans,11.0,4500.0,5000.0,4750.0
2025-03-23 00:00:00+05:30,Warangal,Warangal,Ribbed Gourd,16.0,4500.0,5000.0,4750.0
2025-03-22 00:00:00+05:30,Warangal,Warangal,Ribbed Gourd,12.0,2800.0,3000.0,2900.0
2025-03-21 00:00:00+05:30,Warangal,Warangal,Ribbed Gourd,24.0,3000.0,3500.0,3250.0
2025-03-20 00:00:00+05:30,Warangal,Warangal,Ribbed Gourd,14.0,3500.0,4000.0,3750.0
2025-03-16 00:00:00+05:30,Warangal,Warangal,Ribbed Gourd,16.0,5500.0,6000.0,5750.0
2025-03-15 00:00:00+05:30,Warangal,Warangal,Ribbed Gourd,10.0,3000.0,3500.0,3250.0
2025-03-17 00:00:00+05:30,Warangal,Warangal,Ribbed Gourd,12.0,3500.0,4000.0,3750.0
2025-03-19 00:00:00+05:30,Warangal,Warangal,Ribbed Gourd,19.0,3500.0,4000.0,3750.0
2025-03-18 00:00:00+05:30,Warangal,Warangal,Ribbed Gourd,15.0,3500.0,4000.0,3750.0
2025-03-13 00:00:00+05:30,Warangal,Warangal,Ribbed Gourd,10.0,3000.0,3500.0,3250.0
2025-03-14 00:00:00+05:30,Warangal,Warangal,Ribbed Gourd,10.0,2500.0,3000.0,2750.0
2025-03-12 00:00:00+05:30,Warangal,Warangal,Ribbed Gourd,20.0,4000.0,4500.0,4250.0
2025-03-10 00:00:00+05:30,Warangal,Warangal,Ribbed Gourd,60.0,3500.0,4000.0,3750.0
2025-03-11 00:00:00+05:30,Warangal,Warangal,Ribbed Gourd,6.0,4500.0,5000.0,4750.0
2025-03-08 00:00:00+05:30,Warangal,Warangal,Ribbed Gourd,21.0,3500.0,4000.0,3750.0
2025-03-09 00:00:00+05:30,Warangal,Warangal,Ribbed Gourd,18.0,4000.0,4500.0,4250.0
2025-03-06 00:00:00+05:30,Warangal,Warangal,Ribbed Gourd,10.0,3500.0,4000.0,3750.0
2025-03-07 00:00:00+05:30,Warangal,Warangal,Ribbed Gourd,20.0,4000.0,4500.0,4250.0
2025-03-01 00:00:00+05:30,Warangal,Warangal,Ribbed Gourd,12.0,3000.0,3500.0,3250.0
2025-03-03 00:00:00+05:30,Warangal,Warangal,Ribbed Gourd,17.0,5600.0,6000.0,5800.0
2025-03-02 00:00:00+05:30,Warangal,Warangal,Ribbed Gourd,18.0,4000.0,4500.0,4250.0
2025-03-04 00:00:00+05:30,Warangal,Warangal,Ribbed Gourd,14.0,3000.0,3500.0,3250.0
2025-03-05 00:00:00+05:30,Warangal,Warangal,Ribbed Gourd,10.0,3500.0,4000.0,3750.0
2025-03-25 00:00:00+05:30,Warangal,Warangal,Ribbed Gourd,17.0,2500.0,3000.0,2750.0
2025-03-24 00:00:00+05:30,Warangal,Warangal,Ribbed Gourd,17.0,2500.0,3000.0,2750.0
2025-03-27 00:00:00+05:30,Warangal,Warangal,Ribbed Gourd,9.0,2600.0,2800.0,2700.0
2025-03-26 00:00:00+05:30,Warangal,Warangal,Ribbed Gourd,10.0,2600.0,3000.0,2800.0
2025-03-29 00:00:00+05:30,Warangal,Warangal,Ribbed Gourd,14.0,3000.0,3500.0,3250.0
2025-03-28 00:00:00+05:30,Warangal,Warangal,Ribbed Gourd,12.0,3000.0,3500.0,3250.0
2025-03-30 00:00:00+05:30,Warangal,Warangal,Ribbed Gourd,3.0,3000.0,3500.0,3250.0
2025-03-31 00:00:00+05:30,Warangal,Warangal,Ribbed Gourd,8.0,3000.0,3500.0,3250.0
2025-03-05 00:00:00+05:30,Warangal,Warangal,Bitter Gourd,25.0,2500.0,3000.0,2750.0
2025-03-04 00:00:00+05:30,Warangal,Warangal,Bitter Gourd,34.0,2500.0,3000.0,2750.0
2025-03-02 00:00:00+05:30,Warangal,Warangal,Bitter Gourd,23.0,3500.0,4000.0,3750.0
2025-03-03 00:00:00+05:30,Warangal,Warangal,Bitter Gourd,20.0,3200.0,4000.0,3600.0
2025-03-01 00:00:00+05:30,Warangal,Warangal,Bitter Gourd,27.0,2500.0,3000.0,2750.0
2025-03-07 00:00:00+05:30,Warangal,Warangal,Bitter Gourd,16.0,3000.0,3500.0,3250.0
2025-03-06 00:00:00+05:30,Warangal,Warangal,Bitter Gourd,22.0,2500.0,3000.0,2750.0
2025-03-09 00:00:00+05:30,Warangal,Warangal,Bitter Gourd,13.0,3500.0,4000.0,3750.0
2025-03-08 00:00:00+05:30,Warangal,Warangal,Bitter Gourd,36.0,2500.0,3000.0,2750.0
2025-03-11 00:00:00+05:30,Warangal,Warangal,Bitter Gourd,31.0,3500.0,4000.0,3750.0
2025-03-10 00:00:00+05:30,Warangal,Warangal,Bitter Gourd,25.0,3500.0,4000.0,3750.0
2025-03-12 00:00:00+05:30,Warangal,Warangal,Bitter Gourd,23.0,3000.0,3500.0,3250.0
2025-03-13 00:00:00+05:30,Warangal,Warangal,Bitter Gourd,17.0,2500.0,3000.0,2750.0
2025-03-18 00:00:00+05:30,Warangal,Warangal,Bitter Gourd,21.0,3000.0,3500.0,3250.0
2025-03-19 00:00:00+05:30,Warangal,Warangal,Bitter Gourd,25.0,2500.0,3000.0,2750.0
2025-03-17 00:00:00+05:30,Warangal,Warangal,Bitter Gourd,19.0,2000.0,2500.0,2250.0
2025-03-16 00:00:00+05:30,Warangal,Warangal,Bitter Gourd,26.0,3500.0,4000.0,3750.0
2025-03-20 00:00:00+05:30,Warangal,Warangal,Bitter Gourd,7.0,3000.0,3500.0,3250.0
2025-03-21 00:00:00+05:30,Warangal,Warangal,Bitter Gourd,33.0,2500.0,3000.0,2750.0
2025-03-22 00:00:00+05:30,Warangal,Warangal,Bitter Gourd,13.0,1600.0,2000.0,1800.0
2025-03-23 00:00:00+05:30,Warangal,Warangal,Bitter Gourd,8.0,3500.0,4000.0,3750.0
2025-03-30 00:00:00+05:30,Warangal,Warangal,Bitter Gourd,4.0,2500.0,3000.0,2750.0
2025-03-28 00:00:00+05:30,Warangal,Warangal,Bitter Gourd,11.0,2000.0,2500.0,2250.0
2025-03-29 00:00:00+05:30,Warangal,Warangal,Bitter Gourd,14.0,2500.0,3000.0,2750.0
2025-03-26 00:00:00+05:30,Warangal,Warangal,Bitter Gourd,15.0,1600.0,2000.0,1800.0
2025-03-27 00:00:00+05:30,Warangal,Warangal,Bitter Gourd,12.0,1600.0,2000.0,1800.0
2025-03-24 00:00:00+05:30,Warangal,Warangal,Bitter Gourd,18.0,1600.0,2000.0,1800.0
2025-03-25 00:00:00+05:30,Warangal,Warangal,Bitter Gourd,9.0,1600.0,2000.0,1800.0
2025-03-23 00:00:00+05:30,Warangal,Warangal,Kheera,6.0,1000.0,1500.0,1250.0
2025-03-22 00:00:00+05:30,Warangal,Warangal,Kheera,16.0,1200.0,1600.0,1400.0
2025-03-21 00:00:00+05:30,Warangal,Warangal,Kheera,14.0,1000.0,1500.0,1250.0
2025-03-20 00:00:00+05:30,Warangal,Warangal,Kheera,11.0,1000.0,1500.0,1250.0
2025-03-16 00:00:00+05:30,Warangal,Warangal,Kheera,8.0,1600.0,2000.0,1800.0
2025-03-15 00:00:00+05:30,Warangal,Warangal,Kheera,2.0,1000.0,1500.0,1250.0
2025-03-17 00:00:00+05:30,Warangal,Warangal,Kheera,19.0,1000.0,1500.0,1250.0
2025-03-19 00:00:00+05:30,Warangal,Warangal,Kheera,22.0,1000.0,1500.0,1250.0
2025-03-18 00:00:00+05:30,Warangal,Warangal,Kheera,22.0,1000.0,1500.0,1250.0
2025-03-13 00:00:00+05:30,Warangal,Warangal,Kheera,11.0,1000.0,1500.0,1250.0
2025-03-14 00:00:00+05:30,Warangal,Warangal,Kheera,5.0,1000.0,1500.0,1250.0
2025-03-12 00:00:00+05:30,Warangal,Warangal,Kheera,9.0,1000.0,1500.0,1250.0
2025-03-10 00:00:00+05:30,Warangal,Warangal,Kheera,4.0,1600.0,2000.0,1800.0
2025-03-11 00:00:00+05:30,Warangal,Warangal,Kheera,19.0,1600.0,2000.0,1800.0
2025-03-08 00:00:00+05:30,Warangal,Warangal,Kheera,15.0,800.0,1000.0,900.0
2025-03-09 00:00:00+05:30,Warangal,Warangal,Kheera,15.0,800.0,1000.0,900.0
2025-03-06 00:00:00+05:30,Warangal,Warangal,Kheera,12.0,1000.0,1500.0,1250.0
2025-03-07 00:00:00+05:30,Warangal,Warangal,Kheera,12.0,1600.0,2000.0,1800.0
2025-03-01 00:00:00+05:30,Warangal,Warangal,Kheera,14.0,1000.0,1500.0,1250.0
2025-03-03 00:00:00+05:30,Warangal,Warangal,Kheera,19.0,1600.0,2000.0,1800.0
2025-03-02 00:00:00+05:30,Warangal,Warangal,Kheera,5.0,1600.0,2000.0,1800.0
2025-03-04 00:00:00+05:30,Warangal,Warangal,Kheera,26.0,1000.0,1500.0,1250.0
2025-03-05 00:00:00+05:30,Warangal,Warangal,Kheera,23.0,1000.0,1500.0,1250.0
2025-03-25 00:00:00+05:30,Warangal,Warangal,Kheera,8.0,1000.0,1200.0,1100.0
2025-03-24 00:00:00+05:30,Warangal,Warangal,Kheera,27.0,800.0,1000.0,900.0
2025-03-27 00:00:00+05:30,Warangal,Warangal,Kheera,19.0,800.0,1000.0,900.0
2025-03-26 00:00:00+05:30,Warangal,Warangal,Kheera,12.0,800.0,1000.0,900.0
2025-03-29 00:00:00+05:30,Warangal,Warangal,Kheera,10.0,1000.0,1500.0,1250.0
2025-03-28 00:00:00+05:30,Warangal,Warangal,Kheera,6.0,1000.0,1500.0,1250.0
2025-03-30 00:00:00+05:30,Warangal,Warangal,Kheera,6.0,1000.0,1500.0,1250.0
2025-03-04 00:00:00+05:30,Warangal,Warangal,Cucumber,56.0,2500.0,3000.0,2750.0
2025-03-02 00:00:00+05:30,Warangal,Warangal,Cucumber,79.0,2500.0,3000.0,2750.0
2025-03-03 00:00:00+05:30,Warangal,Warangal,Cucumber,4.0,3200.0,4000.0,3600.0
2025-03-01 00:00:00+05:30,Warangal,Warangal,Cucumber,4.0,2500.0,3000.0,2750.0
2025-03-07 00:00:00+05:30,Warangal,Warangal,Cucumber,14.0,2000.0,2500.0,2250.0
2025-03-06 00:00:00+05:30,Warangal,Warangal,Cucumber,21.0,2500.0,3000.0,2750.0
2025-03-09 00:00:00+05:30,Warangal,Warangal,Cucumber,19.0,1600.0,2000.0,1800.0
2025-03-08 00:00:00+05:30,Warangal,Warangal,Cucumber,37.0,2000.0,2400.0,2200.0
2025-03-11 00:00:00+05:30,Warangal,Warangal,Cucumber,2.0,2500.0,3000.0,2750.0
2025-03-12 00:00:00+05:30,Warangal,Warangal,Cucumber,14.0,2000.0,2500.0,2250.0
2025-03-13 00:00:00+05:30,Warangal,Warangal,Cucumber,30.0,1500.0,2500.0,2000.0
2025-03-18 00:00:00+05:30,Warangal,Warangal,Cucumber,3.0,3000.0,3500.0,3250.0
2025-03-19 00:00:00+05:30,Warangal,Warangal,Cucumber,5.0,1600.0,2000.0,1800.0
2025-03-17 00:00:00+05:30,Warangal,Warangal,Cucumber,8.0,1600.0,2000.0,1800.0
2025-03-15 00:00:00+05:30,Warangal,Warangal,Cucumber,3.0,1600.0,2000.0,1800.0
2025-03-16 00:00:00+05:30,Warangal,Warangal,Cucumber,10.0,3500.0,4000.0,3750.0
2025-03-20 00:00:00+05:30,Warangal,Warangal,Cucumber,15.0,1600.0,2000.0,1800.0
2025-03-21 00:00:00+05:30,Warangal,Warangal,Cucumber,9.0,1600.0,2000.0,1800.0
2025-03-22 00:00:00+05:30,Warangal,Warangal,Cucumber,2.0,1000.0,1200.0,1100.0
2025-03-23 00:00:00+05:30,Warangal,Warangal,Cucumber,15.0,2500.0,3000.0,2750.0
2025-03-30 00:00:00+05:30,Warangal,Warangal,Cucumber,14.0,1000.0,1500.0,1250.0
2025-03-28 00:00:00+05:30,Warangal,Warangal,Cucumber,6.0,1000.0,1500.0,1250.0
2025-03-29 00:00:00+05:30,Warangal,Warangal,Cucumber,8.0,1000.0,1500.0,1250.0
2025-03-26 00:00:00+05:30,Warangal,Warangal,Cucumber,4.0,1200.0,1600.0,1400.0
2025-03-24 00:00:00+05:30,Warangal,Warangal,Cucumber,8.0,1200.0,1600.0,1400.0
2025-03-25 00:00:00+05:30,Warangal,Warangal,Cucumber,7.0,1400.0,1600.0,1500.0
2025-03-23 00:00:00+05:30,Warangal,Warangal,Donda,89.0,2000.0,2400.0,2200.0
2025-03-22 00:00:00+05:30,Warangal,Warangal,Donda,50.0,1600.0,2000.0,1800.0
2025-03-21 00:00:00+05:30,Warangal,Warangal,Donda,34.0,2000.0,2500.0,2250.0
2025-03-20 00:00:00+05:30,Warangal,Warangal,Donda,63.0,2500.0,3000.0,2750.0
2025-03-16 00:00:00+05:30,Warangal,Warangal,Donda,72.0,3000.0,3500.0,3250.0
2025-03-15 00:00:00+05:30,Warangal,Warangal,Donda,24.0,3000.0,3500.0,3250.0
2025-03-17 00:00:00+05:30,Warangal,Warangal,Donda,37.0,2500.0,2000.0,2750.0
2025-03-19 00:00:00+05:30,Warangal,Warangal,Donda,64.0,2500.0,3000.0,2750.0
2025-03-18 00:00:00+05:30,Warangal,Warangal,Donda,33.0,3000.0,3500.0,3250.0
2025-03-13 00:00:00+05:30,Warangal,Warangal,Donda,47.0,3000.0,3500.0,3250.0
2025-03-14 00:00:00+05:30,Warangal,Warangal,Donda,16.0,2500.0,3000.0,2750.0
2025-03-12 00:00:00+05:30,Warangal,Warangal,Donda,46.0,2500.0,3000.0,2750.0
2025-03-11 00:00:00+05:30,Warangal,Warangal,Donda,26.0,3500.0,4000.0,3750.0
2025-03-10 00:00:00+05:30,Warangal,Warangal,Donda,35.0,3500.0,4000.0,3750.0
2025-03-08 00:00:00+05:30,Warangal,Warangal,Donda,32.0,2500.0,3000.0,2750.0
2025-03-09 00:00:00+05:30,Warangal,Warangal,Donda,52.0,2400.0,2600.0,2500.0
2025-03-06 00:00:00+05:30,Warangal,Warangal,Donda,71.0,2500.0,3000.0,2750.0
2025-03-07 00:00:00+05:30,Warangal,Warangal,Donda,43.0,3500.0,4000.0,3750.0
2025-03-01 00:00:00+05:30,Warangal,Warangal,Donda,77.0,2500.0,3000.0,2750.0
2025-03-03 00:00:00+05:30,Warangal,Warangal,Donda,52.0,3600.0,4000.0,3800.0
2025-03-02 00:00:00+05:30,Warangal,Warangal,Donda,53.0,2500.0,3000.0,2750.0
2025-03-04 00:00:00+05:30,Warangal,Warangal,Donda,42.0,2500.0,3000.0,2750.0
2025-03-05 00:00:00+05:30,Warangal,Warangal,Donda,58.0,2500.0,3000.0,2750.0
2025-03-25 00:00:00+05:30,Warangal,Warangal,Donda,42.0,1600.0,2000.0,1800.0
2025-03-24 00:00:00+05:30,Warangal,Warangal,Donda,32.0,1200.0,1600.0,1400.0
2025-03-26 00:00:00+05:30,Warangal,Warangal,Donda,59.0,1600.0,2000.0,1800.0
2025-03-27 00:00:00+05:30,Warangal,Warangal,Donda,44.0,1200.0,1600.0,1400.0
2025-03-29 00:00:00+05:30,Warangal,Warangal,Donda,37.0,2000.0,2500.0,2250.0
2025-03-28 00:00:00+05:30,Warangal,Warangal,Donda,28.0,2500.0,3000.0,2750.0
2025-03-30 00:00:00+05:30,Warangal,Warangal,Donda,8.0,2000.0,2500.0,2250.0
2025-03-05 00:00:00+05:30,Warangal,Warangal,Capsicum,15.0,4000.0,4500.0,4250.0
2025-03-04 00:00:00+05:30,Warangal,Warangal,Capsicum,17.0,3500.0,4000.0,3750.0
2025-03-02 00:00:00+05:30,Warangal,Warangal,Capsicum,16.0,4000.0,4500.0,4250.0
2025-03-03 00:00:00+05:30,Warangal,Warangal,Capsicum,24.0,4200.0,4800.0,4500.0
2025-03-01 00:00:00+05:30,Warangal,Warangal,Capsicum,10.0,4000.0,4500.0,4250.0
2025-03-07 00:00:00+05:30,Warangal,Warangal,Capsicum,7.0,4500.0,5000.0,4750.0
2025-03-06 00:00:00+05:30,Warangal,Warangal,Capsicum,14.0,4000.0,4500.0,4250.0
2025-03-09 00:00:00+05:30,Warangal,Warangal,Capsicum,17.0,4500.0,5000.0,4750.0
2025-03-08 00:00:00+05:30,Warangal,Warangal,Capsicum,9.0,4500.0,5000.0,4750.0
2025-03-10 00:00:00+05:30,Warangal,Warangal,Capsicum,9.0,4500.0,5000.0,4750.0
2025-03-11 00:00:00+05:30,Warangal,Warangal,Capsicum,16.0,4500.0,5000.0,4750.0
2025-03-12 00:00:00+05:30,Warangal,Warangal,Capsicum,16.0,4000.0,4500.0,4250.0
2025-03-14 00:00:00+05:30,Warangal,Warangal,Capsicum,5.0,4000.0,4500.0,4250.0
2025-03-13 00:00:00+05:30,Warangal,Warangal,Capsicum,3.0,4000.0,4500.0,4250.0
2025-03-18 00:00:00+05:30,Warangal,Warangal,Capsicum,16.0,4000.0,4500.0,4250.0
2025-03-19 00:00:00+05:30,Warangal,Warangal,Capsicum,16.0,4000.0,4500.0,4250.0
2025-03-17 00:00:00+05:30,Warangal,Warangal,Capsicum,9.0,4000.0,4500.0,4250.0
2025-03-15 00:00:00+05:30,Warangal,Warangal,Capsicum,9.0,4000.0,4500.0,4250.0
2025-03-16 00:00:00+05:30,Warangal,Warangal,Capsicum,18.0,4500.0,5000.0,4750.0
2025-03-20 00:00:00+05:30,Warangal,Warangal,Capsicum,15.0,4000.0,4500.0,4250.0
2025-03-21 00:00:00+05:30,Warangal,Warangal,Capsicum,12.0,3500.0,4000.0,3750.0
2025-03-22 00:00:00+05:30,Warangal,Warangal,Capsicum,9.0,4500.0,5000.0,4750.0
2025-03-23 00:00:00+05:30,Warangal,Warangal,Capsicum,17.0,3500.0,4000.0,3750.0
2025-03-30 00:00:00+05:30,Warangal,Warangal,Capsicum,9.0,3500.0,4000.0,3750.0
2025-03-28 00:00:00+05:30,Warangal,Warangal,Capsicum,9.0,3500.0,4000.0,3750.0
2025-03-29 00:00:00+05:30,Warangal,Warangal,Capsicum,11.0,3500.0,4000.0,3750.0
2025-03-27 00:00:00+05:30,Warangal,Warangal,Capsicum,12.0,4500.0,5000.0,4750.0
2025-03-26 00:00:00+05:30,Warangal,Warangal,Capsicum,16.0,4500.0,5000.0,4750.0
2025-03-24 00:00:00+05:30,Warangal,Warangal,Capsicum,11.0,4500.0,5000.0,4750.0
2025-03-25 00:00:00+05:30,Warangal,Warangal,Capsicum,14.0,4500.0,5000.0,4750.0
,,,,,,,
